#Target name PANSTARRS (C/2017 K2)
#Obs. Start 2022-08-21 21:24:50.752
#Obs. End 2022-08-21 21:30:34.329
#Instrument used NIRSPEC
#Grating used G395M/F290LP
#Lower wavelength (um) 3.255
#Upper wavelength (um) 3.328
#Spectral plate scale (um) 0.001790000009350478
#Center pixel for extract (x,y) = 29,25
#Pixel scale (arcsec/pixel) 0.09999908561794624
#Aperture size (arcsec) 0.09999908561794624 0.09999908561794624
#X offset (arcsec) -0.2999972568538387
#Y offset (arcsec) -0.4999954280897312
#Wave (micron) Flux (Jy) Noise (Jy)
3.25574488757411 9.201724282411423e-06 4.3958026372612114e-07
3.2575348875834607 9.467291946575955e-06 4.0148908653882227e-07
3.259324887592811 1.0531657075952753e-05 4.086378420161539e-07
3.2611148876021616 1.0659254039594307e-05 4.3810660693247736e-07
3.262904887611512 9.636937063936461e-06 4.181743726043197e-07
3.2646948876208626 9.482156785275797e-06 4.1436483179941086e-07
3.266484887630213 9.53648037820336e-06 3.841667055370405e-07
3.2682748876395635 1.048819856025329e-05 4.0873843005473523e-07
3.270064887648914 1.4417086876806162e-05 4.807133184645547e-07
3.2718548876582645 1.20656413636124e-05 4.000062675477924e-07
3.273644887667615 9.75508827839514e-06 3.878271574970215e-07
3.2754348876769654 9.146872588271833e-06 3.8641665542175166e-07
3.277224887686316 9.75594364096946e-06 3.6501129666004307e-07
3.2790148876956664 1.2473349845001339e-05 4.454630108649416e-07
3.280804887705017 1.41614715444812e-05 4.3481698580553886e-07
3.2825948877143674 1.1042411642566026e-05 4.010081692423853e-07
3.284384887723718 9.716579030421304e-06 3.78987878535623e-07
3.2861748877330683 9.703641895636333e-06 3.9262896147694893e-07
3.287964887742419 9.724848431912867e-06 4.336540872113115e-07
3.2897548877517693 1.252217903346828e-05 4.38638714854677e-07
3.2915448877611198 1.288155325316284e-05 4.3153422932190194e-07
3.2933348877704702 1.0489601749382024e-05 3.896649485941199e-07
3.2951248877798207 8.637725637062918e-06 3.418534364918883e-07
3.296914887789171 8.882154010436317e-06 3.874912102595315e-07
3.2987048877985217 9.308789854449882e-06 4.833860463197819e-07
3.300494887807872 1.3272706792652154e-05 4.82797760398319e-07
3.3022848878172226 1.3982120662060932e-05 4.6489580736922433e-07
3.304074887826573 1.0825723376830867e-05 4.2456992260723885e-07
3.3058648878359236 1.001062829577645e-05 3.89091961020586e-07
3.307654887845274 9.684281472085715e-06 3.9878340839574777e-07
3.3094448878546245 1.024286102791725e-05 4.1035414293629175e-07
3.311234887863975 1.5839342342166302e-05 5.174230772490204e-07
3.3130248878733255 2.0714968191816957e-05 5.743212196231226e-07
3.314814887882676 1.5603879136906766e-05 5.031625513113282e-07
3.3166048878920265 1.0932857987567674e-05 4.255398826962655e-07
3.318394887901377 9.73560322654491e-06 4.035850722809139e-07
3.3201848879107274 1.0350731752567595e-05 4.230178127472922e-07
3.321974887920078 1.231771061734047e-05 4.6343142484877566e-07
3.3237648879294284 1.2894695710829907e-05 5.058247440405091e-07
3.325554887938779 1.2370883864164413e-05 4.968730810616316e-07
3.3273448879481293 1.0954116527019586e-05 4.35657750505736e-07
