#Target name PANSTARRS (C/2017 K2)
#Obs. Start 2022-08-21 21:24:50.752
#Obs. End 2022-08-21 21:30:34.329
#Instrument used NIRSPEC
#Grating used G395M/F290LP
#Lower wavelength (um) 3.255
#Upper wavelength (um) 3.328
#Spectral plate scale (um) 0.001790000009350478
#Center pixel for extract (x,y) = 29,25
#Pixel scale (arcsec/pixel) 0.09999908561794624
#Aperture size (arcsec) 0.09999908561794624 0.09999908561794624
#X offset (arcsec) -0.4999954280897312
#Y offset (arcsec) 0.39999634247178495
#Wave (micron) Flux (Jy) Noise (Jy)
3.25574488757411 1.066352816264649e-05 2.776885788514774e-07
3.2575348875834607 1.1466503814018431e-05 2.8478045585573954e-07
3.259324887592811 1.2678191249421518e-05 2.9702031099499066e-07
3.2611148876021616 1.3021345858036993e-05 3.189228380454418e-07
3.262904887611512 1.1514248108654214e-05 3.062846094430853e-07
3.2646948876208626 1.0978287244292665e-05 2.896435933221444e-07
3.266484887630213 1.1228816128101779e-05 2.7892247747070896e-07
3.2682748876395635 1.1727561547628636e-05 2.8271439435465193e-07
3.270064887648914 1.4195017179025858e-05 3.0936495701566073e-07
3.2718548876582645 1.42636210232335e-05 3.041303162613592e-07
3.273644887667615 1.1751508113283704e-05 2.7665072884114646e-07
3.2754348876769654 1.120594549021315e-05 2.7593296734133143e-07
3.277224887686316 1.1039647404812745e-05 2.908082010724591e-07
3.2790148876956664 1.2462502699902679e-05 3.12469400887172e-07
3.280804887705017 1.4682657230790108e-05 3.4097801234775664e-07
3.2825948877143674 1.3903048937292302e-05 3.253298477998316e-07
3.284384887723718 1.1994212312411383e-05 3.025890217169814e-07
3.2861748877330683 1.1307072837587331e-05 2.9417518252656274e-07
3.287964887742419 1.1209186722609551e-05 2.917324622503644e-07
3.2897548877517693 1.257146997426832e-05 3.084462996282057e-07
3.2915448877611198 1.3866618919727112e-05 3.2879582021223814e-07
3.2933348877704702 1.2321804522491773e-05 3.1241529629037525e-07
3.2951248877798207 1.0719627036388678e-05 2.934397130489251e-07
3.296914887789171 1.0939269620449185e-05 3.0572397822749414e-07
3.2987048877985217 1.1422663343961884e-05 3.241916058835851e-07
3.300494887807872 1.3419469616239892e-05 3.4202219464129633e-07
3.3022848878172226 1.5061096890505986e-05 3.733380249279132e-07
3.304074887826573 1.2384207436338828e-05 3.4063660141457765e-07
3.3058648878359236 1.1000096300118406e-05 3.448418258631758e-07
3.307654887845274 1.137514320094411e-05 3.726813167250532e-07
3.3094448878546245 1.1505716898072813e-05 3.352161109499949e-07
3.311234887863975 1.5197687713668509e-05 3.795902860090205e-07
3.3130248878733255 2.0993685486500333e-05 4.641152553974147e-07
3.314814887882676 1.8357354026095607e-05 4.489958645163714e-07
3.3166048878920265 1.2718889113793589e-05 3.8266872829284286e-07
3.318394887901377 1.1611260032321758e-05 3.4921782582574404e-07
3.3201848879107274 1.240549556380432e-05 3.728105961707395e-07
3.321974887920078 1.3045379394519849e-05 3.910121558562546e-07
3.3237648879294284 1.4193934975014116e-05 4.0186168256585664e-07
3.325554887938779 1.430142643512679e-05 3.9287785382979493e-07
3.3273448879481293 1.3413594154028657e-05 4.095463565428941e-07
