#Target name PANSTARRS (C/2017 K2)
#Obs. Start 2022-08-21 21:24:50.752
#Obs. End 2022-08-21 21:30:34.329
#Instrument used NIRSPEC
#Grating used G395M/F290LP
#Lower wavelength (um) 3.255
#Upper wavelength (um) 3.328
#Spectral plate scale (um) 0.001790000009350478
#Center pixel for extract (x,y) = 29,25
#Pixel scale (arcsec/pixel) 0.09999908561794624
#Aperture size (arcsec) 0.09999908561794624 0.09999908561794624
#X offset (arcsec) 0.09999908561794624
#Y offset (arcsec) 0.4999954280897312
#Wave (micron) Flux (Jy) Noise (Jy)
3.25574488757411 1.0813322412716174e-05 3.8374423577499923e-07
3.2575348875834607 1.069608215043308e-05 3.5703085462304354e-07
3.259324887592811 1.3318788778888785e-05 4.2623831111902734e-07
3.2611148876021616 1.378562397407597e-05 4.3626069033922624e-07
3.262904887611512 1.137898336646383e-05 3.795984675430778e-07
3.2646948876208626 1.0618092629676194e-05 3.392502516761482e-07
3.266484887630213 1.101157106974749e-05 3.4607409938317676e-07
3.2682748876395635 1.264130485916206e-05 3.8632780732416356e-07
3.270064887648914 1.6679245627695413e-05 4.352940925244697e-07
3.2718548876582645 1.559837755959437e-05 3.9988082669856447e-07
3.273644887667615 1.2611115222642222e-05 3.768191275745353e-07
3.2754348876769654 1.1681507356192637e-05 3.657765502839236e-07
3.277224887686316 1.1346446414200208e-05 3.402146079747247e-07
3.2790148876956664 1.4233944245615665e-05 3.706361573623449e-07
3.280804887705017 1.7181357804524755e-05 4.009269703187618e-07
3.2825948877143674 1.4823237056146704e-05 3.8821788178616236e-07
3.284384887723718 1.1794362316221016e-05 3.502509406331446e-07
3.2861748877330683 1.1834103501487426e-05 3.1252821266794703e-07
3.287964887742419 1.21934355806778e-05 3.25387931087848e-07
3.2897548877517693 1.4453977750097976e-05 3.767198564267099e-07
3.2915448877611198 1.6144981142778957e-05 3.889270975055408e-07
3.2933348877704702 1.420665333781991e-05 3.429087703284239e-07
3.2951248877798207 1.2222793166391591e-05 3.3978625423271067e-07
3.296914887789171 1.1066075777182403e-05 3.3392334451208395e-07
3.2987048877985217 1.0967762877523936e-05 3.059861515637071e-07
3.300494887807872 1.5262194962905426e-05 3.538674868949483e-07
3.3022848878172226 1.801957726309939e-05 3.7911951157329836e-07
3.304074887826573 1.4727197053894843e-05 3.3746914291945376e-07
3.3058648878359236 1.1729840721280544e-05 3.0014319133708313e-07
3.307654887845274 1.1764303584246093e-05 2.9591202133870056e-07
3.3094448878546245 1.2248249617345564e-05 3.0301219195282897e-07
3.311234887863975 1.758319530673482e-05 3.5007282415368474e-07
3.3130248878733255 2.4828428330276748e-05 4.059826540250359e-07
3.314814887882676 2.1357583982452774e-05 3.792963111620025e-07
3.3166048878920265 1.4086410340461976e-05 3.163299922230823e-07
3.318394887901377 1.2171412235905243e-05 3.0741203604376286e-07
3.3201848879107274 1.2492894969485196e-05 3.0393129764352e-07
3.321974887920078 1.4299322099736927e-05 3.126645248706483e-07
3.3237648879294284 1.551181917078426e-05 3.370989565223129e-07
3.325554887938779 1.5197242996858379e-05 3.29635211983775e-07
3.3273448879481293 1.4760457567581395e-05 3.2456069954158814e-07
