#Target name PANSTARRS (C/2017 K2)
#Obs. Start 2022-08-21 21:24:50.752
#Obs. End 2022-08-21 21:30:34.329
#Instrument used NIRSPEC
#Grating used G395M/F290LP
#Lower wavelength (um) 3.255
#Upper wavelength (um) 3.328
#Spectral plate scale (um) 0.001790000009350478
#Center pixel for extract (x,y) = 29,25
#Pixel scale (arcsec/pixel) 0.09999908561794624
#Aperture size (arcsec) 0.09999908561794624 0.09999908561794624
#X offset (arcsec) -0.39999634247178495
#Y offset (arcsec) 0.6999935993256237
#Wave (micron) Flux (Jy) Noise (Jy)
3.25574488757411 8.075573104440328e-06 2.843950551675264e-07
3.2575348875834607 8.635067198873337e-06 2.8462021546781577e-07
3.259324887592811 9.37483119736045e-06 2.931507255754078e-07
3.2611148876021616 9.141481293555495e-06 2.993421014732735e-07
3.262904887611512 8.302391230096518e-06 2.899156013105976e-07
3.2646948876208626 8.139129950816891e-06 2.7469640692163604e-07
3.266484887630213 8.283160814484345e-06 2.612241381676226e-07
3.2682748876395635 9.174543657211728e-06 2.846610110622933e-07
3.270064887648914 1.1654116028472014e-05 3.19611487853868e-07
3.2718548876582645 1.1168820602632133e-05 3.105072056420791e-07
3.273644887667615 8.805835764143301e-06 2.981894858345223e-07
3.2754348876769654 8.234508257492394e-06 2.855268527247551e-07
3.277224887686316 8.312087132485088e-06 2.8392817536616723e-07
3.2790148876956664 1.0039317013062104e-05 2.910101616802847e-07
3.280804887705017 1.194381764904427e-05 2.9565567594455574e-07
3.2825948877143674 1.1112942294082063e-05 2.9160845036770123e-07
3.284384887723718 9.182996863030061e-06 2.83593208792006e-07
3.2861748877330683 8.560391535637089e-06 2.7908268983968043e-07
3.287964887742419 8.845318726745767e-06 2.6498335693428865e-07
3.2897548877517693 1.0655274900071421e-05 2.9690436857057583e-07
3.2915448877611198 1.1713318953820383e-05 3.135627284229601e-07
3.2933348877704702 1.0036401248815051e-05 3.0378806475961265e-07
3.2951248877798207 8.45817660461233e-06 2.749493340036062e-07
3.296914887789171 8.113708467515326e-06 2.646261433120401e-07
3.2987048877985217 8.290384772829518e-06 2.7429893006500274e-07
3.300494887807872 1.0249443016028448e-05 3.1570760723672984e-07
3.3022848878172226 1.2092463346223281e-05 3.4480769877933404e-07
3.304074887826573 1.0033611009474084e-05 3.0742083399476967e-07
3.3058648878359236 7.87870791119536e-06 2.7412123386982655e-07
3.307654887845274 8.507261325923803e-06 2.655041732187311e-07
3.3094448878546245 9.359557506109359e-06 2.79969713830044e-07
3.311234887863975 1.2052934656690742e-05 3.1151381452065017e-07
3.3130248878733255 1.622101337160739e-05 3.48391574942813e-07
3.314814887882676 1.4663154246810438e-05 3.5152202040201325e-07
3.3166048878920265 9.853522219927333e-06 3.132204769212136e-07
3.318394887901377 8.884445736578835e-06 2.8066007279455753e-07
3.3201848879107274 9.198828243506755e-06 2.7116884885218165e-07
3.321974887920078 1.0057739586242975e-05 2.811122986838894e-07
3.3237648879294284 1.0771177425498241e-05 2.915022585386698e-07
3.325554887938779 1.0918621670004726e-05 2.7540153187398584e-07
3.3273448879481293 1.0407636675528142e-05 2.896811106992086e-07
