#Target name PANSTARRS (C/2017 K2)
#Obs. Start 2022-08-21 21:24:50.752
#Obs. End 2022-08-21 21:30:34.329
#Instrument used NIRSPEC
#Grating used G395M/F290LP
#Lower wavelength (um) 3.255
#Upper wavelength (um) 3.328
#Spectral plate scale (um) 0.001790000009350478
#Center pixel for extract (x,y) = 29,25
#Pixel scale (arcsec/pixel) 0.09999908561794624
#Aperture size (arcsec) 0.09999908561794624 0.09999908561794624
#X offset (arcsec) 0.09999908561794624
#Y offset (arcsec) -0.19999817123589247
#Wave (micron) Flux (Jy) Noise (Jy)
3.25574488757411 2.396085576902068e-05 5.476578803198873e-07
3.2575348875834607 2.420918707036684e-05 5.427551240549994e-07
3.259324887592811 2.8099006656507326e-05 5.976207716328109e-07
3.2611148876021616 2.8367176272653698e-05 5.864302262553613e-07
3.262904887611512 2.522747021350701e-05 5.424595241087509e-07
3.2646948876208626 2.3630407867326866e-05 4.96962517557217e-07
3.266484887630213 2.414405578302539e-05 5.280172112088541e-07
3.2682748876395635 2.810355065810759e-05 5.746341352818623e-07
3.270064887648914 3.6095178084997316e-05 7.99025483445685e-07
3.2718548876582645 3.175314605862204e-05 6.396815899181811e-07
3.273644887667615 2.567941367180019e-05 5.384634051008024e-07
3.2754348876769654 2.465779873900995e-05 5.054812316859113e-07
3.277224887686316 2.4729557741392672e-05 5.171070234676285e-07
3.2790148876956664 3.200001768463173e-05 5.84262287843889e-07
3.280804887705017 3.9190758553229354e-05 6.512375584708887e-07
3.2825948877143674 3.136572240205639e-05 5.426660798247456e-07
3.284384887723718 2.6899653836340004e-05 4.97755509943826e-07
3.2861748877330683 2.4021715623129368e-05 4.811418403202823e-07
3.287964887742419 2.6062356089218623e-05 4.94950868861401e-07
3.2897548877517693 3.265739879064899e-05 5.720460246624333e-07
3.2915448877611198 3.5089795315776766e-05 6.01551214216683e-07
3.2933348877704702 2.8512747506240104e-05 4.977704160264236e-07
3.2951248877798207 2.4829066714084834e-05 4.725222019255797e-07
3.296914887789171 2.4580629613174973e-05 4.834767716871709e-07
3.2987048877985217 2.5999993522662808e-05 4.788904614690063e-07
3.300494887807872 3.6543233857627754e-05 6.477766014509351e-07
3.3022848878172226 3.9003335522741364e-05 5.838154415933893e-07
3.304074887826573 2.9875845773181956e-05 4.59377362647572e-07
3.3058648878359236 2.57657156311593e-05 4.133729328707716e-07
3.307654887845274 2.5788383635985248e-05 3.989463666220399e-07
3.3094448878546245 2.6555364123930937e-05 4.1829972939669094e-07
3.311234887863975 4.210631120115473e-05 5.468491973200177e-07
3.3130248878733255 5.796804001371477e-05 6.238901644673965e-07
3.314814887882676 4.5524314943155885e-05 5.078950083844344e-07
3.3166048878920265 3.135335281916821e-05 4.2718837775195577e-07
3.318394887901377 2.7020204369717844e-05 4.0246058767022274e-07
3.3201848879107274 2.8712253205545214e-05 4.1340818071270343e-07
3.321974887920078 3.2666303886129234e-05 4.302478512051042e-07
3.3237648879294284 3.408778378689106e-05 4.340235170967415e-07
3.325554887938779 3.3048100440476404e-05 4.3651274883367667e-07
3.3273448879481293 3.186718364258703e-05 4.2966718643865355e-07
