#Target name PANSTARRS (C/2017 K2)
#Obs. Start 2022-08-21 21:24:50.752
#Obs. End 2022-08-21 21:30:34.329
#Instrument used NIRSPEC
#Grating used G395M/F290LP
#Lower wavelength (um) 3.255
#Upper wavelength (um) 3.328
#Spectral plate scale (um) 0.001790000009350478
#Center pixel for extract (x,y) = 29,25
#Pixel scale (arcsec/pixel) 0.09999908561794624
#Aperture size (arcsec) 0.09999908561794624 0.09999908561794624
#X offset (arcsec) 0.09999908561794624
#Y offset (arcsec) 0.0
#Wave (micron) Flux (Jy) Noise (Jy)
3.25574488757411 4.450672756663802e-05 6.947040875906939e-07
3.2575348875834607 4.607201238623635e-05 6.961271701755245e-07
3.259324887592811 5.4142195092566814e-05 8.033096372827743e-07
3.2611148876021616 5.707938464787531e-05 8.021781759529727e-07
3.262904887611512 4.9785752806973014e-05 7.065168778597347e-07
3.2646948876208626 4.707893373216291e-05 6.768764128040168e-07
3.266484887630213 4.8107954634412155e-05 7.03174328931994e-07
3.2682748876395635 5.3442135518480756e-05 7.633816776806582e-07
3.270064887648914 7.135436029547064e-05 9.512949837951314e-07
3.2718548876582645 6.741013821503307e-05 9.164727497480098e-07
3.273644887667615 5.4330977378466405e-05 7.909300796475994e-07
3.2754348876769654 4.85896474954474e-05 7.299120305345034e-07
3.277224887686316 4.924247025416085e-05 7.494139497939896e-07
3.2790148876956664 5.9573109055690165e-05 9.118324189899051e-07
3.280804887705017 7.377816733059634e-05 9.989900771507598e-07
3.2825948877143674 6.430201960189611e-05 8.651941444752817e-07
3.284384887723718 5.298990155969064e-05 7.784610294789348e-07
3.2861748877330683 5.0453803530007485e-05 7.80785537795586e-07
3.287964887742419 4.979663760954351e-05 7.88934009489235e-07
3.2897548877517693 5.951409441770094e-05 9.281999140989714e-07
3.2915448877611198 7.007941458364619e-05 1.0758166993134181e-06
3.2933348877704702 5.9931769576632996e-05 9.656970614795957e-07
3.2951248877798207 5.039449480509541e-05 9.152642362995176e-07
3.296914887789171 4.9324699826923975e-05 9.413379447715819e-07
3.2987048877985217 5.1592676657210254e-05 9.740994969564482e-07
3.300494887807872 6.853453294092544e-05 1.2192161278729423e-06
3.3022848878172226 7.777937054554458e-05 1.2626439348007364e-06
3.304074887826573 6.32516487063348e-05 1.0233590565299662e-06
3.3058648878359236 5.128322189945263e-05 8.607901255604624e-07
3.307654887845274 5.1362281071730656e-05 8.380763377665344e-07
3.3094448878546245 5.477435286531283e-05 8.635627689994167e-07
3.311234887863975 7.817714104079751e-05 1.0889231806457943e-06
3.3130248878733255 0.0001120865324175869 1.3674063489641592e-06
3.314814887882676 9.681459851518225e-05 1.25855697834959e-06
3.3166048878920265 6.311512781847711e-05 9.793690773442067e-07
3.318394887901377 5.445797271916522e-05 8.861530492518221e-07
3.3201848879107274 5.510501057292111e-05 9.148772385310264e-07
3.321974887920078 6.127993934581548e-05 9.617168011986213e-07
3.3237648879294284 6.619831359883975e-05 9.765211189616016e-07
3.325554887938779 6.495366601291824e-05 9.786459642245117e-07
3.3273448879481293 3.4997412571324324e-05 1.2524903148081936e-06
