#Target name PANSTARRS (C/2017 K2)
#Obs. Start 2022-08-21 21:24:50.752
#Obs. End 2022-08-21 21:30:34.329
#Instrument used NIRSPEC
#Grating used G395M/F290LP
#Lower wavelength (um) 3.255
#Upper wavelength (um) 3.328
#Spectral plate scale (um) 0.001790000009350478
#Center pixel for extract (x,y) = 29,25
#Pixel scale (arcsec/pixel) 0.09999908561794624
#Aperture size (arcsec) 0.09999908561794624 0.09999908561794624
#X offset (arcsec) -0.7999926849435699
#Y offset (arcsec) -0.4999954280897312
#Wave (micron) Flux (Jy) Noise (Jy)
3.25574488757411 6.459397798095847e-06 3.6670366939495843e-07
3.2575348875834607 6.904646744165591e-06 3.865544526289223e-07
3.259324887592811 7.400758382180848e-06 4.0568873521592245e-07
3.2611148876021616 7.280740881350631e-06 4.4084456290854506e-07
3.262904887611512 7.646234888520055e-06 3.910679415901864e-07
3.2646948876208626 5.971178538550664e-06 3.518100832501063e-07
3.266484887630213 7.529072631000026e-06 3.5847192537521934e-07
3.2682748876395635 7.540307110094605e-06 3.837746923760961e-07
3.270064887648914 9.528038828269167e-06 4.470298586937723e-07
3.2718548876582645 8.674821833236828e-06 4.101372202079642e-07
3.273644887667615 6.96883211167905e-06 3.924645182461875e-07
3.2754348876769654 5.938688209823588e-06 3.6830898724522983e-07
3.277224887686316 7.130930492364449e-06 3.387137167594929e-07
3.2790148876956664 8.205195502102204e-06 3.7379806810492314e-07
3.280804887705017 1.0071052399139727e-05 4.206386114358469e-07
3.2825948877143674 7.916157370319252e-06 4.0673423440021793e-07
3.284384887723718 7.156620957607623e-06 4.3824765433810915e-07
3.2861748877330683 7.0801372874205184e-06 3.821374049013062e-07
3.287964887742419 6.506702307257096e-06 3.4315077001901625e-07
3.2897548877517693 7.251021514925373e-06 3.680198596769513e-07
3.2915448877611198 1.0071489046491609e-05 3.8636969565777894e-07
3.2933348877704702 7.345168780914774e-06 3.548744880388509e-07
3.2951248877798207 5.952981461897509e-06 3.209738253502183e-07
3.296914887789171 6.586136261040427e-06 3.4228363948475085e-07
3.2987048877985217 6.5462529636482e-06 3.222977488630325e-07
3.300494887807872 8.522537706994308e-06 3.57478793612681e-07
3.3022848878172226 9.280425708707102e-06 3.5338463629080604e-07
3.304074887826573 7.259686319871105e-06 3.3389078648956824e-07
3.3058648878359236 7.244352107683152e-06 2.789653184487008e-07
3.307654887845274 6.474858431796355e-06 2.7297380173724177e-07
3.3094448878546245 7.434885914325857e-06 3.005702001693891e-07
3.311234887863975 1.0206407698583786e-05 3.3767676335563404e-07
3.3130248878733255 1.4212475003642824e-05 3.677887033208802e-07
3.314814887882676 1.0935368485689367e-05 3.162058962835625e-07
3.3166048878920265 7.854877904381654e-06 2.9825081932099983e-07
3.318394887901377 7.3445357767455185e-06 2.7760973351984296e-07
3.3201848879107274 7.4800421543801134e-06 2.8109327381531093e-07
3.321974887920078 8.577708593037942e-06 3.25623542457327e-07
3.3237648879294284 8.809484055878007e-06 3.016641441221267e-07
3.325554887938779 8.449148674045424e-06 2.9752064542533753e-07
3.3273448879481293 8.338679583839127e-06 2.920902642706102e-07
