#Target name PANSTARRS (C/2017 K2)
#Obs. Start 2022-08-21 21:24:50.752
#Obs. End 2022-08-21 21:30:34.329
#Instrument used NIRSPEC
#Grating used G395M/F290LP
#Lower wavelength (um) 3.255
#Upper wavelength (um) 3.328
#Spectral plate scale (um) 0.001790000009350478
#Center pixel for extract (x,y) = 29,25
#Pixel scale (arcsec/pixel) 0.09999908561794624
#Aperture size (arcsec) 0.09999908561794624 0.09999908561794624
#X offset (arcsec) 0.0
#Y offset (arcsec) 0.09999908561794624
#Wave (micron) Flux (Jy) Noise (Jy)
3.25574488757411 4.5682336454212954e-05 5.975948821209309e-07
3.2575348875834607 4.669356151120527e-05 6.15287841785185e-07
3.259324887592811 5.405760206514341e-05 6.836262904771026e-07
3.2611148876021616 5.5947670026745246e-05 6.83917183239373e-07
3.262904887611512 5.059755823888154e-05 6.422306981560767e-07
3.2646948876208626 4.781790244070933e-05 6.102998518675495e-07
3.266484887630213 4.784522741955102e-05 6.206506132081305e-07
3.2682748876395635 5.232275820240588e-05 6.651764828746433e-07
3.270064887648914 6.791900901144858e-05 8.164848771239744e-07
3.2718548876582645 6.489870762260849e-05 7.690872329654431e-07
3.273644887667615 5.3528797913641626e-05 6.977207200658505e-07
3.2754348876769654 4.979457182823194e-05 6.806110589495586e-07
3.277224887686316 4.972863180185271e-05 6.612726022575051e-07
3.2790148876956664 5.884648482505071e-05 7.551672493734102e-07
3.280804887705017 7.19144524264205e-05 8.467320085338319e-07
3.2825948877143674 6.384882448096797e-05 7.601713221696379e-07
3.284384887723718 5.276773682162431e-05 6.842954390947622e-07
3.2861748877330683 4.993145853153023e-05 6.734262150617276e-07
3.287964887742419 4.990763031792947e-05 6.776146001200229e-07
3.2897548877517693 5.838119986245367e-05 7.988843800021487e-07
3.2915448877611198 6.645409749318145e-05 8.953907857331828e-07
3.2933348877704702 5.848159826876608e-05 8.41494649941162e-07
3.2951248877798207 4.9997843274719594e-05 7.779781508558402e-07
3.296914887789171 4.890734744632185e-05 7.858123619810415e-07
3.2987048877985217 5.080717048633942e-05 8.161504429099059e-07
3.300494887807872 6.381752215581634e-05 9.59888620602145e-07
3.3022848878172226 7.31098368663426e-05 1.0048461502470374e-06
3.304074887826573 6.216430175986685e-05 8.515471215160785e-07
3.3058648878359236 5.2075775397193656e-05 7.229861938412812e-07
3.307654887845274 5.2268481233014865e-05 7.003724897447939e-07
3.3094448878546245 5.521579526860556e-05 7.129283426275324e-07
3.311234887863975 7.579724620424612e-05 8.708892767098291e-07
3.3130248878733255 0.00010575402326401972 1.111518336195891e-06
3.314814887882676 9.491965301437256e-05 1.0627531430158907e-06
3.3166048878920265 6.529688697041265e-05 8.217922830972719e-07
3.318394887901377 5.606272615566247e-05 7.378579252033775e-07
3.3201848879107274 5.677702384052442e-05 7.331812818831554e-07
3.321974887920078 6.349529613547106e-05 7.747975514721105e-07
3.3237648879294284 6.794500342628579e-05 8.013739199475586e-07
3.325554887938779 6.67675654615079e-05 7.836978837304641e-07
3.3273448879481293 6.452942769461089e-05 7.734683323773211e-07
