#Target name PANSTARRS (C/2017 K2)
#Obs. Start 2022-08-21 21:24:50.752
#Obs. End 2022-08-21 21:30:34.329
#Instrument used NIRSPEC
#Grating used G395M/F290LP
#Lower wavelength (um) 3.255
#Upper wavelength (um) 3.328
#Spectral plate scale (um) 0.001790000009350478
#Center pixel for extract (x,y) = 29,25
#Pixel scale (arcsec/pixel) 0.09999908561794624
#Aperture size (arcsec) 0.09999908561794624 0.09999908561794624
#X offset (arcsec) 0.2999972568538387
#Y offset (arcsec) 0.19999817123589247
#Wave (micron) Flux (Jy) Noise (Jy)
3.25574488757411 1.435534386532252e-05 3.69143279567457e-07
3.2575348875834607 1.4311491739381838e-05 3.7271138106081854e-07
3.259324887592811 1.6446805779459573e-05 4.378108668914676e-07
3.2611148876021616 1.6518654442489502e-05 4.104517049280299e-07
3.262904887611512 1.4453936506200263e-05 3.982856236900557e-07
3.2646948876208626 1.416700539962659e-05 4.1020426956070085e-07
3.266484887630213 1.444766922696075e-05 4.195424539858815e-07
3.2682748876395635 1.6598221094030697e-05 4.4350409383726204e-07
3.270064887648914 2.086473375047954e-05 4.760631810731623e-07
3.2718548876582645 1.9892921720784863e-05 4.960054461862258e-07
3.273644887667615 1.6400067477285416e-05 4.4787855275745646e-07
3.2754348876769654 1.4602017341301892e-05 4.4425051872522987e-07
3.277224887686316 1.5173063313520583e-05 4.522683940824367e-07
3.2790148876956664 1.732496188351152e-05 4.478414556646761e-07
3.280804887705017 2.0733036605441375e-05 5.002055992044664e-07
3.2825948877143674 1.844319512972809e-05 4.73428615030901e-07
3.284384887723718 1.5848511039949315e-05 4.4280546928183444e-07
3.2861748877330683 1.5627569273110833e-05 4.848553041379222e-07
3.287964887742419 1.5430800016758375e-05 4.594849834431682e-07
3.2897548877517693 1.787084280187965e-05 4.724393779027255e-07
3.2915448877611198 1.9987024156450664e-05 5.330402248168034e-07
3.2933348877704702 1.6658935697890913e-05 4.920013137579333e-07
3.2951248877798207 1.4645295639100477e-05 4.6756861928130834e-07
3.296914887789171 1.4353481613680107e-05 4.50840604313628e-07
3.2987048877985217 1.4628226941692375e-05 4.898109601846602e-07
3.300494887807872 1.984696167302843e-05 5.743135424302058e-07
3.3022848878172226 2.3181815924026145e-05 5.781446858473003e-07
3.304074887826573 1.8933653215633937e-05 4.98289439097922e-07
3.3058648878359236 1.5097208612773607e-05 4.404566685335816e-07
3.307654887845274 1.5030099411554848e-05 4.3425800770813055e-07
3.3094448878546245 1.5780125071114382e-05 4.5779636524785447e-07
3.311234887863975 2.1614879555306324e-05 5.286204592508191e-07
3.3130248878733255 2.953323450808853e-05 5.829511689922535e-07
3.314814887882676 2.612236954681771e-05 5.25026636359291e-07
3.3166048878920265 1.813159210286347e-05 4.389356316916813e-07
3.318394887901377 1.562523450985766e-05 4.074939122526005e-07
3.3201848879107274 1.6250040109533e-05 4.363134220073627e-07
3.321974887920078 1.91023604826247e-05 4.729590734290779e-07
3.3237648879294284 2.0561747111811163e-05 4.797520442507259e-07
3.325554887938779 1.926119611235837e-05 4.650662746747197e-07
3.3273448879481293 1.8701607874245795e-05 4.445992145859941e-07
