#Target name PANSTARRS (C/2017 K2)
#Obs. Start 2022-08-21 21:24:50.752
#Obs. End 2022-08-21 21:30:34.329
#Instrument used NIRSPEC
#Grating used G395M/F290LP
#Lower wavelength (um) 3.255
#Upper wavelength (um) 3.328
#Spectral plate scale (um) 0.001790000009350478
#Center pixel for extract (x,y) = 29,25
#Pixel scale (arcsec/pixel) 0.09999908561794624
#Aperture size (arcsec) 0.09999908561794624 0.09999908561794624
#X offset (arcsec) -0.6999935993256237
#Y offset (arcsec) -0.2999972568538387
#Wave (micron) Flux (Jy) Noise (Jy)
3.25574488757411 8.557672128207411e-06 3.260811479854912e-07
3.2575348875834607 8.746731465506857e-06 3.1446824492180935e-07
3.259324887592811 1.0050207195271423e-05 3.21903382110099e-07
3.2611148876021616 9.86484815288206e-06 3.225689162829181e-07
3.262904887611512 8.81425220909628e-06 3.295829286188745e-07
3.2646948876208626 8.36179768511404e-06 2.955055223794424e-07
3.266484887630213 8.147758891503741e-06 2.7855660599221476e-07
3.2682748876395635 9.66900060798285e-06 3.1891877529736537e-07
3.270064887648914 1.2058160975816224e-05 3.3460047853113495e-07
3.2718548876582645 1.1578209324549662e-05 3.3576909299162156e-07
3.273644887667615 9.444498416843921e-06 2.89202238786286e-07
3.2754348876769654 8.855702326298387e-06 2.894466200878196e-07
3.277224887686316 8.796822179279948e-06 3.0200339759598235e-07
3.2790148876956664 1.006104896073125e-05 3.213024596411708e-07
3.280804887705017 1.1916057816063644e-05 3.375150659821932e-07
3.2825948877143674 1.0450637025320394e-05 3.174956366746303e-07
3.284384887723718 9.695369804325352e-06 3.157575930475457e-07
3.2861748877330683 9.125219541972224e-06 3.1891087395283057e-07
3.287964887742419 9.091581556960945e-06 3.3533555574344114e-07
3.2897548877517693 1.0292162727994954e-05 3.320555170981725e-07
3.2915448877611198 1.1188240202209906e-05 3.4330064339460704e-07
3.2933348877704702 9.785955749407836e-06 3.2753482726617985e-07
3.2951248877798207 8.763597529852277e-06 3.5157973944365043e-07
3.296914887789171 8.331416174809186e-06 3.3040556505696525e-07
3.2987048877985217 8.377935705004168e-06 3.278942824046085e-07
3.300494887807872 1.0440279427355464e-05 3.556039894796591e-07
3.3022848878172226 1.190338428358145e-05 3.926590258127143e-07
3.304074887826573 1.0346122298694872e-05 3.5805811346942365e-07
3.3058648878359236 8.983015962294775e-06 3.903679441060986e-07
3.307654887845274 9.053794973803569e-06 3.7674843575800594e-07
3.3094448878546245 9.136900531089877e-06 3.8111773919098625e-07
3.311234887863975 1.3567305677774656e-05 4.466181762283477e-07
3.3130248878733255 1.637851664412362e-05 4.774887853636955e-07
3.314814887882676 1.3199235271907845e-05 4.0233284926691023e-07
3.3166048878920265 1.0128144712852931e-05 3.6404478290214325e-07
3.318394887901377 9.032779414705576e-06 3.806121371976161e-07
3.3201848879107274 9.771128568179818e-06 3.869321481052664e-07
3.321974887920078 1.1094019414489799e-05 4.1083702155938626e-07
3.3237648879294284 1.139080512279759e-05 4.114690730842653e-07
3.325554887938779 1.1094518824294722e-05 4.123203729105088e-07
3.3273448879481293 1.0849448480687346e-05 4.1070143784944346e-07
