#Target name PANSTARRS (C/2017 K2)
#Obs. Start 2022-08-21 21:24:50.752
#Obs. End 2022-08-21 21:30:34.329
#Instrument used NIRSPEC
#Grating used G395M/F290LP
#Lower wavelength (um) 3.255
#Upper wavelength (um) 3.328
#Spectral plate scale (um) 0.001790000009350478
#Center pixel for extract (x,y) = 29,25
#Pixel scale (arcsec/pixel) 0.09999908561794624
#Aperture size (arcsec) 0.09999908561794624 0.09999908561794624
#X offset (arcsec) -0.6999935993256237
#Y offset (arcsec) -0.7999926849435699
#Wave (micron) Flux (Jy) Noise (Jy)
3.25574488757411 5.321193539321206e-06 2.603794508141104e-07
3.2575348875834607 5.506666450732518e-06 2.637081303604868e-07
3.259324887592811 6.3711806873124756e-06 2.7789681570460717e-07
3.2611148876021616 6.519313973892718e-06 2.789056380804061e-07
3.262904887611512 5.3714115712133275e-06 2.5174221651739414e-07
3.2646948876208626 5.521362727415618e-06 2.482444425941827e-07
3.266484887630213 5.925916050629471e-06 2.9121867872293696e-07
3.2682748876395635 5.955657383913293e-06 2.9553029113323235e-07
3.270064887648914 7.982886410393871e-06 3.0827818591469943e-07
3.2718548876582645 7.1959156328509614e-06 2.9657433333201077e-07
3.273644887667615 6.578118357664268e-06 3.0475270124771164e-07
3.2754348876769654 5.7672705014678725e-06 3.042465388752965e-07
3.277224887686316 5.5276152126483435e-06 2.8181560240434293e-07
3.2790148876956664 6.995291865275228e-06 3.065858692176885e-07
3.280804887705017 8.233852838161337e-06 3.740128333739274e-07
3.2825948877143674 7.039861276393539e-06 3.155399418264596e-07
3.284384887723718 5.327845014433986e-06 2.926526326612409e-07
3.2861748877330683 5.201897358397739e-06 2.7691973880170877e-07
3.287964887742419 5.407435426046688e-06 3.1556613954681433e-07
3.2897548877517693 6.866050525363967e-06 3.349060532243849e-07
3.2915448877611198 7.050722767195753e-06 3.526384915923607e-07
3.2933348877704702 6.33547602438316e-06 3.232059271623456e-07
3.2951248877798207 5.58065755492737e-06 3.1413462325735615e-07
3.296914887789171 6.092085473001139e-06 3.060438425863921e-07
3.2987048877985217 5.992087849781721e-06 2.876181032639164e-07
3.300494887807872 7.621264398273923e-06 3.177051904185159e-07
3.3022848878172226 8.347435842645008e-06 3.253335463015287e-07
3.304074887826573 6.580861525165454e-06 2.8481060424836164e-07
3.3058648878359236 5.653935408673721e-06 2.799111262008871e-07
3.307654887845274 5.8216662712164345e-06 2.5725589801716386e-07
3.3094448878546245 6.524022054477366e-06 2.9388633514780676e-07
3.311234887863975 8.603476166437713e-06 3.4432232646948916e-07
3.3130248878733255 1.1836608619970287e-05 3.75772535651102e-07
3.314814887882676 8.911122468941245e-06 3.580940617851617e-07
3.3166048878920265 6.340137033128025e-06 2.842331336424676e-07
3.318394887901377 5.754876710204954e-06 2.915419613940095e-07
3.3201848879107274 6.468948001932711e-06 2.808588112228742e-07
3.321974887920078 6.945686663906742e-06 2.8267463546140765e-07
3.3237648879294284 7.3896740846703344e-06 2.716473004808205e-07
3.325554887938779 7.397840376417615e-06 2.704760522388223e-07
3.3273448879481293 7.158983067358196e-06 2.6903957659481573e-07
