#Target name PANSTARRS (C/2017 K2)
#Obs. Start 2022-08-21 21:24:50.752
#Obs. End 2022-08-21 21:30:34.329
#Instrument used NIRSPEC
#Grating used G395M/F290LP
#Lower wavelength (um) 3.255
#Upper wavelength (um) 3.328
#Spectral plate scale (um) 0.001790000009350478
#Center pixel for extract (x,y) = 29,25
#Pixel scale (arcsec/pixel) 0.09999908561794624
#Aperture size (arcsec) 0.09999908561794624 0.09999908561794624
#X offset (arcsec) 0.6999935993256237
#Y offset (arcsec) 0.19999817123589247
#Wave (micron) Flux (Jy) Noise (Jy)
3.25574488757411 7.093276158661696e-06 3.7217969342290273e-07
3.2575348875834607 7.311626732796002e-06 3.373924270281904e-07
3.259324887592811 7.9500239899809e-06 3.7095142661307367e-07
3.2611148876021616 8.785933790283575e-06 3.584110121730256e-07
3.262904887611512 7.711449560263407e-06 3.1616717409155153e-07
3.2646948876208626 7.3282493684842664e-06 3.2309659721066204e-07
3.266484887630213 7.504471542620374e-06 3.24074066378892e-07
3.2682748876395635 7.5560282079752395e-06 3.276887353708948e-07
3.270064887648914 1.055572109705566e-05 3.798468555547833e-07
3.2718548876582645 1.0253348633820626e-05 3.548132105902778e-07
3.273644887667615 8.393891713780475e-06 2.9163719781271083e-07
3.2754348876769654 7.634395200056852e-06 3.26734269762463e-07
3.277224887686316 7.975050069828298e-06 3.75067158528182e-07
3.2790148876956664 8.978584933109986e-06 3.8373944453416424e-07
3.280804887705017 1.104551748738515e-05 3.6814913912263764e-07
3.2825948877143674 9.641987648193424e-06 3.190724592504624e-07
3.284384887723718 7.188766092842967e-06 2.8507798910969333e-07
3.2861748877330683 7.371989418615946e-06 2.8952964024333943e-07
3.287964887742419 7.4452883426143885e-06 2.773815191537582e-07
3.2897548877517693 8.96153147801191e-06 3.1364927896646357e-07
3.2915448877611198 1.0354960148689704e-05 3.319423205310783e-07
3.2933348877704702 8.328483375039165e-06 3.079846873898697e-07
3.2951248877798207 7.271796335185624e-06 2.7052589795487694e-07
3.296914887789171 6.891658502811713e-06 2.542407225275244e-07
3.2987048877985217 7.38937282489573e-06 2.88511935859677e-07
3.300494887807872 9.794353365624901e-06 3.199584465395927e-07
3.3022848878172226 1.1397431044625917e-05 3.316615426105706e-07
3.304074887826573 9.427651181234412e-06 2.8347583740102635e-07
3.3058648878359236 8.146000646212084e-06 2.803182415770948e-07
3.307654887845274 7.48925792400291e-06 2.5586641015608226e-07
3.3094448878546245 7.479155858882508e-06 2.5631415301305397e-07
3.311234887863975 1.1280994141741766e-05 3.1956945942549143e-07
3.3130248878733255 1.603314741752222e-05 3.5288601101654643e-07
3.314814887882676 1.3819000149997415e-05 3.1946864723529215e-07
3.3166048878920265 9.572733764293562e-06 2.6851923663256156e-07
3.318394887901377 8.11583521806699e-06 2.5927463550789943e-07
3.3201848879107274 8.097219874494631e-06 2.58687302230813e-07
3.321974887920078 9.374484210655772e-06 2.928891686561443e-07
3.3237648879294284 1.0401534371879483e-05 2.94295523926481e-07
3.325554887938779 1.0485070300272367e-05 3.0411569036828414e-07
3.3273448879481293 9.879097022935614e-06 2.889018475992025e-07
