#Target name PANSTARRS (C/2017 K2)
#Obs. Start 2022-08-21 21:24:50.752
#Obs. End 2022-08-21 21:30:34.329
#Instrument used NIRSPEC
#Grating used G395M/F290LP
#Lower wavelength (um) 3.255
#Upper wavelength (um) 3.328
#Spectral plate scale (um) 0.001790000009350478
#Center pixel for extract (x,y) = 29,25
#Pixel scale (arcsec/pixel) 0.09999908561794624
#Aperture size (arcsec) 0.09999908561794624 0.09999908561794624
#X offset (arcsec) 0.39999634247178495
#Y offset (arcsec) -0.4999954280897312
#Wave (micron) Flux (Jy) Noise (Jy)
3.25574488757411 7.469498062269e-06 3.2591488352283343e-07
3.2575348875834607 8.169302551813761e-06 3.0684224263078564e-07
3.259324887592811 9.178232296237675e-06 3.178999501556129e-07
3.2611148876021616 9.599121789371977e-06 3.298755305372322e-07
3.262904887611512 8.504622613076606e-06 3.2443396982055665e-07
3.2646948876208626 7.630186529277126e-06 2.958527052167851e-07
3.266484887630213 8.430828314002366e-06 3.066168581788782e-07
3.2682748876395635 8.851029213366147e-06 3.215098559257331e-07
3.270064887648914 1.150914552122187e-05 4.0594561297016e-07
3.2718548876582645 1.0772388740841959e-05 3.9823552580343083e-07
3.273644887667615 9.127144556067682e-06 3.3908606061595707e-07
3.2754348876769654 8.077778756361532e-06 3.052229713422932e-07
3.277224887686316 8.372826841326524e-06 3.934658035238309e-07
3.2790148876956664 9.523059972529964e-06 3.5733883894618706e-07
3.280804887705017 1.2757456641188106e-05 4.061178734885994e-07
3.2825948877143674 1.064303442851522e-05 3.91431403438787e-07
3.284384887723718 9.708171551533046e-06 4.4908081797959656e-07
3.2861748877330683 8.88871179017277e-06 3.809996953451526e-07
3.287964887742419 8.649948176489677e-06 3.418226436633644e-07
3.2897548877517693 1.0271619680507724e-05 4.0102638156134847e-07
3.2915448877611198 1.2199903699767048e-05 4.301785323172351e-07
3.2933348877704702 8.953486228138355e-06 4.103698335495523e-07
3.2951248877798207 8.141066620796482e-06 3.3776118445876637e-07
3.296914887789171 7.592710171959073e-06 3.786844613016964e-07
3.2987048877985217 8.225439979634247e-06 3.782416777992732e-07
3.300494887807872 1.1456096006091067e-05 4.4300658932109246e-07
3.3022848878172226 1.3458977683823576e-05 4.864886969783492e-07
3.304074887826573 9.497394612268007e-06 4.101380047386272e-07
3.3058648878359236 7.976751828912218e-06 3.924063228823621e-07
3.307654887845274 8.234663370412056e-06 3.998324659869792e-07
3.3094448878546245 9.136642308425931e-06 4.448093287089247e-07
3.311234887863975 1.1971372159142804e-05 4.2616069862129193e-07
3.3130248878733255 1.947797762516662e-05 5.661519018289988e-07
3.314814887882676 1.5050988549140283e-05 5.139793238657488e-07
3.3166048878920265 1.0054984314554417e-05 4.049336804906613e-07
3.318394887901377 9.505877406099915e-06 4.192491515937176e-07
3.3201848879107274 9.107080296436517e-06 3.946194838827677e-07
3.321974887920078 1.0382700256327948e-05 4.1723657827247723e-07
3.3237648879294284 1.1970738258367076e-05 4.3879917939421874e-07
3.325554887938779 1.0333314275241874e-05 4.185193419444346e-07
3.3273448879481293 1.1128149636454224e-05 4.728492391362538e-07
