#Target name PANSTARRS (C/2017 K2)
#Obs. Start 2022-08-21 21:24:50.752
#Obs. End 2022-08-21 21:30:34.329
#Instrument used NIRSPEC
#Grating used G395M/F290LP
#Lower wavelength (um) 3.255
#Upper wavelength (um) 3.328
#Spectral plate scale (um) 0.001790000009350478
#Center pixel for extract (x,y) = 29,25
#Pixel scale (arcsec/pixel) 0.09999908561794624
#Aperture size (arcsec) 0.09999908561794624 0.09999908561794624
#X offset (arcsec) 0.39999634247178495
#Y offset (arcsec) -0.7999926849435699
#Wave (micron) Flux (Jy) Noise (Jy)
3.25574488757411 5.836260334761722e-06 3.351091906282049e-07
3.2575348875834607 5.900675233532023e-06 3.2126026309908073e-07
3.259324887592811 6.9914790462529066e-06 3.616518242851427e-07
3.2611148876021616 7.377288362865665e-06 3.480570286529355e-07
3.262904887611512 6.162801273753653e-06 3.3370586140471135e-07
3.2646948876208626 6.08692057141899e-06 3.5269374496619973e-07
3.266484887630213 5.6214405969142835e-06 3.157331605211828e-07
3.2682748876395635 6.351894682099036e-06 3.392951100187021e-07
3.270064887648914 9.001529092729321e-06 4.275012373727909e-07
3.2718548876582645 7.5186159580199374e-06 3.7041990708887137e-07
3.273644887667615 5.393024270221694e-06 3.4875481263979557e-07
3.2754348876769654 6.170913769112612e-06 3.6736654176731363e-07
3.277224887686316 5.768224042450881e-06 4.1204007131218937e-07
3.2790148876956664 7.109464836817496e-06 4.3427776106946753e-07
3.280804887705017 9.441054551384841e-06 4.425522339913895e-07
3.2825948877143674 7.5910953837029416e-06 3.834316843626388e-07
3.284384887723718 7.194751837650262e-06 3.989047584779471e-07
3.2861748877330683 6.012759560297687e-06 3.3021035701663214e-07
3.287964887742419 5.948324039578531e-06 3.8609763163142127e-07
3.2897548877517693 7.806997325562124e-06 4.016865641142876e-07
3.2915448877611198 8.369789138599273e-06 4.3016281368502225e-07
3.2933348877704702 6.312856884609936e-06 3.85635318919279e-07
3.2951248877798207 5.822900001721952e-06 4.234487722518655e-07
3.296914887789171 6.328797651076218e-06 4.1265758100085016e-07
3.2987048877985217 6.145290997658076e-06 4.087545689712318e-07
3.300494887807872 8.544986939841082e-06 4.931584964859015e-07
3.3022848878172226 9.482301138917796e-06 4.949007149368716e-07
3.304074887826573 6.491185187348849e-06 4.199749825517809e-07
3.3058648878359236 5.411557125998626e-06 3.944119194844919e-07
3.307654887845274 6.262429046803358e-06 4.308259662469e-07
3.3094448878546245 7.011307498381926e-06 4.5421786872320774e-07
3.311234887863975 1.001442811400493e-05 5.368187486415704e-07
3.3130248878733255 1.3882316705839473e-05 6.254178698199324e-07
3.314814887882676 9.746666453803329e-06 4.7488700149556786e-07
3.3166048878920265 7.409007161723556e-06 4.282455328203877e-07
3.318394887901377 5.650056240772467e-06 3.9696887302901784e-07
3.3201848879107274 6.530543969954937e-06 4.0099368344407154e-07
3.321974887920078 8.05911409943321e-06 4.647097335073252e-07
3.3237648879294284 7.669549346612339e-06 4.411004880184061e-07
3.325554887938779 8.034921863604804e-06 4.295272878100641e-07
3.3273448879481293 8.206987818439799e-06 4.571445603616384e-07
