#Target name PANSTARRS (C/2017 K2)
#Obs. Start 2022-08-21 21:24:50.752
#Obs. End 2022-08-21 21:30:34.329
#Instrument used NIRSPEC
#Grating used G395M/F290LP
#Lower wavelength (um) 3.255
#Upper wavelength (um) 3.328
#Spectral plate scale (um) 0.001790000009350478
#Center pixel for extract (x,y) = 29,25
#Pixel scale (arcsec/pixel) 0.09999908561794624
#Aperture size (arcsec) 0.09999908561794624 0.09999908561794624
#X offset (arcsec) -0.4999954280897312
#Y offset (arcsec) 0.19999817123589247
#Wave (micron) Flux (Jy) Noise (Jy)
3.25574488757411 1.2890764988056513e-05 4.472403370630821e-07
3.2575348875834607 1.460001880547573e-05 4.786657494719528e-07
3.259324887592811 1.5954333915417537e-05 4.817559036778162e-07
3.2611148876021616 1.591300215026974e-05 4.839731554452504e-07
3.262904887611512 1.4505599867725303e-05 4.5642368875812354e-07
3.2646948876208626 1.3225134646459002e-05 4.374134180537865e-07
3.266484887630213 1.3525686101949336e-05 4.3274873882617575e-07
3.2682748876395635 1.5534519453443205e-05 4.818999210923865e-07
3.270064887648914 1.8141406357306353e-05 5.30534658030706e-07
3.2718548876582645 1.7252568083746595e-05 5.217115460047563e-07
3.273644887667615 1.540221261600406e-05 6.426384859871385e-07
3.2754348876769654 1.4153608305721468e-05 3.482076305212849e-07
3.277224887686316 1.4677761759452807e-05 3.653848173125017e-07
3.2790148876956664 1.8538360940669718e-05 7.756030963493282e-07
3.280804887705017 1.8962014671557303e-05 5.958237481112378e-07
3.2825948877143674 1.7205031801812325e-05 5.486032397688376e-07
3.284384887723718 1.4569985178482026e-05 5.045923584446991e-07
3.2861748877330683 1.3933685083835214e-05 5.008518283191846e-07
3.287964887742419 1.4657719914983442e-05 5.003047302575307e-07
3.2897548877517693 1.680269399319087e-05 5.421848263008817e-07
3.2915448877611198 1.8055559874035034e-05 5.744248337085469e-07
3.2933348877704702 1.6173371290109422e-05 5.372782594584876e-07
3.2951248877798207 1.4296730010426278e-05 4.851300579836961e-07
3.296914887789171 1.3715790882395173e-05 4.92915572169885e-07
3.2987048877985217 1.4014559884219104e-05 5.046388138675313e-07
3.300494887807872 1.7126275682521853e-05 5.419863960810397e-07
3.3022848878172226 1.8584100423234033e-05 5.491659163679432e-07
3.304074887826573 1.5642804410283627e-05 4.823289472892545e-07
3.3058648878359236 1.453260565466295e-05 4.5881776813321407e-07
3.307654887845274 1.4637852012169654e-05 4.830435986853697e-07
3.3094448878546245 1.5008351324969202e-05 4.632480127873404e-07
3.311234887863975 1.916267699321133e-05 4.974423701334683e-07
3.3130248878733255 2.5109889240764543e-05 5.733081663855338e-07
3.314814887882676 2.2906294134809097e-05 5.584601390570419e-07
3.3166048878920265 1.633725840070653e-05 4.4892307127842317e-07
3.318394887901377 1.480922668341471e-05 4.6586587953406e-07
3.3201848879107274 1.563551679287894e-05 5.062241261858954e-07
3.321974887920078 1.712749148089793e-05 4.465020376712671e-07
3.3237648879294284 1.8541536720793664e-05 4.776685549613381e-07
3.325554887938779 1.8330197609270658e-05 4.791278380324771e-07
3.3273448879481293 1.7264195276475924e-05 4.597905861553704e-07
