#Target name PANSTARRS (C/2017 K2)
#Obs. Start 2022-08-21 21:24:50.752
#Obs. End 2022-08-21 21:30:34.329
#Instrument used NIRSPEC
#Grating used G395M/F290LP
#Lower wavelength (um) 3.255
#Upper wavelength (um) 3.328
#Spectral plate scale (um) 0.001790000009350478
#Center pixel for extract (x,y) = 29,25
#Pixel scale (arcsec/pixel) 0.09999908561794624
#Aperture size (arcsec) 0.09999908561794624 0.09999908561794624
#X offset (arcsec) -0.09999908561794624
#Y offset (arcsec) -0.7999926849435699
#Wave (micron) Flux (Jy) Noise (Jy)
3.25574488757411 5.916934295295877e-06 2.903861235757494e-07
3.2575348875834607 6.477458590565253e-06 2.7583708648672835e-07
3.259324887592811 8.005017347943071e-06 3.204159960298523e-07
3.2611148876021616 8.294426674805446e-06 3.360153235440037e-07
3.262904887611512 6.76355405990699e-06 2.9587237452126534e-07
3.2646948876208626 6.7533004682928165e-06 2.86019145715806e-07
3.266484887630213 6.582541317390809e-06 2.704740909121648e-07
3.2682748876395635 7.310389415864596e-06 2.665158255087073e-07
3.270064887648914 9.465123055520106e-06 3.2463276428677786e-07
3.2718548876582645 8.530902148771907e-06 3.209077846797626e-07
3.273644887667615 6.9643176980923605e-06 2.895402314072903e-07
3.2754348876769654 6.475190624494245e-06 2.763402508312526e-07
3.277224887686316 6.610143795935595e-06 2.7152326057920516e-07
3.2790148876956664 8.67968592334761e-06 2.925021148497483e-07
3.280804887705017 1.0523063999524785e-05 3.309345068375604e-07
3.2825948877143674 8.622976460597966e-06 2.977636257792586e-07
3.284384887723718 6.586485040958049e-06 2.7103984959601786e-07
3.2861748877330683 6.928121246513134e-06 2.866311917087778e-07
3.287964887742419 6.670055488700106e-06 2.562613092691085e-07
3.2897548877517693 8.771911761667444e-06 2.769874886282518e-07
3.2915448877611198 1.0169854845931926e-05 3.1019490640028893e-07
3.2933348877704702 7.563178644589708e-06 2.7884671422382213e-07
3.2951248877798207 6.564460799579018e-06 2.4909355694215056e-07
3.296914887789171 6.275705547137994e-06 2.390419539547538e-07
3.2987048877985217 6.817929656009932e-06 2.664033294154194e-07
3.300494887807872 9.990911022849964e-06 3.4613420003575525e-07
3.3022848878172226 1.1029559685395898e-05 3.164784086131561e-07
3.304074887826573 7.644024753566491e-06 2.6983181246971406e-07
3.3058648878359236 6.483632174428439e-06 2.4087206785893534e-07
3.307654887845274 6.931509074067713e-06 2.6638396831941393e-07
3.3094448878546245 7.592752312463259e-06 2.335921136376881e-07
3.311234887863975 1.0960455534776863e-05 3.0389422856969185e-07
3.3130248878733255 1.69003218855047e-05 3.8465597248124823e-07
3.314814887882676 1.2223300645654762e-05 3.576394542848885e-07
3.3166048878920265 8.223092663890464e-06 2.5931963394521456e-07
3.318394887901377 6.824558267657674e-06 2.5864681484481027e-07
3.3201848879107274 7.301331000677643e-06 2.649594287490663e-07
3.321974887920078 8.657407942336995e-06 2.966604635912305e-07
3.3237648879294284 9.845516420738546e-06 3.0820668154855475e-07
3.325554887938779 8.867911416628067e-06 3.272137580923351e-07
3.3273448879481293 8.858181443193558e-06 3.1012894978668993e-07
