#Target name PANSTARRS (C/2017 K2)
#Obs. Start 2022-08-21 21:24:50.752
#Obs. End 2022-08-21 21:30:34.329
#Instrument used NIRSPEC
#Grating used G395M/F290LP
#Lower wavelength (um) 3.255
#Upper wavelength (um) 3.328
#Spectral plate scale (um) 0.001790000009350478
#Center pixel for extract (x,y) = 29,25
#Pixel scale (arcsec/pixel) 0.09999908561794624
#Aperture size (arcsec) 0.09999908561794624 0.09999908561794624
#X offset (arcsec) -0.5999945137076774
#Y offset (arcsec) -0.5999945137076774
#Wave (micron) Flux (Jy) Noise (Jy)
3.25574488757411 6.358350697000912e-06 4.109819635993809e-07
3.2575348875834607 5.861385937927516e-06 3.615543743692136e-07
3.259324887592811 7.811696440082052e-06 4.2716982920556563e-07
3.2611148876021616 8.80527090206592e-06 4.6437140465889383e-07
3.262904887611512 7.796849533511649e-06 3.771288210537661e-07
3.2646948876208626 6.69707741455425e-06 3.9525080691488823e-07
3.266484887630213 6.9738037945664745e-06 4.29325831543379e-07
3.2682748876395635 7.661980194775434e-06 4.194625719530138e-07
3.270064887648914 9.775956794031718e-06 4.4127089928599693e-07
3.2718548876582645 8.826575168447907e-06 4.636673444267295e-07
3.273644887667615 7.156179378920147e-06 4.772870489074879e-07
3.2754348876769654 7.139662991098819e-06 3.94298975087968e-07
3.277224887686316 7.33667208968255e-06 4.237781070166243e-07
3.2790148876956664 9.136243318545878e-06 4.280538271490861e-07
3.280804887705017 1.0210889834337481e-05 4.686141745035083e-07
3.2825948877143674 8.78222811573466e-06 4.0374772229873126e-07
3.284384887723718 7.107750525242968e-06 3.744556168763506e-07
3.2861748877330683 6.895867621894675e-06 3.4319512402042964e-07
3.287964887742419 7.558914384208716e-06 3.987562300120643e-07
3.2897548877517693 8.824226059491178e-06 4.0289191142117535e-07
3.2915448877611198 8.892635340094388e-06 4.176055598546713e-07
3.2933348877704702 7.832060166274875e-06 4.0973716560772375e-07
3.2951248877798207 7.559729399491794e-06 4.0780346563707006e-07
3.296914887789171 7.695713220072748e-06 4.252287602504699e-07
3.2987048877985217 7.90939247448776e-06 4.012173027019871e-07
3.300494887807872 8.884713821913972e-06 4.0067628475297166e-07
3.3022848878172226 1.0894947672717156e-05 4.254306368014387e-07
3.304074887826573 8.155061751218453e-06 3.4852088240745156e-07
3.3058648878359236 7.602619466687987e-06 3.1871465723021655e-07
3.307654887845274 6.895807100957813e-06 3.522752258764259e-07
3.3094448878546245 6.871746217977559e-06 3.160568354575869e-07
3.311234887863975 1.0097524705226517e-05 5.235639910138819e-07
3.3130248878733255 1.5833453430857988e-05 4.53603609233008e-07
3.314814887882676 1.1165914701056273e-05 3.9382904122081343e-07
3.3166048878920265 8.169519530579994e-06 3.490409982180877e-07
3.318394887901377 7.6146922728339175e-06 3.677403145903426e-07
3.3201848879107274 7.246742012234357e-06 3.31961597570227e-07
3.321974887920078 8.882964542687034e-06 3.688073603489192e-07
3.3237648879294284 1.021317797405411e-05 4.048964993410241e-07
3.325554887938779 8.678016442096684e-06 3.8844270585902473e-07
3.3273448879481293 8.357928828187215e-06 3.3862156242553924e-07
