#Target name PANSTARRS (C/2017 K2)
#Obs. Start 2022-08-21 21:24:50.752
#Obs. End 2022-08-21 21:30:34.329
#Instrument used NIRSPEC
#Grating used G395M/F290LP
#Lower wavelength (um) 3.255
#Upper wavelength (um) 3.328
#Spectral plate scale (um) 0.001790000009350478
#Center pixel for extract (x,y) = 29,25
#Pixel scale (arcsec/pixel) 0.09999908561794624
#Aperture size (arcsec) 0.09999908561794624 0.09999908561794624
#X offset (arcsec) -0.2999972568538387
#Y offset (arcsec) -0.7999926849435699
#Wave (micron) Flux (Jy) Noise (Jy)
3.25574488757411 6.171533772488023e-06 2.229675370862336e-07
3.2575348875834607 6.513112146925663e-06 2.2309706870249017e-07
3.259324887592811 7.1893340930429995e-06 2.24271286953427e-07
3.2611148876021616 7.339762243888412e-06 2.3328073902132224e-07
3.262904887611512 6.841103346886108e-06 2.260860044433466e-07
3.2646948876208626 6.5861976785837615e-06 2.258278658362577e-07
3.266484887630213 6.298551080045406e-06 2.215055221672502e-07
3.2682748876395635 7.368371611501292e-06 2.4268427765262846e-07
3.270064887648914 9.220430183237458e-06 2.715917949364112e-07
3.2718548876582645 8.639175449728195e-06 2.74965164711628e-07
3.273644887667615 6.805579350160906e-06 2.390770897208766e-07
3.2754348876769654 6.056219869210093e-06 2.330434184957559e-07
3.277224887686316 6.434149359843385e-06 2.504763762925964e-07
3.2790148876956664 8.09458205825391e-06 2.783548695360073e-07
3.280804887705017 9.94731980939264e-06 2.971740509859921e-07
3.2825948877143674 8.301777054663176e-06 2.934487911894544e-07
3.284384887723718 6.782550012926727e-06 2.9549112063798537e-07
3.2861748877330683 6.8144647202987575e-06 2.7601937779007366e-07
3.287964887742419 6.345478117881929e-06 2.756659187074267e-07
3.2897548877517693 8.521106723064942e-06 3.1047702923050475e-07
3.2915448877611198 9.892805239286535e-06 3.519177320646548e-07
3.2933348877704702 7.506508184221597e-06 3.0990816044295175e-07
3.2951248877798207 6.900337653460998e-06 2.982378185271554e-07
3.296914887789171 6.199667938670725e-06 3.1048983389168344e-07
3.2987048877985217 6.733226794293695e-06 3.060585805552761e-07
3.300494887807872 9.128827486415689e-06 3.2031439930899e-07
3.3022848878172226 1.0271359664630834e-05 3.5980691637417265e-07
3.304074887826573 8.047040396680808e-06 3.3272135947946637e-07
3.3058648878359236 6.223172925638318e-06 2.652958242897923e-07
3.307654887845274 6.133177395917668e-06 2.9879178123211074e-07
3.3094448878546245 6.828339705453476e-06 3.0030976400821565e-07
3.311234887863975 1.023272399514444e-05 3.4060045696617383e-07
3.3130248878733255 1.4792662775450365e-05 3.7632375249873684e-07
3.314814887882676 1.1761600315732911e-05 3.7677468951626517e-07
3.3166048878920265 7.90689632206962e-06 3.3258308595010743e-07
3.318394887901377 7.021076474197966e-06 3.277203127300818e-07
3.3201848879107274 6.432922353886407e-06 2.7968293985375457e-07
3.321974887920078 7.948254985411577e-06 2.8652802592658945e-07
3.3237648879294284 8.984319628105112e-06 2.809396739190707e-07
3.325554887938779 8.243888554402808e-06 3.1995233840800197e-07
3.3273448879481293 8.526144754831298e-06 3.0944752886794454e-07
