#Target name PANSTARRS (C/2017 K2)
#Obs. Start 2022-08-21 21:24:50.752
#Obs. End 2022-08-21 21:30:34.329
#Instrument used NIRSPEC
#Grating used G395M/F290LP
#Lower wavelength (um) 3.255
#Upper wavelength (um) 3.328
#Spectral plate scale (um) 0.001790000009350478
#Center pixel for extract (x,y) = 29,25
#Pixel scale (arcsec/pixel) 0.09999908561794624
#Aperture size (arcsec) 0.09999908561794624 0.09999908561794624
#X offset (arcsec) -0.09999908561794624
#Y offset (arcsec) 0.5999945137076774
#Wave (micron) Flux (Jy) Noise (Jy)
3.25574488757411 1.0267738271090292e-05 3.858579014759613e-07
3.2575348875834607 1.005294453483054e-05 4.348845955373207e-07
3.259324887592811 1.0994652105620218e-05 4.013498043271823e-07
3.2611148876021616 1.0978262139311447e-05 3.762123211256344e-07
3.262904887611512 1.0550081442346569e-05 3.56077761943272e-07
3.2646948876208626 1.0440777043947443e-05 3.5025912216720193e-07
3.266484887630213 1.0572779035186095e-05 3.4933390834492013e-07
3.2682748876395635 1.161282550722193e-05 3.540702320334369e-07
3.270064887648914 1.4232344699669556e-05 3.766664242847672e-07
3.2718548876582645 1.4024249510362368e-05 3.7548332402596676e-07
3.273644887667615 1.1407716017466614e-05 3.6015690110674044e-07
3.2754348876769654 1.0774538803161894e-05 3.5608574734466357e-07
3.277224887686316 1.0657955753422802e-05 3.2388367759834615e-07
3.2790148876956664 1.2821680562779862e-05 3.492459848727564e-07
3.280804887705017 1.536352225352287e-05 3.7572434305323026e-07
3.2825948877143674 1.3675764576270656e-05 3.5257074176581766e-07
3.284384887723718 1.11615087768527e-05 3.1544428512347454e-07
3.2861748877330683 1.071032922727369e-05 2.9631969709395327e-07
3.287964887742419 1.097609862789443e-05 3.049318824473571e-07
3.2897548877517693 1.305340491905102e-05 3.4221496503278357e-07
3.2915448877611198 1.4123871455470005e-05 3.5018128551784855e-07
3.2933348877704702 1.21283634693635e-05 3.399839279408418e-07
3.2951248877798207 1.0676068997370821e-05 3.3071918118951116e-07
3.296914887789171 1.0027282760994472e-05 3.042806659591383e-07
3.2987048877985217 9.922453325497265e-06 3.007418722898312e-07
3.300494887807872 1.30313098457607e-05 3.3772610473054807e-07
3.3022848878172226 1.545920271657945e-05 3.645503288576089e-07
3.304074887826573 1.3037586987671405e-05 3.4182138281051313e-07
3.3058648878359236 1.0802375744299116e-05 3.318836208261124e-07
3.307654887845274 1.066089124301224e-05 3.197681418159036e-07
3.3094448878546245 1.085154474661896e-05 2.998895077434022e-07
3.311234887863975 1.5282282534304865e-05 3.492496833744535e-07
3.3130248878733255 2.0890091574721586e-05 4.0352701701184977e-07
3.314814887882676 1.8128631508292816e-05 3.842265540190487e-07
3.3166048878920265 1.2561479088350452e-05 3.196676658531314e-07
3.318394887901377 1.123830939742767e-05 2.9964910513308825e-07
3.3201848879107274 1.1769849095275619e-05 3.296881397845772e-07
3.321974887920078 1.3520986987429409e-05 3.584922391156013e-07
3.3237648879294284 1.4400652080173787e-05 3.7235744565598337e-07
3.325554887938779 1.3351574987751632e-05 3.734562088685081e-07
3.3273448879481293 1.2846116675568662e-05 3.6761759157948303e-07
