#Target name PANSTARRS (C/2017 K2)
#Obs. Start 2022-08-21 21:24:50.752
#Obs. End 2022-08-21 21:30:34.329
#Instrument used NIRSPEC
#Grating used G395M/F290LP
#Lower wavelength (um) 3.255
#Upper wavelength (um) 3.328
#Spectral plate scale (um) 0.001790000009350478
#Center pixel for extract (x,y) = 29,25
#Pixel scale (arcsec/pixel) 0.09999908561794624
#Aperture size (arcsec) 0.09999908561794624 0.09999908561794624
#X offset (arcsec) -0.4999954280897312
#Y offset (arcsec) -0.2999972568538387
#Wave (micron) Flux (Jy) Noise (Jy)
3.25574488757411 1.0531692043605162e-05 3.90587976938126e-07
3.2575348875834607 1.1157057125719054e-05 4.129454196973252e-07
3.259324887592811 1.2827835766210371e-05 4.262876805128937e-07
3.2611148876021616 1.2478994879349262e-05 4.255774000733297e-07
3.262904887611512 1.1080535349756888e-05 3.8446967446773105e-07
3.2646948876208626 1.0689648102389768e-05 3.8589794055872805e-07
3.266484887630213 1.114680353410488e-05 4.133453061838521e-07
3.2682748876395635 1.3057167976414146e-05 4.479577623354702e-07
3.270064887648914 1.6347018858761084e-05 4.583171535133446e-07
3.2718548876582645 1.4646879046130086e-05 4.170042451204116e-07
3.273644887667615 1.0706540168322878e-05 3.5352756096623865e-07
3.2754348876769654 1.0539410032116427e-05 3.6643818982237983e-07
3.277224887686316 1.1704268608091676e-05 3.874132615343691e-07
3.2790148876956664 1.3439247858406479e-05 4.2159332921484907e-07
3.280804887705017 1.5549057030780753e-05 4.2537109652790525e-07
3.2825948877143674 1.4281276997880783e-05 3.7590576576905575e-07
3.284384887723718 1.2044164948787783e-05 3.6089606908607527e-07
3.2861748877330683 1.1344960737276049e-05 3.568748170779575e-07
3.287964887742419 1.1836308256802155e-05 3.540624427647111e-07
3.2897548877517693 1.365936026425833e-05 3.886777288305065e-07
3.2915448877611198 1.443794283995213e-05 3.7972869963314063e-07
3.2933348877704702 1.2625204496743756e-05 3.51366851444447e-07
3.2951248877798207 1.1763079716411768e-05 3.464087017109588e-07
3.296914887789171 1.1176414859450256e-05 3.3873800919109456e-07
3.2987048877985217 1.1247646657227426e-05 3.510090774431534e-07
3.300494887807872 1.4247266024577137e-05 3.86244142732742e-07
3.3022848878172226 1.5361720074514085e-05 3.834267530270426e-07
3.304074887826573 1.2991464654143532e-05 3.4268212502366523e-07
3.3058648878359236 1.1498508182037665e-05 3.0300958619026964e-07
3.307654887845274 1.1436508741103024e-05 3.020433526218923e-07
3.3094448878546245 1.2688287038296614e-05 3.1579740797869445e-07
3.311234887863975 1.7953854215486393e-05 3.6756463575972854e-07
3.3130248878733255 2.231804856063739e-05 4.0474547718839095e-07
3.314814887882676 1.8839954252880558e-05 3.703382598620118e-07
3.3166048878920265 1.3461142988453536e-05 3.0943052136392815e-07
3.318394887901377 1.1922081218342765e-05 2.969920678911216e-07
3.3201848879107274 1.2499963814910708e-05 3.077406983536676e-07
3.321974887920078 1.36054428340626e-05 3.111869734426417e-07
3.3237648879294284 1.4058196824606499e-05 3.0993236881769663e-07
3.325554887938779 1.3871885586143837e-05 3.0785451133771135e-07
3.3273448879481293 1.3481622376881254e-05 3.012529659978426e-07
