#Target name PANSTARRS (C/2017 K2)
#Obs. Start 2022-08-21 21:24:50.752
#Obs. End 2022-08-21 21:30:34.329
#Instrument used NIRSPEC
#Grating used G395M/F290LP
#Lower wavelength (um) 3.255
#Upper wavelength (um) 3.328
#Spectral plate scale (um) 0.001790000009350478
#Center pixel for extract (x,y) = 29,25
#Pixel scale (arcsec/pixel) 0.09999908561794624
#Aperture size (arcsec) 0.09999908561794624 0.09999908561794624
#X offset (arcsec) 0.5999945137076774
#Y offset (arcsec) -0.2999972568538387
#Wave (micron) Flux (Jy) Noise (Jy)
3.25574488757411 7.77144777555247e-06 4.203927171108918e-07
3.2575348875834607 7.886174849894453e-06 5.30604313146002e-07
3.259324887592811 9.048426990855504e-06 4.436695737692567e-07
3.2611148876021616 9.606073179349654e-06 5.349620447517026e-07
3.262904887611512 8.222198747237846e-06 5.143834131951135e-07
3.2646948876208626 8.132724594180683e-06 4.975460402567972e-07
3.266484887630213 7.452019615703181e-06 4.887518437895706e-07
3.2682748876395635 9.030462583581842e-06 5.029267438091835e-07
3.270064887648914 1.1981797002593135e-05 5.674716505179275e-07
3.2718548876582645 1.0614243498091753e-05 5.308800756740569e-07
3.273644887667615 8.858660231049625e-06 4.6008649431009365e-07
3.2754348876769654 8.723272653772573e-06 4.958542559198791e-07
3.277224887686316 8.774298528095996e-06 4.910846457160882e-07
3.2790148876956664 9.823728883468134e-06 5.692657600684665e-07
3.280804887705017 1.322417169110804e-05 5.566052844180227e-07
3.2825948877143674 1.0325849129755723e-05 4.728722707150042e-07
3.284384887723718 8.996684727960924e-06 5.179603126394818e-07
3.2861748877330683 8.693042669961493e-06 4.5796464707507425e-07
3.287964887742419 8.166992893541803e-06 4.332097346475622e-07
3.2897548877517693 1.0568339936543058e-05 4.923504299029814e-07
3.2915448877611198 1.1085297226729856e-05 4.7040996519118234e-07
3.2933348877704702 9.137609746809256e-06 4.781544035933713e-07
3.2951248877798207 8.95329973399217e-06 4.1938322228023887e-07
3.296914887789171 8.666188409517618e-06 3.846951709954474e-07
3.2987048877985217 7.989825247880937e-06 4.1490966032593244e-07
3.300494887807872 1.0871954199741858e-05 4.777618580723342e-07
3.3022848878172226 1.2669399126356757e-05 5.049034248525903e-07
3.304074887826573 9.77937465790311e-06 4.39717640649008e-07
3.3058648878359236 7.80828305924302e-06 4.048005624485165e-07
3.307654887845274 8.074763468796083e-06 5.637988141810515e-07
3.3094448878546245 9.332278254197742e-06 4.3959850406403656e-07
3.311234887863975 1.2483110303055895e-05 4.251624393904917e-07
3.3130248878733255 1.729743427160715e-05 5.17295254788851e-07
3.314814887882676 1.423336055480237e-05 4.6848528732315354e-07
3.3166048878920265 1.0142166741469062e-05 4.0132511963024914e-07
3.318394887901377 9.062112792044622e-06 3.8569595193195027e-07
3.3201848879107274 8.652101825235502e-06 3.303951420067278e-07
3.321974887920078 9.635449593799358e-06 3.304289328631426e-07
3.3237648879294284 1.1236386176545158e-05 3.6448291525849283e-07
3.325554887938779 1.0405802218686362e-05 3.629266025557085e-07
3.3273448879481293 1.025571388169385e-05 3.4330238056964667e-07
