#Target name PANSTARRS (C/2017 K2)
#Obs. Start 2022-08-21 21:24:50.752
#Obs. End 2022-08-21 21:30:34.329
#Instrument used NIRSPEC
#Grating used G395M/F290LP
#Lower wavelength (um) 3.255
#Upper wavelength (um) 3.328
#Spectral plate scale (um) 0.001790000009350478
#Center pixel for extract (x,y) = 29,25
#Pixel scale (arcsec/pixel) 0.09999908561794624
#Aperture size (arcsec) 0.09999908561794624 0.09999908561794624
#X offset (arcsec) 0.2999972568538387
#Y offset (arcsec) 0.4999954280897312
#Wave (micron) Flux (Jy) Noise (Jy)
3.25574488757411 8.917559206803974e-06 3.205383267753803e-07
3.2575348875834607 9.136378706123153e-06 3.4291207656478956e-07
3.259324887592811 1.107530723741846e-05 3.671655898417692e-07
3.2611148876021616 1.114366361823982e-05 3.5134723817787127e-07
3.262904887611512 1.0058313414385078e-05 3.3763630398858346e-07
3.2646948876208626 9.219790006216426e-06 3.362316298553818e-07
3.266484887630213 9.733622622848188e-06 3.4607776986592167e-07
3.2682748876395635 1.0545685380814189e-05 3.6456274125345605e-07
3.270064887648914 1.4098386313108926e-05 4.3238791075908675e-07
3.2718548876582645 1.2745625022183153e-05 3.8433697670987004e-07
3.273644887667615 1.0497953638669015e-05 3.572628515476822e-07
3.2754348876769654 9.878392290248597e-06 3.734840316880934e-07
3.277224887686316 9.825572306374636e-06 3.5890333318302866e-07
3.2790148876956664 1.1515300724652378e-05 3.9564195148831285e-07
3.280804887705017 1.3107296347659064e-05 4.0029738446168075e-07
3.2825948877143674 1.1244416184108688e-05 4.190778997575592e-07
3.284384887723718 1.0321089045995698e-05 3.5778504076078497e-07
3.2861748877330683 1.005723390019275e-05 3.692327721009468e-07
3.287964887742419 9.808216694895482e-06 3.544206650692407e-07
3.2897548877517693 1.2131243369351672e-05 4.1093559223340543e-07
3.2915448877611198 1.3900897978365895e-05 4.346191720026465e-07
3.2933348877704702 1.1793234385279196e-05 4.001116468272086e-07
3.2951248877798207 9.706191844442796e-06 3.60579959266779e-07
3.296914887789171 8.8556601857942e-06 3.562768926369202e-07
3.2987048877985217 9.519721010028112e-06 3.546583498411863e-07
3.300494887807872 1.2713743489250587e-05 3.994229409808779e-07
3.3022848878172226 1.5000687132846262e-05 4.309221833289301e-07
3.304074887826573 1.2148477042350625e-05 3.741616980672372e-07
3.3058648878359236 1.0071806445182708e-05 3.5076464010371526e-07
3.307654887845274 9.88606993146862e-06 3.651907020113065e-07
3.3094448878546245 9.52567268378947e-06 3.6472530721441663e-07
3.311234887863975 1.4213749081439582e-05 4.047119385025465e-07
3.3130248878733255 2.0848994720469464e-05 4.697874120911164e-07
3.314814887882676 1.8491545530338964e-05 4.3983607676017317e-07
3.3166048878920265 1.2543730763236549e-05 3.6183501219496e-07
3.318394887901377 1.044996008743401e-05 3.277453056354897e-07
3.3201848879107274 1.0714819432485634e-05 3.348931645063494e-07
3.321974887920078 1.2402056181377598e-05 3.545960076724277e-07
3.3237648879294284 1.3539993251423573e-05 3.587237316990995e-07
3.325554887938779 1.367506611982894e-05 3.641447265048227e-07
3.3273448879481293 1.3259242453261628e-05 3.60842244678801e-07
