#Target name PANSTARRS (C/2017 K2)
#Obs. Start 2022-08-21 21:24:50.752
#Obs. End 2022-08-21 21:30:34.329
#Instrument used NIRSPEC
#Grating used G395M/F290LP
#Lower wavelength (um) 3.255
#Upper wavelength (um) 3.328
#Spectral plate scale (um) 0.001790000009350478
#Center pixel for extract (x,y) = 29,25
#Pixel scale (arcsec/pixel) 0.09999908561794624
#Aperture size (arcsec) 0.09999908561794624 0.09999908561794624
#X offset (arcsec) 0.0
#Y offset (arcsec) -0.5999945137076774
#Wave (micron) Flux (Jy) Noise (Jy)
3.25574488757411 8.051337831501265e-06 2.9012818110132625e-07
3.2575348875834607 8.416609031962386e-06 2.8776831286693426e-07
3.259324887592811 1.0146015873053501e-05 3.3336467462315036e-07
3.2611148876021616 1.001399236325952e-05 3.2769251792944874e-07
3.262904887611512 8.825635524865217e-06 3.239609818876068e-07
3.2646948876208626 8.278100367556188e-06 3.321698624423091e-07
3.266484887630213 8.931867252884683e-06 3.1931415073257993e-07
3.2682748876395635 9.162544372796506e-06 3.134496439316749e-07
3.270064887648914 1.3641883610905455e-05 4.1921835876519367e-07
3.2718548876582645 1.1853407438830306e-05 3.470697808703699e-07
3.273644887667615 9.40380055247185e-06 3.225834861380886e-07
3.2754348876769654 8.694357991655966e-06 3.109218020785378e-07
3.277224887686316 9.101670172984266e-06 3.402965073721545e-07
3.2790148876956664 1.1958344467104156e-05 4.047492877658971e-07
3.280804887705017 1.4510282843328733e-05 4.155512102756246e-07
3.2825948877143674 1.0344444747985696e-05 3.5101992077767456e-07
3.284384887723718 9.727195747656652e-06 3.330187246197067e-07
3.2861748877330683 8.838670389755638e-06 3.789051946075302e-07
3.287964887742419 9.179000687984207e-06 3.586395067286328e-07
3.2897548877517693 1.2192923618382267e-05 4.2663273390986534e-07
3.2915448877611198 1.4090002145988943e-05 4.4117625126529293e-07
3.2933348877704702 9.736654049330134e-06 3.739459241159519e-07
3.2951248877798207 8.959845857844488e-06 3.7665745822004685e-07
3.296914887789171 8.206689248484612e-06 3.5703982068776387e-07
3.2987048877985217 8.91762824550232e-06 4.0259645156968806e-07
3.300494887807872 1.3141753830985781e-05 4.576916584232923e-07
3.3022848878172226 1.3742691766375592e-05 4.50029427627008e-07
3.304074887826573 1.0235846875486533e-05 3.931176400231594e-07
3.3058648878359236 8.70368538878453e-06 3.3717219806349716e-07
3.307654887845274 9.531279164059095e-06 3.6843989179014675e-07
3.3094448878546245 9.723602148916742e-06 3.680100250247112e-07
3.311234887863975 1.513659294866415e-05 4.7097090461524824e-07
3.3130248878733255 2.118919949379195e-05 5.168463911737893e-07
3.314814887882676 1.497296137091157e-05 4.0910920484987327e-07
3.3166048878920265 1.0380956356739844e-05 3.6131915526506606e-07
3.318394887901377 9.261881197046035e-06 3.521135565219374e-07
3.3201848879107274 1.0097335521260918e-05 4.70199879087204e-07
3.321974887920078 1.1747109361931907e-05 4.0757606382060056e-07
3.3237648879294284 1.1415659054202358e-05 3.729051601345868e-07
3.325554887938779 1.1889999742166935e-05 3.737339607421727e-07
3.3273448879481293 1.1330319153587742e-05 3.634324567196489e-07
