#Target name PANSTARRS (C/2017 K2)
#Obs. Start 2022-08-21 21:24:50.752
#Obs. End 2022-08-21 21:30:34.329
#Instrument used NIRSPEC
#Grating used G395M/F290LP
#Lower wavelength (um) 3.255
#Upper wavelength (um) 3.328
#Spectral plate scale (um) 0.001790000009350478
#Center pixel for extract (x,y) = 29,25
#Pixel scale (arcsec/pixel) 0.09999908561794624
#Aperture size (arcsec) 0.09999908561794624 0.09999908561794624
#X offset (arcsec) 0.4999954280897312
#Y offset (arcsec) 0.39999634247178495
#Wave (micron) Flux (Jy) Noise (Jy)
3.25574488757411 7.631040995244975e-06 2.9053123372945754e-07
3.2575348875834607 7.817395270818297e-06 3.0100026306749043e-07
3.259324887592811 9.645819744254895e-06 3.2978480516984333e-07
3.2611148876021616 1.0602489883849868e-05 3.261471886559469e-07
3.262904887611512 9.544567768581103e-06 3.082431622243856e-07
3.2646948876208626 8.4985346551315e-06 3.065166904245807e-07
3.266484887630213 8.119220804105388e-06 3.0942937258688587e-07
3.2682748876395635 9.493123179035238e-06 3.3314385726045987e-07
3.270064887648914 1.260492325834636e-05 3.55802755926928e-07
3.2718548876582645 1.2472051558829834e-05 3.3762358338426153e-07
3.273644887667615 9.140732627151347e-06 2.771739547554825e-07
3.2754348876769654 8.856940539836263e-06 2.9139337689022224e-07
3.277224887686316 8.737481176534887e-06 3.005927274069989e-07
3.2790148876956664 1.0287242151676435e-05 3.1536700885316615e-07
3.280804887705017 1.2152563774650155e-05 3.542889479747085e-07
3.2825948877143674 1.0973729793595318e-05 3.2999071644993623e-07
3.284384887723718 8.731892628394702e-06 3.126607423120944e-07
3.2861748877330683 8.77959567913277e-06 3.194427577234122e-07
3.287964887742419 8.521214315841587e-06 3.292681917282385e-07
3.2897548877517693 1.0411876727534388e-05 3.438791787206866e-07
3.2915448877611198 1.1986038847812327e-05 3.4915001996129657e-07
3.2933348877704702 9.918742271309517e-06 3.252638071293759e-07
3.2951248877798207 8.43150883831464e-06 2.981887293228115e-07
3.296914887789171 8.128931948803984e-06 2.936863078476865e-07
3.2987048877985217 8.756350259738831e-06 3.052139212207161e-07
3.300494887807872 1.1339584684869737e-05 3.6446924200979433e-07
3.3022848878172226 1.2843068213563748e-05 3.8207800472253404e-07
3.304074887826573 1.0499431246134926e-05 3.3548439241779866e-07
3.3058648878359236 9.312203235288912e-06 3.125490587684218e-07
3.307654887845274 9.37572242419365e-06 3.3057171744381393e-07
3.3094448878546245 9.334398728504101e-06 3.1196211775666687e-07
3.311234887863975 1.2525432818355291e-05 3.4727025647372614e-07
3.3130248878733255 1.8173798955927974e-05 4.3487408843022654e-07
3.314814887882676 1.5851815931405232e-05 3.900980935769687e-07
3.3166048878920265 1.1123699778533522e-05 3.0799034721822447e-07
3.318394887901377 9.297350052473207e-06 2.895402314072903e-07
3.3201848879107274 9.178713773913156e-06 3.228905458358078e-07
3.321974887920078 1.0652868408300482e-05 3.351201180195829e-07
3.3237648879294284 1.1622620932928896e-05 3.4680816791320193e-07
3.325554887938779 1.1488107546962078e-05 3.355076761671193e-07
3.3273448879481293 1.0793317329112163e-05 3.2112325042257313e-07
