#Target name PANSTARRS (C/2017 K2)
#Obs. Start 2022-08-21 21:24:50.752
#Obs. End 2022-08-21 21:30:34.329
#Instrument used NIRSPEC
#Grating used G395M/F290LP
#Lower wavelength (um) 3.255
#Upper wavelength (um) 3.328
#Spectral plate scale (um) 0.001790000009350478
#Center pixel for extract (x,y) = 29,25
#Pixel scale (arcsec/pixel) 0.09999908561794624
#Aperture size (arcsec) 0.09999908561794624 0.09999908561794624
#X offset (arcsec) 0.09999908561794624
#Y offset (arcsec) -0.5999945137076774
#Wave (micron) Flux (Jy) Noise (Jy)
3.25574488757411 8.332055455223746e-06 4.385025147277846e-07
3.2575348875834607 8.573406675185126e-06 4.272726307413747e-07
3.259324887592811 1.0135709381657477e-05 5.758654001195822e-07
3.2611148876021616 9.273089674552927e-06 5.057017968780315e-07
3.262904887611512 7.632089128210782e-06 4.997393078011045e-07
3.2646948876208626 8.075360608706456e-06 4.363007014030408e-07
3.266484887630213 8.60515102732747e-06 4.733441659088163e-07
3.2682748876395635 9.52970741291362e-06 4.994876976098902e-07
3.270064887648914 1.2711458935959847e-05 5.32517839471035e-07
3.2718548876582645 1.163993799032975e-05 5.237635419918139e-07
3.273644887667615 8.962030887816834e-06 5.127598269879743e-07
3.2754348876769654 8.888251831052616e-06 4.774903544250215e-07
3.277224887686316 7.983087250243607e-06 5.463109532472751e-07
3.2790148876956664 1.1218350937360204e-05 5.261194315349863e-07
3.280804887705017 1.4118395879745297e-05 5.743936766336437e-07
3.2825948877143674 1.0229924789738752e-05 4.767703794279786e-07
3.284384887723718 9.92119449001053e-06 5.472652227230412e-07
3.2861748877330683 8.179180465316154e-06 4.862204435294977e-07
3.287964887742419 8.379315582364629e-06 4.4996307874807746e-07
3.2897548877517693 1.124790487989137e-05 5.348524906484011e-07
3.2915448877611198 1.2132731736095246e-05 5.342434707022724e-07
3.2933348877704702 9.898161566350462e-06 4.743796343082059e-07
3.2951248877798207 8.820238850510046e-06 4.911679180421783e-07
3.296914887789171 8.320457850507991e-06 4.3947373566966266e-07
3.2987048877985217 8.29126255056564e-06 4.116518967477034e-07
3.300494887807872 1.2733570148166663e-05 5.542495069506592e-07
3.3022848878172226 1.3701882722800989e-05 4.984297580107951e-07
3.304074887826573 1.0051463340938743e-05 4.2424557521598074e-07
3.3058648878359236 8.631329246491432e-06 3.729473846956291e-07
3.307654887845274 9.212108778570515e-06 4.153361087791933e-07
3.3094448878546245 9.73686385524459e-06 3.7634154453341623e-07
3.311234887863975 1.4570362649806751e-05 4.795866203566357e-07
3.3130248878733255 2.0309612405810635e-05 6.551186876987991e-07
3.314814887882676 1.5330530721777927e-05 4.535883669229835e-07
3.3166048878920265 1.0558844874004223e-05 3.77573117579611e-07
3.318394887901377 8.629568311380357e-06 5.166451590587223e-07
3.3201848879107274 9.490106994863318e-06 3.804084674337032e-07
3.321974887920078 1.0916265388196221e-05 3.851213392591858e-07
3.3237648879294284 1.2185260322865799e-05 3.9642903187599696e-07
3.325554887938779 1.1626548069276403e-05 3.744756784461624e-07
3.3273448879481293 1.1247951503427917e-05 3.732036740518694e-07
