#Target name PANSTARRS (C/2017 K2)
#Obs. Start 2022-08-21 21:24:50.752
#Obs. End 2022-08-21 21:30:34.329
#Instrument used NIRSPEC
#Grating used G395M/F290LP
#Lower wavelength (um) 3.255
#Upper wavelength (um) 3.328
#Spectral plate scale (um) 0.001790000009350478
#Center pixel for extract (x,y) = 29,25
#Pixel scale (arcsec/pixel) 0.09999908561794624
#Aperture size (arcsec) 0.09999908561794624 0.09999908561794624
#X offset (arcsec) -0.7999926849435699
#Y offset (arcsec) 0.2999972568538387
#Wave (micron) Flux (Jy) Noise (Jy)
3.25574488757411 8.118896232562511e-06 2.343890006586601e-07
3.2575348875834607 8.116591057322914e-06 2.5024412719738746e-07
3.259324887592811 9.237550883820936e-06 2.6512586132543743e-07
3.2611148876021616 9.78046403476663e-06 2.609932339821218e-07
3.262904887611512 8.889995730640721e-06 2.5119968554495717e-07
3.2646948876208626 8.505824962355604e-06 2.404623467201683e-07
3.266484887630213 8.408982497311271e-06 2.406912055221549e-07
3.2682748876395635 9.004123871859387e-06 2.6212138907555786e-07
3.270064887648914 1.078507572242123e-05 3.092969830374997e-07
3.2718548876582645 1.0534714504022387e-05 3.087680132379522e-07
3.273644887667615 8.972741748731745e-06 2.737404843276871e-07
3.2754348876769654 8.236420719097241e-06 2.743848641915567e-07
3.277224887686316 8.24040613486543e-06 2.773077452524812e-07
3.2790148876956664 9.303586847092672e-06 2.971533169613264e-07
3.280804887705017 1.0851888146897748e-05 3.3330821643436453e-07
3.2825948877143674 1.0884303160681174e-05 3.4636109751108427e-07
3.284384887723718 9.378453487507465e-06 2.993783860164386e-07
3.2861748877330683 9.244780221804942e-06 3.1219501128777755e-07
3.287964887742419 9.280526128631972e-06 3.1139781605833083e-07
3.2897548877517693 9.95980236469629e-06 3.0834215318268854e-07
3.2915448877611198 1.0779517658901096e-05 3.240152265791648e-07
3.2933348877704702 9.950420274572932e-06 3.3011428002936335e-07
3.2951248877798207 8.832101850741521e-06 3.167681525983842e-07
3.296914887789171 8.528666908837129e-06 3.076319007620768e-07
3.2987048877985217 8.927658582104958e-06 3.516450236023954e-07
3.300494887807872 1.0287177596010448e-05 3.858740403924579e-07
3.3022848878172226 1.1325250637201337e-05 3.6982329953858983e-07
3.304074887826573 9.747682308936144e-06 3.297329420892266e-07
3.3058648878359236 9.091791362875401e-06 3.19023538159832e-07
3.307654887845274 9.285471809931708e-06 3.3970413068366285e-07
3.3094448878546245 9.03942595848276e-06 3.2462250935025395e-07
3.311234887863975 1.1743829575457208e-05 3.357785073595779e-07
3.3130248878733255 1.6106638663608918e-05 4.2076217501527403e-07
3.314814887882676 1.4284580992730226e-05 4.2277665362526745e-07
3.3166048878920265 1.085154474661896e-05 3.6205479285641723e-07
3.318394887901377 9.190191233361657e-06 3.3144184600597013e-07
3.3201848879107274 9.275184147271596e-06 3.3422959166018785e-07
3.321974887920078 9.998313405883072e-06 3.558513688090836e-07
3.3237648879294284 1.0331361466345784e-05 3.7758407298994114e-07
3.325554887938779 1.0719392125493004e-05 3.6929982145368354e-07
3.3273448879481293 1.1596886533968592e-05 3.9217342935125143e-07
