#Target name PANSTARRS (C/2017 K2)
#Obs. Start 2022-08-21 21:24:50.752
#Obs. End 2022-08-21 21:30:34.329
#Instrument used NIRSPEC
#Grating used G395M/F290LP
#Lower wavelength (um) 3.255
#Upper wavelength (um) 3.328
#Spectral plate scale (um) 0.001790000009350478
#Center pixel for extract (x,y) = 29,25
#Pixel scale (arcsec/pixel) 0.09999908561794624
#Aperture size (arcsec) 0.09999908561794624 0.09999908561794624
#X offset (arcsec) 0.09999908561794624
#Y offset (arcsec) 0.19999817123589247
#Wave (micron) Flux (Jy) Noise (Jy)
3.25574488757411 2.1444301967214905e-05 5.771906965610567e-07
3.2575348875834607 2.269640035291901e-05 5.610008416092621e-07
3.259324887592811 2.604219320287553e-05 6.27884154034974e-07
3.2611148876021616 2.710444234097833e-05 6.159947599504789e-07
3.262904887611512 2.4125906674818486e-05 5.830462092782891e-07
3.2646948876208626 2.214278710033607e-05 5.488690835877955e-07
3.266484887630213 2.3036725271508748e-05 5.613508543607822e-07
3.2682748876395635 2.5859636952317747e-05 5.816914368990465e-07
3.270064887648914 3.1387979761118146e-05 6.563850322647373e-07
3.2718548876582645 3.0272726834814616e-05 6.44249968006905e-07
3.273644887667615 2.6188931818088528e-05 5.952406176769891e-07
3.2754348876769654 2.3966176231825727e-05 5.580531917945477e-07
3.277224887686316 2.3201769004454777e-05 5.417305270090832e-07
3.2790148876956664 2.8088864244095684e-05 6.012256900294303e-07
3.280804887705017 3.3841044858639234e-05 6.273521301696311e-07
3.2825948877143674 3.0369574679497783e-05 5.811985274910462e-07
3.284384887723718 2.530200510952715e-05 5.259735088316629e-07
3.2861748877330683 2.3152059348432298e-05 5.07229558268472e-07
3.287964887742419 2.2597158568955517e-05 5.11572159639957e-07
3.2897548877517693 2.8164573694594187e-05 5.776939169434855e-07
3.2915448877611198 3.2549278809399426e-05 6.278024507702099e-07
3.2933348877704702 2.8741507681514722e-05 5.967865913863927e-07
3.2951248877798207 2.4496741318438578e-05 5.489223195970725e-07
3.296914887789171 2.3321064288771774e-05 5.18994043863832e-07
3.2987048877985217 2.4156983055139164e-05 5.256803745532123e-07
3.300494887807872 3.145542608637039e-05 6.057076576694121e-07
3.3022848878172226 3.625660670064811e-05 6.411795391434265e-07
3.304074887826573 2.9710638857858015e-05 5.59415641366707e-07
3.3058648878359236 2.3735990452260578e-05 4.6351649038780994e-07
3.307654887845274 2.37366951849476e-05 4.6045256192125357e-07
3.3094448878546245 2.5589553977960054e-05 4.816981285982745e-07
3.311234887863975 3.54901910747798e-05 5.754756004558657e-07
3.3130248878733255 4.861241054055939e-05 6.863572417151076e-07
3.314814887882676 4.31291598644505e-05 6.339915010950389e-07
3.3166048878920265 2.9205858380167902e-05 4.950642335422086e-07
3.318394887901377 2.512166527016823e-05 4.5030490996554024e-07
3.3201848879107274 2.5390618520371157e-05 4.5099131825778633e-07
3.321974887920078 2.8578551248435584e-05 4.7625964996634654e-07
3.3237648879294284 3.1649301097031126e-05 5.071420270616398e-07
3.325554887938779 3.132869972761318e-05 4.93708228329067e-07
3.3273448879481293 2.9843116050526846e-05 4.761736317829359e-07
