#Target name PANSTARRS (C/2017 K2)
#Obs. Start 2022-08-21 21:24:50.752
#Obs. End 2022-08-21 21:30:34.329
#Instrument used NIRSPEC
#Grating used G395M/F290LP
#Lower wavelength (um) 3.255
#Upper wavelength (um) 3.328
#Spectral plate scale (um) 0.001790000009350478
#Center pixel for extract (x,y) = 29,25
#Pixel scale (arcsec/pixel) 0.09999908561794624
#Aperture size (arcsec) 0.09999908561794624 0.09999908561794624
#X offset (arcsec) 0.6999935993256237
#Y offset (arcsec) -0.2999972568538387
#Wave (micron) Flux (Jy) Noise (Jy)
3.25574488757411 7.050486063087136e-06 3.2661319986978626e-07
3.2575348875834607 7.416338264542137e-06 3.0580702640196623e-07
3.259324887592811 8.025970144588021e-06 3.5932804446125e-07
3.2611148876021616 8.18644566755904e-06 3.641352000610574e-07
3.262904887611512 7.375013223942879e-06 3.096745384190825e-07
3.2646948876208626 7.243066822305493e-06 3.0308145480279355e-07
3.266484887630213 7.322596264678095e-06 3.0868692639013767e-07
3.2682748876395635 7.847133914282701e-06 3.166428798628698e-07
3.270064887648914 1.1097541284711947e-05 3.564490410795506e-07
3.2718548876582645 9.953643574839892e-06 3.361829329163695e-07
3.273644887667615 7.389397033270477e-06 3.3407520723328464e-07
3.2754348876769654 7.798540533317905e-06 2.929389863532466e-07
3.277224887686316 7.021676752230993e-06 2.858171570890282e-07
3.2790148876956664 8.778771697784972e-06 2.862958889071895e-07
3.280804887705017 1.0955571719323697e-05 3.855697545710116e-07
3.2825948877143674 9.15941611281558e-06 3.09043999917625e-07
3.284384887723718 7.699552488985995e-06 2.747741034762282e-07
3.2861748877330683 7.277978436810296e-06 3.0129852481420277e-07
3.287964887742419 7.127994554471775e-06 2.8315210642671774e-07
3.2897548877517693 8.500526018105887e-06 2.9623953487156304e-07
3.2915448877611198 1.0141272824816444e-05 3.3331670617689657e-07
3.2933348877704702 8.57496139080763e-06 3.0045139981184467e-07
3.2951248877798207 7.242095349193044e-06 2.7669015150696366e-07
3.296914887789171 7.279325139731289e-06 2.7258859718169436e-07
3.2987048877985217 7.663810168584852e-06 2.866047978557573e-07
3.300494887807872 9.728723565084997e-06 3.226586609869782e-07
3.3022848878172226 1.0767041379842751e-05 3.2789145249043116e-07
3.304074887826573 8.38391158714027e-06 2.9289216668403516e-07
3.3058648878359236 7.045923681054193e-06 2.8430662735422206e-07
3.307654887845274 7.160320355911233e-06 3.5039456578238347e-07
3.3094448878546245 7.399989093827843e-06 2.771323746303419e-07
3.311234887863975 1.0446463322193079e-05 3.0888022914171765e-07
3.3130248878733255 1.5719058997517127e-05 3.8101824389154277e-07
3.314814887882676 1.3360874590079563e-05 3.50127321015813e-07
3.3166048878920265 9.244114043196222e-06 3.017471922965988e-07
3.318394887901377 7.824662266274127e-06 2.68779672793735e-07
3.3201848879107274 7.891392202955217e-06 2.696058676387616e-07
3.321974887920078 9.029755161075409e-06 2.775091454812617e-07
3.3237648879294284 1.0098657119200695e-05 2.8811709278455527e-07
3.325554887938779 1.0058450595175299e-05 3.137728985837952e-07
3.3273448879481293 9.646274323736218e-06 3.010389572405491e-07
