#Target name PANSTARRS (C/2017 K2)
#Obs. Start 2022-08-21 21:24:50.752
#Obs. End 2022-08-21 21:30:34.329
#Instrument used NIRSPEC
#Grating used G395M/F290LP
#Lower wavelength (um) 3.255
#Upper wavelength (um) 3.328
#Spectral plate scale (um) 0.001790000009350478
#Center pixel for extract (x,y) = 29,25
#Pixel scale (arcsec/pixel) 0.09999908561794624
#Aperture size (arcsec) 0.09999908561794624 0.09999908561794624
#X offset (arcsec) -0.19999817123589247
#Y offset (arcsec) 0.19999817123589247
#Wave (micron) Flux (Jy) Noise (Jy)
3.25574488757411 2.2995892019559403e-05 4.058631251747329e-07
3.2575348875834607 2.3480678172923165e-05 4.1809365000288453e-07
3.259324887592811 2.6867618087094248e-05 4.4637065680416195e-07
3.2611148876021616 2.807790591979449e-05 4.5177189824854824e-07
3.262904887611512 2.5093804120656263e-05 4.3353055165083664e-07
3.2646948876208626 2.2848504261260652e-05 4.1766736966333706e-07
3.266484887630213 2.3251478660477257e-05 4.1538783176504877e-07
3.2682748876395635 2.5934808438933032e-05 4.701037740809829e-07
3.270064887648914 3.25747639517605e-05 5.282784038817383e-07
3.2718548876582645 3.096474564205947e-05 4.893170420943787e-07
3.273644887667615 2.539933891491816e-05 4.5543770182840927e-07
3.2754348876769654 2.4512202400442325e-05 4.662802237999485e-07
3.277224887686316 2.4964606714462128e-05 4.5380809154653617e-07
3.2790148876956664 2.9529583526534412e-05 5.018066021360911e-07
3.280804887705017 3.534214700054353e-05 5.5484647874732e-07
3.2825948877143674 3.127062114678074e-05 5.112475320591765e-07
3.284384887723718 2.556856083402386e-05 4.7557049581677985e-07
3.2861748877330683 2.4435463645713923e-05 4.768881711032421e-07
3.287964887742419 2.4674125942865675e-05 4.7046925329414547e-07
3.2897548877517693 2.83922471828247e-05 5.117890823682846e-07
3.2915448877611198 3.134843224284969e-05 5.635350437645601e-07
3.2933348877704702 2.8778453247801332e-05 5.674526536683013e-07
3.2951248877798207 2.4739373789048496e-05 5.287568555103772e-07
3.296914887789171 2.367221483390484e-05 5.089901011142142e-07
3.2987048877985217 2.5449274515771588e-05 5.485877172692906e-07
3.300494887807872 3.1652941319307584e-05 6.246192736428732e-07
3.3022848878172226 3.467255411437717e-05 6.504976339798432e-07
3.304074887826573 2.889424818045151e-05 5.744628274077994e-07
3.3058648878359236 2.4559819376959077e-05 4.962966751759232e-07
3.307654887845274 2.4430446235896424e-05 4.799970980071135e-07
3.3094448878546245 2.5816547838484763e-05 4.846697065982113e-07
3.311234887863975 3.533297292312168e-05 5.758657363470091e-07
3.3130248878733255 4.806817758488686e-05 6.859863828631127e-07
3.314814887882676 4.268779636252731e-05 6.488505678907177e-07
3.3166048878920265 2.899377149884722e-05 5.176764806531787e-07
3.318394887901377 2.55975803990977e-05 4.7663880242820777e-07
3.3201848879107274 2.658483378545373e-05 4.864330513391787e-07
3.321974887920078 2.954216650176293e-05 4.966455111314486e-07
3.3237648879294284 3.209646026318954e-05 5.141889056285866e-07
3.325554887938779 3.194815079343754e-05 5.165463081951805e-07
3.3273448879481293 3.0634676108296856e-05 5.021822802478732e-07
