#Target name PANSTARRS (C/2017 K2)
#Obs. Start 2022-08-21 21:24:50.752
#Obs. End 2022-08-21 21:30:34.329
#Instrument used NIRSPEC
#Grating used G395M/F290LP
#Lower wavelength (um) 3.255
#Upper wavelength (um) 3.328
#Spectral plate scale (um) 0.001790000009350478
#Center pixel for extract (x,y) = 29,25
#Pixel scale (arcsec/pixel) 0.09999908561794624
#Aperture size (arcsec) 0.09999908561794624 0.09999908561794624
#X offset (arcsec) -0.39999634247178495
#Y offset (arcsec) 0.09999908561794624
#Wave (micron) Flux (Jy) Noise (Jy)
3.25574488757411 1.7281424466442524e-05 3.1515084263654933e-07
3.2575348875834607 1.8310362880896335e-05 3.3360832743192545e-07
3.259324887592811 2.0345284790906958e-05 3.521362518732607e-07
3.2611148876021616 2.0553713517821742e-05 3.6011616155016746e-07
3.262904887611512 1.8028462633237242e-05 3.269615595031235e-07
3.2646948876208626 1.7551568410040314e-05 3.299730645100181e-07
3.266484887630213 1.7346381812128402e-05 3.258261755200066e-07
3.2682748876395635 1.9232477807059138e-05 3.545985293781303e-07
3.270064887648914 2.3297038821747162e-05 3.907847260208329e-07
3.2718548876582645 2.2289543647678503e-05 3.7782884655680625e-07
3.273644887667615 1.874297371043953e-05 3.4773071993501984e-07
3.2754348876769654 1.6902468361398752e-05 3.45872671135444e-07
3.277224887686316 1.8101424881505435e-05 3.7934394338082926e-07
3.2790148876956664 2.109850595593282e-05 3.9831902228113895e-07
3.280804887705017 2.3199991930427207e-05 4.0903772850268084e-07
3.2825948877143674 2.1256871763875146e-05 3.9813202379381547e-07
3.284384887723718 1.872161833748864e-05 3.6997070724638256e-07
3.2861748877330683 1.766419294220538e-05 3.547212243700376e-07
3.287964887742419 1.795587158004847e-05 3.859980242561688e-07
3.2897548877517693 2.0163594662201154e-05 4.140611343759618e-07
3.2915448877611198 2.1223356613950534e-05 4.210480804040437e-07
3.2933348877704702 1.9310326560599915e-05 4.1723739082209254e-07
3.2951248877798207 1.783732765195504e-05 4.0544471816076804e-07
3.296914887789171 1.7397694600522874e-05 4.234728965697537e-07
3.2987048877985217 1.7227120598857343e-05 4.3405310511031867e-07
3.300494887807872 2.0482413577952695e-05 4.594466535164888e-07
3.3022848878172226 2.2586449501253548e-05 4.7431412599784293e-07
3.304074887826573 2.0054531450943008e-05 4.338031200183348e-07
3.3058648878359236 1.7853425324553927e-05 4.338294578334508e-07
3.307654887845274 1.7479606774594907e-05 4.4143069137068467e-07
3.3094448878546245 1.85746501910188e-05 4.1847748162977153e-07
3.311234887863975 2.4840430304511386e-05 4.62340142696502e-07
3.3130248878733255 3.223775827033023e-05 5.407174177335899e-07
3.314814887882676 2.8636276566318043e-05 5.334123165026974e-07
3.3166048878920265 2.109616043340198e-05 4.592141242317574e-07
3.318394887901377 1.922352070840352e-05 4.433814268643069e-07
3.3201848879107274 1.9689019063340903e-05 4.601535716817827e-07
3.321974887920078 2.146811404189917e-05 4.5361963607369564e-07
3.3237648879294284 2.31210798016106e-05 4.6161268663920814e-07
3.325554887938779 2.2595320525687846e-05 4.55537897601659e-07
3.3273448879481293 2.127307882246362e-05 4.618099400630555e-07
