#Target name PANSTARRS (C/2017 K2)
#Obs. Start 2022-08-21 21:24:50.752
#Obs. End 2022-08-21 21:30:34.329
#Instrument used NIRSPEC
#Grating used G395M/F290LP
#Lower wavelength (um) 3.255
#Upper wavelength (um) 3.328
#Spectral plate scale (um) 0.001790000009350478
#Center pixel for extract (x,y) = 29,25
#Pixel scale (arcsec/pixel) 0.09999908561794624
#Aperture size (arcsec) 0.09999908561794624 0.09999908561794624
#X offset (arcsec) 0.0
#Y offset (arcsec) 0.4999954280897312
#Wave (micron) Flux (Jy) Noise (Jy)
3.25574488757411 1.162710306868259e-05 4.6077307071605326e-07
3.2575348875834607 1.1066288272916275e-05 4.169597230052847e-07
3.259324887592811 1.3368759347394627e-05 4.619817522782589e-07
3.2611148876021616 1.35752038841868e-05 4.6109086167248466e-07
3.262904887611512 1.1313579510754877e-05 4.5169137177977873e-07
3.2646948876208626 1.10272993404799e-05 4.2162989394753667e-07
3.266484887630213 1.2191725752135632e-05 4.563631678212613e-07
3.2682748876395635 1.4208578351915365e-05 4.7310241838879427e-07
3.270064887648914 1.6923947466042784e-05 5.149467062111684e-07
3.2718548876582645 1.5569867266996648e-05 4.905593463992855e-07
3.273644887667615 1.2496707340204282e-05 4.59203140802475e-07
3.2754348876769654 1.2312822318854942e-05 4.910333149955643e-07
3.277224887686316 1.2356243177082578e-05 4.512340184221849e-07
3.2790148876956664 1.4314196801107963e-05 4.850530058650056e-07
3.280804887705017 1.7165550632422805e-05 5.168344551001303e-07
3.2825948877143674 1.5094109940806262e-05 4.751898863694017e-07
3.284384887723718 1.2184813812842726e-05 4.298805507600452e-07
3.2861748877330683 1.1828909460194936e-05 4.087092903443941e-07
3.287964887742419 1.2306301299983842e-05 4.3061220966017677e-07
3.2897548877517693 1.4791398560324797e-05 4.893882102330964e-07
3.2915448877611198 1.6654027674063003e-05 5.371827708692161e-07
3.2933348877704702 1.4505321919718973e-05 4.787414006430307e-07
3.2951248877798207 1.19862127894679e-05 4.2371447597606217e-07
3.296914887789171 1.1369695420020035e-05 4.1994704765638667e-07
3.2987048877985217 1.2214035114372768e-05 4.423741455308819e-07
3.300494887807872 1.6529429859070404e-05 5.061919604287113e-07
3.3022848878172226 1.8551428083393135e-05 5.097626396656801e-07
3.304074887826573 1.5261925980963817e-05 4.4185515047833575e-07
3.3058648878359236 1.2254199497893979e-05 3.818096672168258e-07
3.307654887845274 1.2035898237115634e-05 3.89958054853618e-07
3.3094448878546245 1.2827224280596446e-05 3.9478437541676507e-07
3.311234887863975 1.790786547632285e-05 4.5344048289300245e-07
3.3130248878733255 2.5076167871351367e-05 5.295444682581541e-07
3.314814887882676 2.1845664267994792e-05 4.876857226564183e-07
3.3166048878920265 1.4608134887260576e-05 4.101739810733175e-07
3.318394887901377 1.3041486329218278e-05 4.14066289863176e-07
3.3201848879107274 1.3243530321445714e-05 4.021241360915922e-07
3.321974887920078 1.4686570021434063e-05 3.861061213739533e-07
3.3237648879294284 1.606468644678247e-05 4.1549155792628215e-07
3.325554887938779 1.606825314732822e-05 4.117887132915453e-07
3.3273448879481293 1.5255986859693067e-05 3.9361688171436854e-07
