#Target name PANSTARRS (C/2017 K2)
#Obs. Start 2022-08-21 21:24:50.752
#Obs. End 2022-08-21 21:30:34.329
#Instrument used NIRSPEC
#Grating used G395M/F290LP
#Lower wavelength (um) 3.255
#Upper wavelength (um) 3.328
#Spectral plate scale (um) 0.001790000009350478
#Center pixel for extract (x,y) = 29,25
#Pixel scale (arcsec/pixel) 0.09999908561794624
#Aperture size (arcsec) 0.09999908561794624 0.09999908561794624
#X offset (arcsec) -0.7999926849435699
#Y offset (arcsec) -0.39999634247178495
#Wave (micron) Flux (Jy) Noise (Jy)
3.25574488757411 6.749728836411471e-06 2.608526068607738e-07
3.2575348875834607 6.823235773111426e-06 2.7529898250874704e-07
3.259324887592811 8.170273576622973e-06 2.8683912035343284e-07
3.2611148876021616 8.021859203913748e-06 2.9442485941007185e-07
3.262904887611512 7.570478814485004e-06 2.5143442832691643e-07
3.2646948876208626 7.099320631192909e-06 3.1707403550010884e-07
3.266484887630213 7.3514634066516846e-06 2.8629801834756067e-07
3.2682748876395635 7.956059048144158e-06 2.928824721265563e-07
3.270064887648914 1.0552691463786658e-05 3.314487106492716e-07
3.2718548876582645 9.4605835369522e-06 3.0853820179158916e-07
3.273644887667615 7.837871072820124e-06 2.965848964770094e-07
3.2754348876769654 6.796657667460937e-06 2.7648625759143285e-07
3.277224887686316 7.381324436899522e-06 2.9188177524691023e-07
3.2790148876956664 8.51927136961669e-06 2.8362657936413696e-07
3.280804887705017 1.1094461441480511e-05 3.5542368752192357e-07
3.2825948877143674 8.685929890818852e-06 3.336691565772625e-07
3.284384887723718 7.487608168094368e-06 3.3108676182409263e-07
3.2861748877330683 7.661909362864142e-06 3.0003708356490844e-07
3.287964887742419 7.365031752392966e-06 3.218470079781699e-07
3.2897548877517693 8.527299583967276e-06 3.224850555588307e-07
3.2915448877611198 1.023765353752768e-05 3.6714065297426574e-07
3.2933348877704702 8.218724397158718e-06 3.264194768339225e-07
3.2951248877798207 7.371077569833889e-06 3.4138551998929585e-07
3.296914887789171 7.206499623950081e-06 3.2583049043865325e-07
3.2987048877985217 7.538199188278855e-06 3.1279556951032646e-07
3.300494887807872 9.662393514890434e-06 3.6571266707279126e-07
3.3022848878172226 1.0177704635594579e-05 3.740648645682576e-07
3.304074887826573 8.558654808900758e-06 3.258603586417529e-07
3.3058648878359236 7.883580070764389e-06 3.047272600390677e-07
3.307654887845274 7.5207893321081465e-06 2.995904614660268e-07
3.3094448878546245 8.185071169837412e-06 3.2142299717375483e-07
3.311234887863975 1.1120412819207047e-05 3.6680624677914953e-07
3.3130248878733255 1.3974957672955859e-05 3.895000290411702e-07
3.314814887882676 1.2082355901464048e-05 3.562789100014823e-07
3.3166048878920265 9.035165284527658e-06 3.1647975352286416e-07
3.318394887901377 7.982209472507485e-06 3.0525933994231505e-07
3.3201848879107274 7.95650107513487e-06 3.2753516349360687e-07
3.321974887920078 9.600245237281437e-06 4.0640747737906625e-07
3.3237648879294284 9.375985129889957e-06 3.433013718873656e-07
3.325554887938779 9.206294285599378e-06 3.440373457061438e-07
3.3273448879481293 9.253306052747508e-06 3.5496933219222065e-07
