#Target name PANSTARRS (C/2017 K2)
#Obs. Start 2022-08-21 21:24:50.752
#Obs. End 2022-08-21 21:30:34.329
#Instrument used NIRSPEC
#Grating used G395M/F290LP
#Lower wavelength (um) 3.255
#Upper wavelength (um) 3.328
#Spectral plate scale (um) 0.001790000009350478
#Center pixel for extract (x,y) = 29,25
#Pixel scale (arcsec/pixel) 0.09999908561794624
#Aperture size (arcsec) 0.09999908561794624 0.09999908561794624
#X offset (arcsec) 0.19999817123589247
#Y offset (arcsec) 0.2999972568538387
#Wave (micron) Flux (Jy) Noise (Jy)
3.25574488757411 1.4161269808024994e-05 5.281996145880083e-07
3.2575348875834607 1.466997204242378e-05 5.119953578947568e-07
3.259324887592811 1.65097098963245e-05 5.369077368339198e-07
3.2611148876021616 1.7353757296967348e-05 5.201473599763894e-07
3.262904887611512 1.5068940403923336e-05 5.088867672183123e-07
3.2646948876208626 1.4122067483248274e-05 5.156730134914201e-07
3.266484887630213 1.4263942008350487e-05 5.245587198566985e-07
3.2682748876395635 1.5880173800902707e-05 5.571827550239167e-07
3.270064887648914 2.092557029281995e-05 6.848337392054092e-07
3.2718548876582645 2.0362634126140804e-05 5.864088197758415e-07
3.273644887667615 1.6369912808417986e-05 5.010563106327126e-07
3.2754348876769654 1.4426036802609998e-05 4.799473363479157e-07
3.277224887686316 1.3574872139792147e-05 4.915174824904623e-07
3.2790148876956664 1.7485068901222533e-05 5.440439958585475e-07
3.280804887705017 2.1825881542795845e-05 5.543063854237289e-07
3.2825948877143674 1.8963070873981357e-05 5.263337204818023e-07
3.284384887723718 1.702692809899466e-05 4.830147391645512e-07
3.2861748877330683 1.5618371883920714e-05 4.4648256449945265e-07
3.287964887742419 1.4726814202931285e-05 4.2950226688570385e-07
3.2897548877517693 1.8684324887890878e-05 6.083650871767103e-07
3.2915448877611198 2.1455973990267837e-05 5.868291040596072e-07
3.2933348877704702 1.8085216029704014e-05 4.856575427787742e-07
3.2951248877798207 1.516196332539681e-05 4.496203229051904e-07
3.296914887789171 1.4706558069515105e-05 4.445389458197021e-07
3.2987048877985217 1.501423037360633e-05 4.5197590423988806e-07
3.300494887807872 1.942814961708983e-05 4.981901959690487e-07
3.3022848878172226 2.2918419840736876e-05 5.273156166444879e-07
3.304074887826573 1.9182043693007254e-05 4.7677609529423784e-07
3.3058648878359236 1.5177280950365027e-05 4.2020224427348916e-07
3.307654887845274 1.4771911715261624e-05 4.150440112019762e-07
3.3094448878546245 1.6075304060624292e-05 5.134659045847006e-07
3.311234887863975 2.33267989837669e-05 5.543591170918654e-07
3.3130248878733255 3.149733347287324e-05 5.483863730784145e-07
3.314814887882676 2.7523604073441026e-05 5.065831050021359e-07
3.3166048878920265 1.8819608458817172e-05 4.250882171859787e-07
3.318394887901377 1.5696480653338382e-05 3.9222184610074126e-07
3.3201848879107274 1.593271673337681e-05 3.8687678265561833e-07
3.321974887920078 1.798812251484751e-05 3.966262852998443e-07
3.3237648879294284 2.009147522401667e-05 4.128349129496471e-07
3.325554887938779 1.9943951181534177e-05 4.207678348436288e-07
3.3273448879481293 1.8817246797369836e-05 3.993537061498656e-07
