#Target name PANSTARRS (C/2017 K2)
#Obs. Start 2022-08-21 21:24:50.752
#Obs. End 2022-08-21 21:30:34.329
#Instrument used NIRSPEC
#Grating used G395M/F290LP
#Lower wavelength (um) 3.255
#Upper wavelength (um) 3.328
#Spectral plate scale (um) 0.001790000009350478
#Center pixel for extract (x,y) = 29,25
#Pixel scale (arcsec/pixel) 0.09999908561794624
#Aperture size (arcsec) 0.09999908561794624 0.09999908561794624
#X offset (arcsec) 0.6999935993256237
#Y offset (arcsec) -0.7999926849435699
#Wave (micron) Flux (Jy) Noise (Jy)
3.25574488757411 5.084059507901035e-06 2.1676398695361478e-07
3.2575348875834607 5.210246557865314e-06 2.39362406711649e-07
3.259324887592811 5.6438943127934174e-06 2.449699236825075e-07
3.2611148876021616 5.980624287733537e-06 2.525066575916594e-07
3.262904887611512 5.687379278383804e-06 2.5846376702975416e-07
3.2646948876208626 5.094176367028225e-06 2.3289496007725373e-07
3.266484887630213 4.724239674789875e-06 2.402929161159062e-07
3.2682748876395635 5.417730261558576e-06 2.4477527602121946e-07
3.270064887648914 7.442605696050065e-06 2.6619587709295267e-07
3.2718548876582645 7.212324427895645e-06 2.751634548367087e-07
3.273644887667615 5.476830525465896e-06 2.3835111866805205e-07
3.2754348876769654 5.619555033503598e-06 2.346064697565566e-07
3.277224887686316 4.463072555190083e-06 5.076395876157138e-07
3.2790148876956664 3.325988830353866e-06 1.3908034069276808e-06
3.280804887705017 7.706681407045134e-06 2.825316267291184e-07
3.2825948877143674 6.226969157440907e-06 4.2574610218483324e-07
3.284384887723718 4.778516195877655e-06 6.20244058210968e-07
3.2861748877330683 5.307327520231209e-06 2.6533180062448264e-07
3.287964887742419 5.314544754027843e-06 2.9035101582857883e-07
3.2897548877517693 6.307958275149981e-06 2.8914337096760655e-07
3.2915448877611198 7.26538156418146e-06 3.351648082484233e-07
3.2933348877704702 5.878627232081483e-06 3.080182821136187e-07
3.2951248877798207 5.184284420861114e-06 2.8415666992177446e-07
3.296914887789171 4.710913412796041e-06 2.996146698407717e-07
3.2987048877985217 4.9702200739663635e-06 2.531325729659955e-07
3.300494887807872 6.955253006660103e-06 3.134303388735739e-07
3.3022848878172226 7.85127802939644e-06 3.4988456481350997e-07
3.304074887826573 6.0102813400089865e-06 3.365620293403262e-07
3.3058648878359236 5.175016648062941e-06 3.2513447164578503e-07
3.307654887845274 5.229831133033941e-06 3.111553680645025e-07
3.3094448878546245 6.03341154547127e-06 3.2404226486808705e-07
3.311234887863975 7.817754810013581e-06 3.360346846400092e-07
3.3130248878733255 1.0980791466169054e-05 3.905600980806363e-07
3.314814887882676 8.299134755390092e-06 4.108265144522921e-07
3.3166048878920265 5.9362095412316514e-06 3.1081401316922804e-07
3.318394887901377 5.801670153677144e-06 3.3611509903296973e-07
3.3201848879107274 5.213976440788974e-06 3.2685990674435665e-07
3.321974887920078 5.775131498711426e-06 3.164096220853798e-07
3.3237648879294284 6.865127469001008e-06 3.427515559873433e-07
3.325554887938779 7.417274770002176e-06 4.274115487066354e-07
3.3273448879481293 6.2743193935322295e-06 3.6093434297485024e-07
