#Target name PANSTARRS (C/2017 K2)
#Obs. Start 2022-08-21 21:24:50.752
#Obs. End 2022-08-21 21:30:34.329
#Instrument used NIRSPEC
#Grating used G395M/F290LP
#Lower wavelength (um) 3.255
#Upper wavelength (um) 3.328
#Spectral plate scale (um) 0.001790000009350478
#Center pixel for extract (x,y) = 29,25
#Pixel scale (arcsec/pixel) 0.09999908561794624
#Aperture size (arcsec) 0.09999908561794624 0.09999908561794624
#X offset (arcsec) 0.19999817123589247
#Y offset (arcsec) 0.5999945137076774
#Wave (micron) Flux (Jy) Noise (Jy)
3.25574488757411 8.548336661620599e-06 3.1756904632952804e-07
3.2575348875834607 8.814577677245627e-06 3.0904612935799606e-07
3.259324887592811 1.0225237331102961e-05 3.176326493511379e-07
3.2611148876021616 1.0896812614178985e-05 3.2768610158938324e-07
3.262904887611512 9.913623544960679e-06 3.030417239285015e-07
3.2646948876208626 9.482492116096339e-06 2.809471269603695e-07
3.266484887630213 9.014051995324215e-06 2.8182725828847934e-07
3.2682748876395635 1.0094716533756108e-05 2.878399293088879e-07
3.270064887648914 1.3543013918627854e-05 3.4490486850574066e-07
3.2718548876582645 1.2746617565547694e-05 3.206827924931867e-07
3.273644887667615 1.0279260560862392e-05 2.906266942997769e-07
3.2754348876769654 9.011433007819405e-06 2.985588596820478e-07
3.277224887686316 8.91641155051977e-06 2.747180655717261e-07
3.2790148876956664 1.095749583681268e-05 3.133409023779885e-07
3.280804887705017 1.3676658492923272e-05 3.7564418083084e-07
3.2825948877143674 1.2366635742699918e-05 3.5283201849555867e-07
3.284384887723718 9.817375530007304e-06 3.1084177995090877e-07
3.2861748877330683 9.547898661624706e-06 2.9982147772733666e-07
3.287964887742419 9.081622052269598e-06 2.788668878694429e-07
3.2897548877517693 1.1003611894095249e-05 3.1280431142342877e-07
3.2915448877611198 1.2995637460664377e-05 3.3924142570618915e-07
3.2933348877704702 1.122836244522693e-05 3.209113430866985e-07
3.2951248877798207 9.415253803545606e-06 3.4339506726369307e-07
3.296914887789171 8.628849232989787e-06 3.273451949973448e-07
3.2987048877985217 8.840177585235125e-06 2.8728820812011254e-07
3.300494887807872 1.196083255006405e-05 3.2873011576920947e-07
3.3022848878172226 1.3680013594341621e-05 3.5695461505396843e-07
3.304074887826573 1.1208690002624045e-05 3.2571000894397375e-07
3.3058648878359236 9.141365631320603e-06 2.931657157148621e-07
3.307654887845274 9.38425363477505e-06 3.028312455591917e-07
3.3094448878546245 9.577039268572265e-06 3.122991016953902e-07
3.311234887863975 1.38214756804667e-05 3.820804143524276e-07
3.3130248878733255 1.97282061458076e-05 4.341936481748099e-07
3.314814887882676 1.7144075114204662e-05 3.817423376745665e-07
3.3166048878920265 1.1638084704752057e-05 3.0461927499709214e-07
3.318394887901377 9.950879337086613e-06 3.0081043466598955e-07
3.3201848879107274 1.0409524032151773e-05 3.326281404253271e-07
3.321974887920078 1.1822537277998194e-05 3.381665906788868e-07
3.3237648879294284 1.2762359285377185e-05 3.388699224182925e-07
3.325554887938779 1.1989490782729655e-05 3.3290636862118e-07
3.3273448879481293 1.155566774123627e-05 3.248485102191109e-07
