#Target name PANSTARRS (C/2017 K2)
#Obs. Start 2022-08-21 21:24:50.752
#Obs. End 2022-08-21 21:30:34.329
#Instrument used NIRSPEC
#Grating used G395M/F290LP
#Lower wavelength (um) 3.255
#Upper wavelength (um) 3.328
#Spectral plate scale (um) 0.001790000009350478
#Center pixel for extract (x,y) = 29,25
#Pixel scale (arcsec/pixel) 0.09999908561794624
#Aperture size (arcsec) 0.09999908561794624 0.09999908561794624
#X offset (arcsec) -0.19999817123589247
#Y offset (arcsec) -0.4999954280897312
#Wave (micron) Flux (Jy) Noise (Jy)
3.25574488757411 9.655397294589158e-06 3.1294112796727066e-07
3.2575348875834607 1.0182978474863081e-05 3.034082398428975e-07
3.259324887592811 1.1307502312087435e-05 3.237539498494238e-07
3.2611148876021616 1.151917675443098e-05 3.44826667610008e-07
3.262904887611512 1.0570213844069607e-05 3.2171744834296105e-07
3.2646948876208626 9.7078909137073e-06 3.2114479699685424e-07
3.266484887630213 9.795048235640727e-06 3.318418165493538e-07
3.2682748876395635 1.1510338904436146e-05 3.2921397505563274e-07
3.270064887648914 1.5295638384312276e-05 3.847722791520423e-07
3.2718548876582645 1.2961330607224961e-05 3.450424415612933e-07
3.273644887667615 1.0443710740323937e-05 3.2132448253764016e-07
3.2754348876769654 9.824436305974568e-06 3.2215468409283863e-07
3.277224887686316 1.0553467028384968e-05 3.3504404656422127e-07
3.2790148876956664 1.2729513900487184e-05 3.8394319835493385e-07
3.280804887705017 1.4685727211350351e-05 4.0319443204862984e-07
3.2825948877143674 1.2353295135002532e-05 3.723313319924854e-07
3.284384887723718 9.895473540147306e-06 3.610201370066429e-07
3.2861748877330683 1.0339326021636857e-05 3.5882636512119505e-07
3.287964887742419 1.0454000196196993e-05 4.1398290546127684e-07
3.2897548877517693 1.3041046992046982e-05 4.002039132369713e-07
3.2915448877611198 1.3927054678974526e-05 4.1810625853139746e-07
3.2933348877704702 1.1935617286251052e-05 3.845265249218484e-07
3.2951248877798207 1.0121025657464985e-05 3.548850792028017e-07
3.296914887789171 9.616059582235163e-06 3.3422950760333115e-07
3.2987048877985217 1.0358605750604992e-05 3.883047965760451e-07
3.300494887807872 1.4700618948244355e-05 4.3986983959763567e-07
3.3022848878172226 1.5654295318829205e-05 4.3547543118343846e-07
3.304074887826573 1.147288854870578e-05 3.5540387812268214e-07
3.3058648878359236 9.50733887464933e-06 3.3681237867868923e-07
3.307654887845274 9.747090548664602e-06 3.306129613415274e-07
3.3094448878546245 1.079993876790813e-05 3.33080702542086e-07
3.311234887863975 1.7154029239257176e-05 4.3762745483003227e-07
3.3130248878733255 2.2026934784871683e-05 4.798047198809579e-07
3.314814887882676 1.698489160115984e-05 3.986196376198404e-07
3.3166048878920265 1.2237281430373178e-05 3.3949328806797375e-07
3.318394887901377 1.0824772973970513e-05 3.210240633316044e-07
3.3201848879107274 1.074748549608123e-05 3.2416142947201076e-07
3.321974887920078 1.278360078930613e-05 3.529158512006938e-07
3.3237648879294284 1.364518401932901e-05 3.5101613821912064e-07
3.325554887938779 1.2785524906795115e-05 3.714836746300345e-07
3.3273448879481293 1.2540928868011443e-05 3.873580922173868e-07
