#Target name PANSTARRS (C/2017 K2)
#Obs. Start 2022-08-21 21:24:50.752
#Obs. End 2022-08-21 21:30:34.329
#Instrument used NIRSPEC
#Grating used G395M/F290LP
#Lower wavelength (um) 3.255
#Upper wavelength (um) 3.328
#Spectral plate scale (um) 0.001790000009350478
#Center pixel for extract (x,y) = 29,25
#Pixel scale (arcsec/pixel) 0.09999908561794624
#Aperture size (arcsec) 0.09999908561794624 0.09999908561794624
#X offset (arcsec) -0.6999935993256237
#Y offset (arcsec) -0.19999817123589247
#Wave (micron) Flux (Jy) Noise (Jy)
3.25574488757411 9.170600381947727e-06 3.5082877548541793e-07
3.2575348875834607 9.959388132506211e-06 3.5802084826292975e-07
3.259324887592811 1.0928921885155446e-05 3.3302813898766306e-07
3.2611148876021616 1.08257063413079e-05 3.4009701243212704e-07
3.262904887611512 1.0160947957238747e-05 3.6208093453886746e-07
3.2646948876208626 9.494893976817504e-06 3.1851838446969796e-07
3.266484887630213 9.534272036462742e-06 3.1035262508251e-07
3.2682748876395635 1.0738093543286679e-05 3.243341943315907e-07
3.270064887648914 1.2912248575732905e-05 3.41709531153127e-07
3.2718548876582645 1.2322594432793634e-05 3.3343497417434826e-07
3.273644887667615 9.888322206926368e-06 2.9377381103556657e-07
3.2754348876769654 9.246572538142536e-06 2.836096559169773e-07
3.277224887686316 9.992562571971448e-06 2.9275263230182493e-07
3.2790148876956664 1.1870438478766583e-05 3.190971719663478e-07
3.280804887705017 1.3506548036803783e-05 3.3878886358943025e-07
3.2825948877143674 1.190338876661381e-05 3.0001133414778975e-07
3.284384887723718 1.0280134752172624e-05 2.7117184688007256e-07
3.2861748877330683 9.834992053969817e-06 2.75989173359547e-07
3.287964887742419 9.835359662623351e-06 2.682654409630716e-07
3.2897548877517693 1.1342269124647004e-05 2.942773676454223e-07
3.2915448877611198 1.2234848937014553e-05 3.277613324761773e-07
3.2933348877704702 1.018870599700643e-05 3.170354814218114e-07
3.2951248877798207 9.00021018460896e-06 2.9135090015860963e-07
3.296914887789171 9.089716615499116e-06 2.715518959484057e-07
3.2987048877985217 9.877554859803716e-06 2.89136282172687e-07
3.300494887807872 1.2087611808603108e-05 3.129913099107523e-07
3.3022848878172226 1.284565223341615e-05 3.1362316530296555e-07
3.304074887826573 1.0954298538133408e-05 2.8064749228499686e-07
3.3058648878359236 9.733454060831445e-06 2.6838830406869244e-07
3.307654887845274 9.674889519291164e-06 2.640935310487e-07
3.3094448878546245 1.016368350358492e-05 2.6761881958302195e-07
3.311234887863975 1.4313586212100507e-05 3.0092245443708926e-07
3.3130248878733255 1.8080386907245642e-05 3.2873188096320124e-07
3.314814887882676 1.516360052881474e-05 3.0623484778388745e-07
3.3166048878920265 1.118547775766957e-05 2.6328905089166795e-07
3.318394887901377 9.777498060557144e-06 2.515669579710638e-07
3.3201848879107274 1.0265184735857939e-05 2.576236467654588e-07
3.321974887920078 1.1740953261894926e-05 2.70058709945043e-07
3.3237648879294284 1.2247242728277471e-05 2.900459174575172e-07
3.325554887938779 1.2073306452341814e-05 2.9131111324641315e-07
3.3273448879481293 1.177878198555649e-05 2.8104953623084703e-07
