#Target name PANSTARRS (C/2017 K2)
#Obs. Start 2022-08-21 21:24:50.752
#Obs. End 2022-08-21 21:30:34.329
#Instrument used NIRSPEC
#Grating used G395M/F290LP
#Lower wavelength (um) 3.255
#Upper wavelength (um) 3.328
#Spectral plate scale (um) 0.001790000009350478
#Center pixel for extract (x,y) = 29,25
#Pixel scale (arcsec/pixel) 0.09999908561794624
#Aperture size (arcsec) 0.09999908561794624 0.09999908561794624
#X offset (arcsec) -0.39999634247178495
#Y offset (arcsec) 0.0
#Wave (micron) Flux (Jy) Noise (Jy)
3.25574488757411 1.7097037345468842e-05 4.6846155527059683e-07
3.2575348875834607 1.7830292877575464e-05 5.06812468145263e-07
3.259324887592811 1.9842953842098443e-05 5.299569072352895e-07
3.2611148876021616 2.0152647097177626e-05 5.557600647044176e-07
3.262904887611512 1.77042031094134e-05 5.260797566985988e-07
3.2646948876208626 1.7197215186589137e-05 5.591886318155691e-07
3.266484887630213 1.7219056520247872e-05 5.006930729357301e-07
3.2682748876395635 1.98706805006396e-05 5.35907292124844e-07
3.270064887648914 2.4441191167857276e-05 5.851981208490739e-07
3.2718548876582645 2.195094379994096e-05 5.576557709758188e-07
3.273644887667615 1.8541516995451276e-05 4.98852732113977e-07
3.2754348876769654 1.632446023992472e-05 4.513898037967007e-07
3.277224887686316 1.7590016688774053e-05 5.012424125135641e-07
3.2790148876956664 2.207037178201581e-05 5.779723692909563e-07
3.280804887705017 2.4298035392106526e-05 5.636261053593761e-07
3.2825948877143674 2.0709400265625628e-05 5.149344339100824e-07
3.284384887723718 1.8232420880282466e-05 4.870814659321723e-07
3.2861748877330683 1.748779996453635e-05 4.6413215082562205e-07
3.287964887742419 1.765757060680294e-05 4.6102692242344776e-07
3.2897548877517693 2.0193010527335627e-05 5.114661359246391e-07
3.2915448877611198 2.1834225362624586e-05 5.423900931450728e-07
3.2933348877704702 1.9298453697697244e-05 5.104949430017133e-07
3.2951248877798207 1.785955990603558e-05 4.813731087521623e-07
3.296914887789171 1.75529922211179e-05 4.5594526514843694e-07
3.2987048877985217 1.7738523411949896e-05 4.691261087800872e-07
3.300494887807872 2.144411009342989e-05 5.191651836241813e-07
3.3022848878172226 2.369385532771384e-05 5.237913928303513e-07
3.304074887826573 2.114412529322988e-05 4.833299523773753e-07
3.3058648878359236 1.8789009073139615e-05 4.350698008117001e-07
3.307654887845274 1.8046943485838796e-05 4.135156614135384e-07
3.3094448878546245 1.8346386735729694e-05 4.1541268457569545e-07
3.311234887863975 2.5712091391279924e-05 4.913731848863695e-07
3.3130248878733255 3.325954535156311e-05 5.539976165699224e-07
3.314814887882676 2.8383291877382028e-05 5.060378561913306e-07
3.3166048878920265 2.144018116386944e-05 4.458750295577932e-07
3.318394887901377 1.8984471077255854e-05 4.148421906889119e-07
3.3201848879107274 1.9472052849599418e-05 4.1066924407330696e-07
3.321974887920078 2.1781890442851994e-05 4.402013038027655e-07
3.3237648879294284 2.318121878411577e-05 4.442387507652844e-07
3.325554887938779 2.297006616673895e-05 4.2180204239016707e-07
3.3273448879481293 2.2077888930677344e-05 4.1053626612592355e-07
