#Target name PANSTARRS (C/2017 K2)
#Obs. Start 2022-08-21 21:24:50.752
#Obs. End 2022-08-21 21:30:34.329
#Instrument used NIRSPEC
#Grating used G395M/F290LP
#Lower wavelength (um) 3.255
#Upper wavelength (um) 3.328
#Spectral plate scale (um) 0.001790000009350478
#Center pixel for extract (x,y) = 29,25
#Pixel scale (arcsec/pixel) 0.09999908561794624
#Aperture size (arcsec) 0.09999908561794624 0.09999908561794624
#X offset (arcsec) -0.5999945137076774
#Y offset (arcsec) 0.19999817123589247
#Wave (micron) Flux (Jy) Noise (Jy)
3.25574488757411 1.0830577604270458e-05 2.601913035497446e-07
3.2575348875834607 1.1427834970092573e-05 2.675610725224326e-07
3.259324887592811 1.297611026830996e-05 2.8154303403684473e-07
3.2611148876021616 1.30495423383695e-05 2.7719816313022737e-07
3.262904887611512 1.1818425440717448e-05 2.618278064938714e-07
3.2646948876208626 1.1727817977079636e-05 2.6457660580446025e-07
3.266484887630213 1.1992178808932812e-05 3.142634824187587e-07
3.2682748876395635 1.3885102462148082e-05 3.3527368989687083e-07
3.270064887648914 1.5951776793759298e-05 3.2352212103849865e-07
3.2718548876582645 1.4446365561150414e-05 3.110083526220413e-07
3.273644887667615 1.1984962023439413e-05 3.2573068693073504e-07
3.2754348876769654 1.0692216879932143e-05 3.569851557119221e-07
3.277224887686316 1.174598591402245e-05 3.943340548161863e-07
3.2790148876956664 1.3872158154511335e-05 3.5976746568940315e-07
3.280804887705017 1.5083974701246395e-05 3.2723311918834057e-07
3.2825948877143674 1.3995552723618465e-05 3.1147030108780423e-07
3.284384887723718 1.1958302326599971e-05 2.9639582458721933e-07
3.2861748877330683 1.1956005220818622e-05 2.9705813658052954e-07
3.287964887742419 1.2402670356810942e-05 3.068973559098634e-07
3.2897548877517693 1.3163016853470053e-05 3.2335198996043034e-07
3.2915448877611198 1.4007703534527463e-05 3.4124012964606516e-07
3.2933348877704702 1.273126676614001e-05 3.3156745496891154e-07
3.2951248877798207 1.1214479390613963e-05 3.1372145578746225e-07
3.296914887789171 1.0832839742399398e-05 3.2033037011177307e-07
3.2987048877985217 1.127941790756393e-05 3.316056448008297e-07
3.300494887807872 1.3726865765537729e-05 3.5739574543820893e-07
3.3022848878172226 1.4856588127086933e-05 3.728499347797e-07
3.304074887826573 1.2246225079931712e-05 5.350864488996973e-07
3.3058648878359236 1.1102147152158781e-05 5.812262662537747e-07
3.307654887845274 1.178914854958614e-05 3.3583754329197083e-07
3.3094448878546245 1.2059162485245486e-05 3.397057277639412e-07
3.311234887863975 1.6167216983285383e-05 3.630884400239106e-07
3.3130248878733255 2.161409233482388e-05 4.4123335388998056e-07
3.314814887882676 1.918504015183679e-05 4.3489210461652395e-07
3.3166048878920265 1.4144514026275631e-05 3.610011401570167e-07
3.318394887901377 1.3104148362335753e-05 3.8308671502252395e-07
3.3201848879107274 1.2887419749309355e-05 3.7055058748217023e-07
3.321974887920078 1.40901509826633e-05 3.594967185538013e-07
3.3237648879294284 1.466334970702134e-05 3.7767471430047326e-07
3.325554887938779 1.4171736791979513e-05 3.6824417940867316e-07
3.3273448879481293 1.4438297896115056e-05 3.8086153389160264e-07
