#Target name PANSTARRS (C/2017 K2)
#Obs. Start 2022-08-21 21:24:50.752
#Obs. End 2022-08-21 21:30:34.329
#Instrument used NIRSPEC
#Grating used G395M/F290LP
#Lower wavelength (um) 3.255
#Upper wavelength (um) 3.328
#Spectral plate scale (um) 0.001790000009350478
#Center pixel for extract (x,y) = 29,25
#Pixel scale (arcsec/pixel) 0.09999908561794624
#Aperture size (arcsec) 0.09999908561794624 0.09999908561794624
#X offset (arcsec) -0.7999926849435699
#Y offset (arcsec) -0.5999945137076774
#Wave (micron) Flux (Jy) Noise (Jy)
3.25574488757411 6.078483504517156e-06 2.452011640954354e-07
3.2575348875834607 6.126085238723884e-06 2.529035460502955e-07
3.259324887592811 6.519362838945444e-06 2.816013694954314e-07
3.2611148876021616 6.980067487380101e-06 2.953790168100289e-07
3.262904887611512 5.887083576022466e-06 2.69950668865163e-07
3.2646948876208626 5.9415192447590336e-06 2.5088057769777003e-07
3.266484887630213 6.575086034575851e-06 2.5004998387724e-07
3.2682748876395635 7.229278359675326e-06 2.899044217486494e-07
3.270064887648914 8.278677782124179e-06 3.002093440833479e-07
3.2718548876582645 7.687699351425713e-06 2.89738745683989e-07
3.273644887667615 6.339946055949482e-06 2.467971236156549e-07
3.2754348876769654 6.333928929915666e-06 2.945308831253898e-07
3.277224887686316 6.174613167416222e-06 2.985511264512265e-07
3.2790148876956664 7.201313652115839e-06 2.886048186863892e-07
3.280804887705017 8.65337500642579e-06 3.1030838315690564e-07
3.2825948877143674 7.370599230281059e-06 2.739143419264048e-07
3.284384887723718 6.061480707684749e-06 2.890965232794428e-07
3.2861748877330683 6.1276170908813526e-06 2.9148995821863157e-07
3.287964887742419 5.844811270685505e-06 2.624193145948432e-07
3.2897548877517693 7.468861919977092e-06 3.207933272598171e-07
3.2915448877611198 8.290585612679253e-06 3.1902457486106535e-07
3.2933348877704702 6.991185407633316e-06 3.2892834985638563e-07
3.2951248877798207 6.14684929970647e-06 3.0456029510260373e-07
3.296914887789171 6.5588193516569835e-06 3.2569552314566e-07
3.2987048877985217 6.271575329424572e-06 3.055771869366509e-07
3.300494887807872 7.911382044249202e-06 3.6478229776329525e-07
3.3022848878172226 8.256866933085492e-06 3.736555076758698e-07
3.304074887826573 6.928752457469446e-06 3.629057284362815e-07
3.3058648878359236 6.831834229178226e-06 3.399835356755103e-07
3.307654887845274 6.80851080502122e-06 3.0272687496205653e-07
3.3094448878546245 7.359458446562806e-06 3.3539708536258443e-07
3.311234887863975 9.134416034555872e-06 3.6832756381057227e-07
3.3130248878733255 1.2267913990490203e-05 4.685042841727797e-07
3.314814887882676 9.438287623812146e-06 4.391630895460553e-07
3.3166048878920265 7.3670518067744575e-06 3.601438722939437e-07
3.318394887901377 6.901438237905419e-06 3.556819101858692e-07
3.3201848879107274 7.2108261984808776e-06 4.2297917461213797e-07
3.321974887920078 8.023346674050851e-06 4.0585074079783794e-07
3.3237648879294284 8.239255788761811e-06 4.2908517676249483e-07
3.325554887938779 8.278916279445739e-06 4.1882261908359994e-07
3.3273448879481293 7.25650516010833e-06 3.72367784649364e-07
