#Target name PANSTARRS (C/2017 K2)
#Obs. Start 2022-08-21 21:24:50.752
#Obs. End 2022-08-21 21:30:34.329
#Instrument used NIRSPEC
#Grating used G395M/F290LP
#Lower wavelength (um) 3.255
#Upper wavelength (um) 3.328
#Spectral plate scale (um) 0.001790000009350478
#Center pixel for extract (x,y) = 29,25
#Pixel scale (arcsec/pixel) 0.09999908561794624
#Aperture size (arcsec) 0.09999908561794624 0.09999908561794624
#X offset (arcsec) 0.39999634247178495
#Y offset (arcsec) -0.2999972568538387
#Wave (micron) Flux (Jy) Noise (Jy)
3.25574488757411 1.0999702689877185e-05 5.048729962704457e-07
3.2575348875834607 1.108667889730326e-05 4.903469067033181e-07
3.259324887592811 1.1357699722030698e-05 5.439660471333851e-07
3.2611148876021616 1.2587003681396298e-05 5.258511220482303e-07
3.262904887611512 1.1442329510319465e-05 4.5859386868577596e-07
3.2646948876208626 1.072831873952857e-05 4.1724974718003525e-07
3.266484887630213 1.0902901468730563e-05 4.681196680152296e-07
3.2682748876395635 1.2174139712793168e-05 4.5598258639283535e-07
3.270064887648914 1.6884850044223294e-05 4.934418801689686e-07
3.2718548876582645 1.4933369022319517e-05 4.797303575816835e-07
3.273644887667615 1.0491644218925316e-05 3.816344366894477e-07
3.2754348876769654 1.1045991792208854e-05 4.1341821149760933e-07
3.277224887686316 1.1989968673979249e-05 3.8945802863174585e-07
3.2790148876956664 1.3209593766479247e-05 4.545978897725887e-07
3.280804887705017 1.6413970257240766e-05 4.84591869948858e-07
3.2825948877143674 1.373101077725794e-05 4.4274982364266387e-07
3.284384887723718 1.1994345906775715e-05 4.096343360529624e-07
3.2861748877330683 1.1072508928619243e-05 3.7751077541085243e-07
3.287964887742419 1.1181366816995297e-05 3.9375865761275883e-07
3.2897548877517693 1.2880641404380783e-05 4.369290544262227e-07
3.2915448877611198 1.4987284659302309e-05 4.447350784854594e-07
3.2933348877704702 1.3208106296342143e-05 4.1481324711123657e-07
3.2951248877798207 1.1157720614508357e-05 4.0469980629622177e-07
3.296914887789171 1.0983751164133236e-05 4.0502664737423025e-07
3.2987048877985217 1.1295602550990607e-05 3.864592442291733e-07
3.300494887807872 1.5112526237741825e-05 4.595295335772474e-07
3.3022848878172226 1.5989828772432398e-05 4.853651930309868e-07
3.304074887826573 1.2949328632990322e-05 4.543444303305257e-07
3.3058648878359236 1.1461420951928472e-05 3.7246629928547866e-07
3.307654887845274 1.1889726277192964e-05 3.799696346035474e-07
3.3094448878546245 1.1603943723509967e-05 3.740925753120338e-07
3.311234887863975 1.6866340500214634e-05 4.422888558402297e-07
3.3130248878733255 2.406445147401237e-05 5.429382559269123e-07
3.314814887882676 1.950564331446768e-05 4.601062196524784e-07
3.3166048878920265 1.3718847413858335e-05 3.744878947093439e-07
3.318394887901377 1.2087413658572788e-05 3.931057880063572e-07
3.3201848879107274 1.263379577995878e-05 4.303519135937646e-07
3.321974887920078 1.4218263495026271e-05 3.9220055169703047e-07
3.3237648879294284 1.5005488460504001e-05 4.19901993181167e-07
3.325554887938779 1.4985957681723698e-05 4.460740201566801e-07
3.3273448879481293 1.4471657036513532e-05 4.2439186216568344e-07
