#Target name PANSTARRS (C/2017 K2)
#Obs. Start 2022-08-21 21:24:50.752
#Obs. End 2022-08-21 21:30:34.329
#Instrument used NIRSPEC
#Grating used G395M/F290LP
#Lower wavelength (um) 3.255
#Upper wavelength (um) 3.328
#Spectral plate scale (um) 0.001790000009350478
#Center pixel for extract (x,y) = 29,25
#Pixel scale (arcsec/pixel) 0.09999908561794624
#Aperture size (arcsec) 0.09999908561794624 0.09999908561794624
#X offset (arcsec) 0.6999935993256237
#Y offset (arcsec) 0.5999945137076774
#Wave (micron) Flux (Jy) Noise (Jy)
3.25574488757411 4.733814087001484e-06 4.452661497064257e-07
3.2575348875834607 5.428032718225476e-06 4.5804926431087235e-07
3.259324887592811 7.189613834262274e-06 4.357210733378234e-07
3.2611148876021616 7.5854772475491795e-06 4.441241252316254e-07
3.262904887611512 6.5141809018403265e-06 4.645855535109485e-07
3.2646948876208626 5.919316578692069e-06 4.4257823557907845e-07
3.266484887630213 5.975909930903585e-06 4.145606562566934e-07
3.2682748876395635 6.31883590486869e-06 4.1985029821426377e-07
3.270064887648914 8.726335461481038e-06 4.719552104078275e-07
3.2718548876582645 8.898219405202213e-06 4.5409155928646e-07
3.273644887667615 6.400455336927604e-06 4.2034144242827236e-07
3.2754348876769654 6.163491212433883e-06 4.060080391957753e-07
3.277224887686316 5.745130149550714e-06 3.709910734305089e-07
3.2790148876956664 7.424355271311825e-06 4.230080341329566e-07
3.280804887705017 9.75968248995784e-06 4.4103254205919726e-07
3.2825948877143674 7.42494882479631e-06 3.857681007339967e-07
3.284384887723718 7.304792349962927e-06 4.3749041413457236e-07
3.2861748877330683 6.077449268951665e-06 3.551619064510421e-07
3.287964887742419 5.729339116365261e-06 3.510893797603049e-07
3.2897548877517693 7.339418843609623e-06 3.4741645936657213e-07
3.2915448877611198 7.931084971472139e-06 4.082620798475152e-07
3.2933348877704702 7.369077240794782e-06 3.589560928701174e-07
3.2951248877798207 6.599322652424623e-06 3.0489198345935155e-07
3.296914887789171 6.504447790283168e-06 3.368970519523919e-07
3.2987048877985217 6.182496579821576e-06 3.9003956198571634e-07
3.300494887807872 7.608602521675867e-06 3.5349716040304623e-07
3.3022848878172226 8.894820370066733e-06 4.41815895926232e-07
3.304074887826573 7.375757407314668e-06 5.135676694192765e-07
3.3058648878359236 5.250844450615754e-06 1.2130946592609428e-06
3.307654887845274 6.021748488483059e-06 4.1924873130943384e-07
3.3094448878546245 6.190048247832278e-06 3.1722993295043365e-07
3.311234887863975 8.41792435365686e-06 3.4607925487039097e-07
3.3130248878733255 1.2027283642132336e-05 3.9413834243471274e-07
3.314814887882676 1.088515224701019e-05 3.9320704849979253e-07
3.3166048878920265 7.490270192709835e-06 3.0332194146996426e-07
3.318394887901377 6.971020728077283e-06 3.185991350900855e-07
3.3201848879107274 7.1503151242898125e-06 3.1993244495190373e-07
3.321974887920078 8.342077722368134e-06 3.5353378117363833e-07
3.3237648879294284 7.92657952395017e-06 3.213374833314846e-07
3.325554887938779 7.554840204399796e-06 3.2191870847698033e-07
3.3273448879481293 7.515623533919526e-06 3.276046785141417e-07
