#Target name PANSTARRS (C/2017 K2)
#Obs. Start 2022-08-21 21:24:50.752
#Obs. End 2022-08-21 21:30:34.329
#Instrument used NIRSPEC
#Grating used G395M/F290LP
#Lower wavelength (um) 3.255
#Upper wavelength (um) 3.328
#Spectral plate scale (um) 0.001790000009350478
#Center pixel for extract (x,y) = 29,25
#Pixel scale (arcsec/pixel) 0.09999908561794624
#Aperture size (arcsec) 0.09999908561794624 0.09999908561794624
#X offset (arcsec) -0.5999945137076774
#Y offset (arcsec) -0.6999935993256237
#Wave (micron) Flux (Jy) Noise (Jy)
3.25574488757411 6.126990362957402e-06 2.573829639656223e-07
3.2575348875834607 6.587505379123222e-06 2.5816466471447426e-07
3.259324887592811 7.2181008150917215e-06 2.6811312993863496e-07
3.2611148876021616 7.2896410454952705e-06 2.7560276398905287e-07
3.262904887611512 6.47931591087207e-06 2.6993483815714114e-07
3.2646948876208626 6.268255643961868e-06 2.7292827093983384e-07
3.266484887630213 6.477691259944745e-06 2.630830555547183e-07
3.2682748876395635 7.2296038278246745e-06 2.7879095650884255e-07
3.270064887648914 8.493873198083398e-06 3.0018639656145425e-07
3.2718548876582645 8.293064729574428e-06 2.977764584593896e-07
3.273644887667615 6.617643909074155e-06 2.675607923329101e-07
3.2754348876769654 6.4197256515277825e-06 2.6654322804400883e-07
3.277224887686316 6.58932324874527e-06 2.656991571074461e-07
3.2790148876956664 7.627715481840203e-06 2.9246232793755185e-07
3.280804887705017 8.923597851393118e-06 3.0230532982543954e-07
3.2825948877143674 8.351179174665747e-06 2.93953552614257e-07
3.284384887723718 6.863388500748499e-06 2.7343673086633353e-07
3.2861748877330683 6.2980346347175146e-06 2.6617942996798127e-07
3.287964887742419 6.6634578099756485e-06 2.945799723297336e-07
3.2897548877517693 7.310119537316515e-06 2.964543001405673e-07
3.2915448877611198 7.689788444505551e-06 3.015276638057118e-07
3.2933348877704702 6.993807084957541e-06 2.8519230643487765e-07
3.2951248877798207 6.638491802761877e-06 3.1903581046091803e-07
3.296914887789171 6.999495156416121e-06 2.992693922921821e-07
3.2987048877985217 7.136725259993201e-06 3.1086649266679425e-07
3.300494887807872 7.923065723186271e-06 3.352502380338367e-07
3.3022848878172226 9.226964651205638e-06 3.5111725861779464e-07
3.304074887826573 7.061459629698353e-06 3.134604312282915e-07
3.3058648878359236 6.169597550811667e-06 3.0328896316316476e-07
3.307654887845274 6.663614716108254e-06 3.093614826655816e-07
3.3094448878546245 7.355584209997151e-06 3.381667587926003e-07
3.311234887863975 9.825445884862078e-06 4.068609080833449e-07
3.3130248878733255 1.376686248364867e-05 4.2221212777531335e-07
3.314814887882676 1.1011229462681644e-05 4.352587326067289e-07
3.3166048878920265 7.715759547574472e-06 3.895316344193094e-07
3.318394887901377 7.028653695493122e-06 4.062447713233444e-07
3.3201848879107274 7.461268559765442e-06 3.8705248950518463e-07
3.321974887920078 7.6260146193627555e-06 3.605304497781514e-07
3.3237648879294284 9.198596919036971e-06 3.9941263000644953e-07
3.325554887938779 8.704409846813934e-06 4.0863293869951003e-07
3.3273448879481293 7.625915992650832e-06 3.637610910106014e-07
