#Target name PANSTARRS (C/2017 K2)
#Obs. Start 2022-08-21 21:24:50.752
#Obs. End 2022-08-21 21:30:34.329
#Instrument used NIRSPEC
#Grating used G395M/F290LP
#Lower wavelength (um) 3.255
#Upper wavelength (um) 3.328
#Spectral plate scale (um) 0.001790000009350478
#Center pixel for extract (x,y) = 29,25
#Pixel scale (arcsec/pixel) 0.09999908561794624
#Aperture size (arcsec) 0.09999908561794624 0.09999908561794624
#X offset (arcsec) -0.2999972568538387
#Y offset (arcsec) -0.6999935993256237
#Wave (micron) Flux (Jy) Noise (Jy)
3.25574488757411 6.605559895347324e-06 3.087557409368662e-07
3.2575348875834607 6.5283732856861446e-06 2.9379037023634687e-07
3.259324887592811 7.815982219018371e-06 3.2154204970186953e-07
3.2611148876021616 8.225380803607094e-06 3.3382611874777283e-07
3.262904887611512 7.21319727429617e-06 3.222077800073544e-07
3.2646948876208626 6.749357193028813e-06 3.209187961279973e-07
3.266484887630213 7.051683481030536e-06 2.924533618728315e-07
3.2682748876395635 8.043993727888838e-06 3.2699661121238953e-07
3.270064887648914 1.0240967395048315e-05 3.490593226128599e-07
3.2718548876582645 9.622533080963243e-06 3.5573122354183105e-07
3.273644887667615 7.345591082563101e-06 2.966917327419426e-07
3.2754348876769654 6.715474882753905e-06 2.838059847154004e-07
3.277224887686316 7.156584645045506e-06 3.0257966338692957e-07
3.2790148876956664 8.724511763916924e-06 3.1429094099196474e-07
3.280804887705017 1.1147786214798228e-05 3.447826498360216e-07
3.2825948877143674 8.677492823917018e-06 2.9910424858761437e-07
3.284384887723718 7.6182500073149455e-06 2.993339759771207e-07
3.2861748877330683 7.955040503191927e-06 2.977098013719844e-07
3.287964887742419 7.102612970158216e-06 2.8073858189876495e-07
3.2897548877517693 9.248136219829762e-06 3.023151644776797e-07
3.2915448877611198 1.0540188286534151e-05 3.2937715743354287e-07
3.2933348877704702 7.996478964509899e-06 2.9024258248336727e-07
3.2951248877798207 7.398683186501326e-06 2.775953317783859e-07
3.296914887789171 6.54423604738936e-06 2.891005019706624e-07
3.2987048877985217 7.578591309843962e-06 2.8885970709501693e-07
3.300494887807872 1.043086326618617e-05 3.0654442918730923e-07
3.3022848878172226 1.1788636587290608e-05 3.3908012059807985e-07
3.304074887826573 8.80119223922464e-06 2.9932557029144545e-07
3.3058648878359236 7.372114943522031e-06 2.7686445740891746e-07
3.307654887845274 6.981302562795326e-06 2.7363154664133506e-07
3.3094448878546245 7.368094560101433e-06 2.5092944275049583e-07
3.311234887863975 1.0456318820533672e-05 3.0119535903201443e-07
3.3130248878733255 1.660853924131086e-05 3.8804402418744464e-07
3.314814887882676 1.302138889514765e-05 3.553567222260436e-07
3.3166048878920265 8.796687688309144e-06 2.988019240928256e-07
3.318394887901377 7.626624311763738e-06 2.8285115486058926e-07
3.3201848879107274 7.3841846115453085e-06 2.825978915511921e-07
3.321974887920078 9.040574511373435e-06 2.996137732342997e-07
3.3237648879294284 9.881119767136522e-06 3.2244882705357013e-07
3.325554887938779 9.281523155028873e-06 3.7255506332621e-07
3.3273448879481293 9.012284783967836e-06 3.3570661072810176e-07
