#Target name PANSTARRS (C/2017 K2)
#Obs. Start 2022-08-21 21:24:50.752
#Obs. End 2022-08-21 21:30:34.329
#Instrument used NIRSPEC
#Grating used G395M/F290LP
#Lower wavelength (um) 3.255
#Upper wavelength (um) 3.328
#Spectral plate scale (um) 0.001790000009350478
#Center pixel for extract (x,y) = 29,25
#Pixel scale (arcsec/pixel) 0.09999908561794624
#Aperture size (arcsec) 0.09999908561794624 0.09999908561794624
#X offset (arcsec) 0.6999935993256237
#Y offset (arcsec) 0.09999908561794624
#Wave (micron) Flux (Jy) Noise (Jy)
3.25574488757411 7.6314794358098e-06 4.4570691584428694e-07
3.2575348875834607 8.214374062556412e-06 3.927432788021332e-07
3.259324887592811 8.770704929356086e-06 3.772618830580064e-07
3.2611148876021616 8.990685534056551e-06 4.001858410127693e-07
3.262904887611512 7.504363053237257e-06 3.759541264806411e-07
3.2646948876208626 7.23217036385087e-06 5.62885900678808e-07
3.266484887630213 6.8851061027140935e-06 3.144057626582895e-07
3.2682748876395635 7.671006332129396e-06 3.8502019084155957e-07
3.270064887648914 1.0570270330277346e-05 4.0552919530180493e-07
3.2718548876582645 1.0985443060545963e-05 3.6949601015734537e-07
3.273644887667615 8.382947735182837e-06 3.323855243177853e-07
3.2754348876769654 7.569391230834427e-06 3.230266619058434e-07
3.277224887686316 7.5537427580780275e-06 3.4240585815447e-07
3.2790148876956664 9.312155715145895e-06 3.927350972680759e-07
3.280804887705017 1.1048462839645779e-05 3.58944997365026e-07
3.2825948877143674 9.589676936795577e-06 3.2306608457166066e-07
3.284384887723718 7.2029741673020455e-06 2.913554392288743e-07
3.2861748877330683 7.4908798851108185e-06 2.985323537532183e-07
3.287964887742419 7.2977109520468066e-06 3.1147694157948775e-07
3.2897548877517693 9.219617857773795e-06 3.270676112373937e-07
3.2915448877611198 1.0487849780335671e-05 3.261478330918486e-07
3.2933348877704702 8.765651655279707e-06 3.4379372091632096e-07
3.2951248877798207 8.256706440526997e-06 3.1667829581851505e-07
3.296914887789171 7.336085709049838e-06 2.719924659536011e-07
3.2987048877985217 7.2769800655036856e-06 3.001416502947094e-07
3.300494887807872 1.0285647985369159e-05 3.612393292701028e-07
3.3022848878172226 1.171727657478794e-05 3.6064465502752664e-07
3.304074887826573 9.53148448694119e-06 3.086259571500394e-07
3.3058648878359236 7.777533940284632e-06 3.1759911066529344e-07
3.307654887845274 7.291330700391818e-06 2.894782815038633e-07
3.3094448878546245 7.918441923609993e-06 3.189447208471499e-07
3.311234887863975 1.2058700732912388e-05 3.8514837754810805e-07
3.3130248878733255 1.691133938583305e-05 4.1604773412846537e-07
3.314814887882676 1.4233407178338917e-05 3.7518248453564724e-07
3.3166048878920265 1.0460806335926197e-05 3.315290690043276e-07
3.318394887901377 8.67453581577225e-06 3.2791176623081317e-07
3.3201848879107274 8.656433331101895e-06 3.1552262611396845e-07
3.321974887920078 1.0138847504309594e-05 3.339420331532354e-07
3.3237648879294284 1.0692780845403052e-05 3.418945402948406e-07
3.325554887938779 1.0074472952830537e-05 3.460491625156734e-07
3.3273448879481293 9.709717301090832e-06 3.516564833538661e-07
