#Target name PANSTARRS (C/2017 K2)
#Obs. Start 2022-08-21 21:24:50.752
#Obs. End 2022-08-21 21:30:34.329
#Instrument used NIRSPEC
#Grating used G395M/F290LP
#Lower wavelength (um) 3.255
#Upper wavelength (um) 3.328
#Spectral plate scale (um) 0.001790000009350478
#Center pixel for extract (x,y) = 29,25
#Pixel scale (arcsec/pixel) 0.09999908561794624
#Aperture size (arcsec) 0.09999908561794624 0.09999908561794624
#X offset (arcsec) -0.39999634247178495
#Y offset (arcsec) 0.19999817123589247
#Wave (micron) Flux (Jy) Noise (Jy)
3.25574488757411 1.622138277347387e-05 3.71797795103721e-07
3.2575348875834607 1.6728395801279345e-05 3.8252745673559307e-07
3.259324887592811 1.8498899496622584e-05 4.0146140381399824e-07
3.2611148876021616 1.9261278600153795e-05 3.9873751335196057e-07
3.262904887611512 1.7245626556440115e-05 3.70579923325177e-07
3.2646948876208626 1.612186662792993e-05 4.046075398864591e-07
3.266484887630213 1.6220602725843197e-05 4.0132299018987804e-07
3.2682748876395635 1.8059192923459713e-05 3.956613686222228e-07
3.270064887648914 2.166653305416017e-05 4.3476204064017464e-07
3.2718548876582645 2.129656632560501e-05 4.1692063656689446e-07
3.273644887667615 1.8237470567932956e-05 3.8966281915374873e-07
3.2754348876769654 1.6749403290919087e-05 3.91539220367049e-07
3.277224887686316 1.723734011942558e-05 4.0326963491647163e-07
3.2790148876956664 1.9741621171842163e-05 4.0620854281808384e-07
3.280804887705017 2.210747873746739e-05 4.0904876796986776e-07
3.2825948877143674 2.0545954285412763e-05 3.960620396394128e-07
3.284384887723718 1.777442532830306e-05 3.5812345366607305e-07
3.2861748877330683 1.6802396319842154e-05 3.340566586868944e-07
3.287964887742419 1.6875399812008062e-05 3.526612710005408e-07
3.2897548877517693 1.886993498009241e-05 3.720820473743078e-07
3.2915448877611198 2.0170337142870847e-05 3.7949888818677756e-07
3.2933348877704702 1.8508837482758604e-05 3.6786354194234273e-07
3.2951248877798207 1.6889673787042833e-05 3.4929476586862546e-07
3.296914887789171 1.6521815876909892e-05 3.578139843384603e-07
3.2987048877985217 1.6714892907810522e-05 3.609442336649948e-07
3.300494887807872 1.95924258548958e-05 3.735140960238588e-07
3.3022848878172226 2.1649617676458787e-05 3.9135606047618396e-07
3.304074887826573 1.8401151459041498e-05 3.534544034819111e-07
3.3058648878359236 1.609490746452883e-05 3.3950903471913885e-07
3.307654887845274 1.5964548056346943e-05 3.4066820679271685e-07
3.3094448878546245 1.713433976113132e-05 3.2982302302071375e-07
3.311234887863975 2.297110264382062e-05 3.6644889306213967e-07
3.3130248878733255 3.0854714095811535e-05 4.4095862806315906e-07
3.314814887882676 2.745154560449664e-05 4.3357994906365524e-07
3.3166048878920265 1.9328572502305794e-05 3.6160029743195305e-07
3.318394887901377 1.7310540865015334e-05 3.423589544284017e-07
3.3201848879107274 1.8193133377890902e-05 3.552417884839098e-07
3.321974887920078 1.9551920760915216e-05 3.5866987927287294e-07
3.3237648879294284 2.157389388025673e-05 3.7832587475078755e-07
3.325554887938779 2.1525464578276316e-05 3.752366451703485e-07
3.3273448879481293 1.991725024079702e-05 3.752299206218083e-07
