#Target name PANSTARRS (C/2017 K2)
#Obs. Start 2022-08-21 21:24:50.752
#Obs. End 2022-08-21 21:30:34.329
#Instrument used NIRSPEC
#Grating used G395M/F290LP
#Lower wavelength (um) 3.255
#Upper wavelength (um) 3.328
#Spectral plate scale (um) 0.001790000009350478
#Center pixel for extract (x,y) = 29,25
#Pixel scale (arcsec/pixel) 0.09999908561794624
#Aperture size (arcsec) 0.09999908561794624 0.09999908561794624
#X offset (arcsec) 0.09999908561794624
#Y offset (arcsec) -0.4999954280897312
#Wave (micron) Flux (Jy) Noise (Jy)
3.25574488757411 1.0247175498260674e-05 4.205607467675413e-07
3.2575348875834607 1.0751503189682412e-05 4.4647104871007745e-07
3.259324887592811 1.1074762100683465e-05 4.5085820021564166e-07
3.2611148876021616 1.093753020389344e-05 5.008718338510919e-07
3.262904887611512 9.984407039501832e-06 4.954494941356605e-07
3.2646948876208626 1.0170939739763088e-05 4.4805722961596136e-07
3.266484887630213 9.985542143295426e-06 4.0600372427712866e-07
3.2682748876395635 1.1887040940809225e-05 4.77262504305316e-07
3.270064887648914 1.6199952085579326e-05 5.936754229663412e-07
3.2718548876582645 1.4798893293824526e-05 5.62001510469956e-07
3.273644887667615 1.1816033294650062e-05 5.606867491545279e-07
3.2754348876769654 1.0680933087481602e-05 5.204138762502014e-07
3.277224887686316 1.1112811389537147e-05 7.062139369479963e-07
3.2790148876956664 1.194485412612594e-05 5.546259135551999e-07
3.280804887705017 1.563984740213886e-05 6.202878238143841e-07
3.2825948877143674 1.3353616560688453e-05 5.989098115500724e-07
3.284384887723718 1.0275749449917909e-05 5.107832019824721e-07
3.2861748877330683 1.0472969699325803e-05 5.575094560071639e-07
3.287964887742419 1.0560485663848044e-05 5.42742123261155e-07
3.2897548877517693 1.3547885181590411e-05 5.931042286057513e-07
3.2915448877611198 1.5401651340352564e-05 7.320465703548926e-07
3.2933348877704702 1.2428184190579127e-05 6.483563135730092e-07
3.2951248877798207 9.476102001770156e-06 5.7421065683754e-07
3.296914887789171 9.424366015120883e-06 5.403570940076415e-07
3.2987048877985217 1.0148194626780543e-05 5.006405093813072e-07
3.300494887807872 1.5226434710374844e-05 6.948676622339355e-07
3.3022848878172226 1.6029263318285374e-05 6.954423869825089e-07
3.304074887826573 1.2755664324850512e-05 6.019872451516138e-07
3.3058648878359236 1.0044981772752413e-05 5.358283347174005e-07
3.307654887845274 1.0118539367718036e-05 5.0543242267109e-07
3.3094448878546245 1.127893732649492e-05 4.898584242897735e-07
3.311234887863975 1.5926729195356573e-05 6.124553498642224e-07
3.3130248878733255 2.6047996039962534e-05 7.964830997563296e-07
3.314814887882676 1.9026835733059434e-05 6.478759006177128e-07
3.3166048878920265 1.2748270907882123e-05 5.801406439298557e-07
3.318394887901377 1.0360361306077236e-05 4.4929872137125295e-07
3.3201848879107274 1.1621191742212475e-05 5.022765920411502e-07
3.321974887920078 1.271639475458839e-05 5.141146554051214e-07
3.3237648879294284 1.434938591531586e-05 5.529768301015122e-07
3.325554887938779 1.3803216289663739e-05 5.471890111729183e-07
3.3273448879481293 1.369313991309219e-05 6.071617292154323e-07
