#Target name PANSTARRS (C/2017 K2)
#Obs. Start 2022-08-21 21:24:50.752
#Obs. End 2022-08-21 21:30:34.329
#Instrument used NIRSPEC
#Grating used G395M/F290LP
#Lower wavelength (um) 3.255
#Upper wavelength (um) 3.328
#Spectral plate scale (um) 0.001790000009350478
#Center pixel for extract (x,y) = 29,25
#Pixel scale (arcsec/pixel) 0.09999908561794624
#Aperture size (arcsec) 0.09999908561794624 0.09999908561794624
#X offset (arcsec) -0.6999935993256237
#Y offset (arcsec) -0.5999945137076774
#Wave (micron) Flux (Jy) Noise (Jy)
3.25574488757411 6.212500170498468e-06 2.50331686423172e-07
3.2575348875834607 6.25916495094192e-06 2.546911832228644e-07
3.259324887592811 7.331548880301349e-06 2.987832914895787e-07
3.2611148876021616 7.560669043074486e-06 3.113600465106964e-07
3.262904887611512 6.3764912874463306e-06 2.9085600140499943e-07
3.2646948876208626 6.486953204800851e-06 2.7070387433957554e-07
3.266484887630213 6.539795603836614e-06 2.683929552147661e-07
3.2682748876395635 7.006294571596787e-06 2.945156688343175e-07
3.270064887648914 8.911175368723095e-06 3.6009993857681407e-07
3.2718548876582645 8.462560113654103e-06 3.2928688036939e-07
3.273644887667615 6.747111642119605e-06 2.80230542256549e-07
3.2754348876769654 6.263340895585416e-06 3.0991071016760657e-07
3.277224887686316 6.353000197879053e-06 3.2107884038325524e-07
3.2790148876956664 7.086289801031612e-06 3.3910640237529134e-07
3.280804887705017 8.524364990984312e-06 3.6139102387759e-07
3.2825948877143674 8.11842820398411e-06 3.6439476763471104e-07
3.284384887723718 7.255872155939074e-06 3.337620394039747e-07
3.2861748877330683 6.909585700916787e-06 3.1465642020512737e-07
3.287964887742419 6.496967402486993e-06 3.01745763330034e-07
3.2897548877517693 7.936496888137332e-06 3.186123039976435e-07
3.2915448877611198 8.755575591746993e-06 3.6441718279651185e-07
3.2933348877704702 7.438399715089756e-06 3.608553575484545e-07
3.2951248877798207 6.601214043777378e-06 3.457980846845518e-07
3.296914887789171 6.985440849966997e-06 3.390615440327374e-07
3.2987048877985217 7.116624687799919e-06 3.430945079628961e-07
3.300494887807872 9.119619337947904e-06 3.6738382946085254e-07
3.3022848878172226 1.0102166436932234e-05 4.228881130173221e-07
3.304074887826573 6.90945479637187e-06 3.5616795495056815e-07
3.3058648878359236 6.556541074611547e-06 3.523922610399785e-07
3.307654887845274 6.9327710476771e-06 3.407410560685696e-07
3.3094448878546245 7.558103851957998e-06 3.530144498936652e-07
3.311234887863975 9.546254285354998e-06 3.609191006648256e-07
3.3130248878733255 1.339284488705286e-05 4.281439641184777e-07
3.314814887882676 9.012042700220387e-06 3.2883095597836094e-07
3.3166048878920265 7.723048958192103e-06 3.5122768130861604e-07
3.318394887901377 7.467104122988671e-06 3.392552670686011e-07
3.3201848879107274 7.707228336993074e-06 3.352810869002651e-07
3.321974887920078 8.455824805836187e-06 3.2378067992987127e-07
3.3237648879294284 8.964111911438422e-06 3.1985267499484497e-07
3.325554887938779 8.314692670892817e-06 3.1665831830556006e-07
3.3273448879481293 8.119688832683789e-06 3.126064696015842e-07
