#Target name PANSTARRS (C/2017 K2)
#Obs. Start 2022-08-21 21:24:50.752
#Obs. End 2022-08-21 21:30:34.329
#Instrument used NIRSPEC
#Grating used G395M/F290LP
#Lower wavelength (um) 3.255
#Upper wavelength (um) 3.328
#Spectral plate scale (um) 0.001790000009350478
#Center pixel for extract (x,y) = 29,25
#Pixel scale (arcsec/pixel) 0.09999908561794624
#Aperture size (arcsec) 0.09999908561794624 0.09999908561794624
#X offset (arcsec) -0.2999972568538387
#Y offset (arcsec) 0.2999972568538387
#Wave (micron) Flux (Jy) Noise (Jy)
3.25574488757411 1.563942241067112e-05 3.4998439634038043e-07
3.2575348875834607 1.605080159895656e-05 3.703547350059354e-07
3.259324887592811 1.804069951836755e-05 4.003148122499809e-07
3.2611148876021616 1.8439162193816884e-05 3.677990703332131e-07
3.262904887611512 1.6694050393761632e-05 3.5775780633919697e-07
3.2646948876208626 1.5776680309048827e-05 3.919284316327683e-07
3.266484887630213 1.5725362141015522e-05 3.926190427678521e-07
3.2682748876395635 1.7715347927860776e-05 3.7925898991760414e-07
3.270064887648914 2.2550864983591483e-05 4.173620751596097e-07
3.2718548876582645 2.1305616671333715e-05 4.023404704219225e-07
3.273644887667615 1.6876540295440487e-05 3.7480994454651737e-07
3.2754348876769654 1.6123855301084902e-05 3.5282518187120944e-07
3.277224887686316 1.668847170829264e-05 3.417396515267968e-07
3.2790148876956664 1.9719889224173016e-05 3.765812746888762e-07
3.280804887705017 2.3154169960067462e-05 4.0943315997579985e-07
3.2825948877143674 2.1642152530972638e-05 3.987006964487027e-07
3.284384887723718 1.833312233958243e-05 3.663287477948872e-07
3.2861748877330683 1.7059344009384554e-05 3.536770420764979e-07
3.287964887742419 1.7028142104157794e-05 3.531146176479627e-07
3.2897548877517693 1.969094856046872e-05 3.8897234811342625e-07
3.2915448877611198 2.1495792283690843e-05 4.26088830008768e-07
3.2933348877704702 1.8677589580072962e-05 4.0726508146956623e-07
3.2951248877798207 1.5842876764879057e-05 3.706220358104104e-07
3.296914887789171 1.5726543868345665e-05 3.6950831047738363e-07
3.2987048877985217 1.6939381649852368e-05 3.788635024065806e-07
3.300494887807872 2.0749225731900414e-05 4.269811495811071e-07
3.3022848878172226 2.2835444291389012e-05 4.731271871425842e-07
3.304074887826573 1.8447448630831413e-05 4.1698342703888904e-07
3.3058648878359236 1.6195784658697314e-05 4.030988033645971e-07
3.307654887845274 1.691027780377016e-05 3.966390339231185e-07
3.3094448878546245 1.711012779996053e-05 3.784348124371396e-07
3.311234887863975 2.293765384277494e-05 4.239462207301306e-07
3.3130248878733255 3.1353600282554495e-05 5.236474314536856e-07
3.314814887882676 2.8454145307228e-05 5.49512678921002e-07
3.3166048878920265 1.9625410213788962e-05 4.6978839275444517e-07
3.318394887901377 1.7042491394136215e-05 4.5663923855779087e-07
3.3201848879107274 1.808128530693062e-05 4.149686962583254e-07
3.321974887920078 1.9560954967727423e-05 4.2747411502701193e-07
3.3237648879294284 2.0961803953567765e-05 4.283037001652609e-07
3.325554887938779 2.0732274489940147e-05 4.5455535700307156e-07
3.3273448879481293 1.9480834213386513e-05 4.716226814825121e-07
