#Target name PANSTARRS (C/2017 K2)
#Obs. Start 2022-08-21 21:24:50.752
#Obs. End 2022-08-21 21:30:34.329
#Instrument used NIRSPEC
#Grating used G395M/F290LP
#Lower wavelength (um) 3.255
#Upper wavelength (um) 3.328
#Spectral plate scale (um) 0.001790000009350478
#Center pixel for extract (x,y) = 29,25
#Pixel scale (arcsec/pixel) 0.09999908561794624
#Aperture size (arcsec) 0.09999908561794624 0.09999908561794624
#X offset (arcsec) 0.4999954280897312
#Y offset (arcsec) -0.4999954280897312
#Wave (micron) Flux (Jy) Noise (Jy)
3.25574488757411 7.015481201509241e-06 4.999469282372848e-07
3.2575348875834607 7.570965671799318e-06 3.8479197647547476e-07
3.259324887592811 8.897216999166479e-06 4.308551619951456e-07
3.2611148876021616 8.212043782335596e-06 3.8362193304842335e-07
3.262904887611512 7.680579399431295e-06 3.7019743660799806e-07
3.2646948876208626 7.41295805814257e-06 4.0374733003339973e-07
3.266484887630213 7.225912050676076e-06 3.8999153750155804e-07
3.2682748876395635 8.073671402113145e-06 4.369906120643182e-07
3.270064887648914 1.1762996332009868e-05 5.019717458406588e-07
3.2718548876582645 1.0888826540332582e-05 4.5155382674317834e-07
3.273644887667615 7.360791252083484e-06 3.84790435433101e-07
3.2754348876769654 7.24396746350665e-06 3.785829766566431e-07
3.277224887686316 7.744899257915559e-06 3.616240014655574e-07
3.2790148876956664 8.904114592755832e-06 4.033098421129519e-07
3.280804887705017 1.2518127268821161e-05 4.6403730667225234e-07
3.2825948877143674 9.555200624732946e-06 4.61824621994035e-07
3.284384887723718 8.229748173732368e-06 3.9879610098111756e-07
3.2861748877330683 7.791902058998968e-06 4.167834277577211e-07
3.287964887742419 7.477272536988002e-06 3.7136560276524864e-07
3.2897548877517693 9.277905347914218e-06 4.078050907363006e-07
3.2915448877611198 1.1150006212422983e-05 4.5467779982440865e-07
3.2933348877704702 8.307445400779371e-06 4.930855911721443e-07
3.2951248877798207 8.623674020433209e-06 4.0980631638187926e-07
3.296914887789171 6.812526705409458e-06 3.6090301778623355e-07
3.2987048877985217 8.023674832019615e-06 3.754878911151837e-07
3.300494887807872 1.045992586837066e-05 4.6606915703264137e-07
3.3022848878172226 1.3101727524861263e-05 4.781333333412785e-07
3.304074887826573 9.087803257287797e-06 3.9739165099953386e-07
3.3058648878359236 7.280784366764524e-06 3.7277767390184456e-07
3.307654887845274 7.65211035073129e-06 4.015668391313189e-07
3.3094448878546245 8.450801119773384e-06 4.2316774216078756e-07
3.311234887863975 1.1883857091227035e-05 4.813994465672784e-07
3.3130248878733255 1.8945676708423908e-05 6.047807907289476e-07
3.314814887882676 1.3391459630053569e-05 4.891212456560484e-07
3.3166048878920265 8.987411127220683e-06 3.727963065050915e-07
3.318394887901377 8.244748400009489e-06 4.1354382046055074e-07
3.3201848879107274 9.115467153375917e-06 4.4981754831008557e-07
3.321974887920078 9.783222892881079e-06 3.990283500763264e-07
3.3237648879294284 1.1814741284723863e-05 4.604183507805551e-07
3.325554887938779 1.1130953324892272e-05 4.2461993643700694e-07
3.3273448879481293 9.899396193462452e-06 4.454971099298311e-07
