#Target name PANSTARRS (C/2017 K2)
#Obs. Start 2022-08-21 21:24:50.752
#Obs. End 2022-08-21 21:30:34.329
#Instrument used NIRSPEC
#Grating used G395M/F290LP
#Lower wavelength (um) 3.255
#Upper wavelength (um) 3.328
#Spectral plate scale (um) 0.001790000009350478
#Center pixel for extract (x,y) = 29,25
#Pixel scale (arcsec/pixel) 0.09999908561794624
#Aperture size (arcsec) 0.09999908561794624 0.09999908561794624
#X offset (arcsec) -0.39999634247178495
#Y offset (arcsec) -0.2999972568538387
#Wave (micron) Flux (Jy) Noise (Jy)
3.25574488757411 1.2587877872706532e-05 3.7235733358017436e-07
3.2575348875834607 1.2001628144541572e-05 3.7821822593623904e-07
3.259324887592811 1.3718998043745636e-05 3.7328184692864986e-07
3.2611148876021616 1.4104438406795153e-05 3.8711738139859805e-07
3.262904887611512 1.2489099634289079e-05 3.8332067327382016e-07
3.2646948876208626 1.1794498600404764e-05 3.643521508083372e-07
3.266484887630213 1.1623376772184819e-05 3.5142064783276904e-07
3.2682748876395635 1.437526377131169e-05 3.984175929551581e-07
3.270064887648914 1.8029153020220704e-05 4.1937467649980227e-07
3.2718548876582645 1.6784213140589316e-05 3.9154521642283074e-07
3.273644887667615 1.225746314545218e-05 3.352302044829772e-07
3.2754348876769654 1.1799599394624161e-05 3.334942342583592e-07
3.277224887686316 1.287486456888147e-05 3.505119371733631e-07
3.2790148876956664 1.54801940673027e-05 3.846421871567407e-07
3.280804887705017 1.836247544226386e-05 4.2801998025476684e-07
3.2825948877143674 1.5514523335903914e-05 3.672006975889398e-07
3.284384887723718 1.305502329373304e-05 3.3700369208465937e-07
3.2861748877330683 1.2183152401050049e-05 3.2205726219586174e-07
3.287964887742419 1.2760850296684753e-05 3.2201055460245923e-07
3.2897548877517693 1.564111341047737e-05 3.728621790618337e-07
3.2915448877611198 1.6889564401053248e-05 3.738005337727212e-07
3.2933348877704702 1.3876589183696124e-05 3.5332700130602567e-07
3.2951248877798207 1.2442863431739257e-05 3.439741069309132e-07
3.296914887789171 1.2328687770377574e-05 3.375114515373528e-07
3.2987048877985217 1.2616913576696863e-05 3.5163132233474457e-07
3.300494887807872 1.666287180030314e-05 3.9947189009046046e-07
3.3022848878172226 1.78349659905077e-05 3.971049330611489e-07
3.304074887826573 1.3913136656709153e-05 3.484046878124665e-07
3.3058648878359236 1.2458401621899596e-05 3.246185866969388e-07
3.307654887845274 1.2517582132086166e-05 3.2581152160797933e-07
3.3094448878546245 1.3625277562436925e-05 3.4045554294513143e-07
3.311234887863975 1.9391435375273005e-05 4.1484289116271824e-07
3.3130248878733255 2.5519812340139404e-05 4.5202656250555794e-07
3.314814887882676 2.115818049628548e-05 4.232841889263429e-07
3.3166048878920265 1.5215967726420325e-05 3.605791186982115e-07
3.318394887901377 1.3224654961996465e-05 3.4732296012291036e-07
3.3201848879107274 1.3776989653750288e-05 3.6339171716307587e-07
3.321974887920078 1.5706350497382526e-05 3.7049956497012107e-07
3.3237648879294284 1.605049675275607e-05 3.537230491960942e-07
3.325554887938779 1.5991930418002842e-05 3.5694433209849237e-07
3.3273448879481293 1.54566491813471e-05 3.686442900468181e-07
