#Target name PANSTARRS (C/2017 K2)
#Obs. Start 2022-08-21 21:24:50.752
#Obs. End 2022-08-21 21:30:34.329
#Instrument used NIRSPEC
#Grating used G395M/F290LP
#Lower wavelength (um) 3.255
#Upper wavelength (um) 3.328
#Spectral plate scale (um) 0.001790000009350478
#Center pixel for extract (x,y) = 29,25
#Pixel scale (arcsec/pixel) 0.09999908561794624
#Aperture size (arcsec) 0.09999908561794624 0.09999908561794624
#X offset (arcsec) -0.5999945137076774
#Y offset (arcsec) -0.4999954280897312
#Wave (micron) Flux (Jy) Noise (Jy)
3.25574488757411 7.251208905678028e-06 2.955860208292597e-07
3.2575348875834607 7.275967348493525e-06 2.7389357988278683e-07
3.259324887592811 9.223336084813318e-06 3.15886536265805e-07
3.2611148876021616 9.166887534547036e-06 3.0864783995174745e-07
3.262904887611512 7.976840592952949e-06 2.8889901768502517e-07
3.2646948876208626 7.574742178259522e-06 2.912108053973544e-07
3.266484887630213 8.016522602192206e-06 2.832638179893427e-07
3.2682748876395635 8.419089942070505e-06 3.5082373207401273e-07
3.270064887648914 1.1355503932780691e-05 3.584650046940133e-07
3.2718548876582645 1.0200887292535477e-05 3.3684894341137683e-07
3.273644887667615 7.829351518122862e-06 3.068813290691758e-07
3.2754348876769654 7.374142619058535e-06 2.8773160803948535e-07
3.277224887686316 7.338222770575931e-06 2.993971306954946e-07
3.2790148876956664 9.323638554233228e-06 3.171522363958415e-07
3.280804887705017 1.1663543845525446e-05 3.77702593157963e-07
3.2825948877143674 9.653362894504113e-06 3.612185952454371e-07
3.284384887723718 8.147844069118585e-06 3.262346918438269e-07
3.2861748877330683 7.90637629031584e-06 3.2458644895870683e-07
3.287964887742419 8.17530353893108e-06 3.2874874837245636e-07
3.2897548877517693 9.695565264536255e-06 3.544443971217973e-07
3.2915448877611198 1.0566842603734763e-05 3.940735906360606e-07
3.2933348877704702 8.981520422699424e-06 3.6827979149698424e-07
3.2951248877798207 9.078790569030918e-06 4.1685341910044423e-07
3.296914887789171 7.83000783406039e-06 3.4483117866132043e-07
3.2987048877985217 8.271250294109853e-06 3.7249625154543505e-07
3.300494887807872 9.983156273473346e-06 4.0906137649838074e-07
3.3022848878172226 1.1919078483267923e-05 4.4190328703830306e-07
3.304074887826573 9.074805153262728e-06 3.4928888188865275e-07
3.3058648878359236 8.479185887465017e-06 3.366162460129319e-07
3.307654887845274 7.590430101700692e-06 3.5210551508264133e-07
3.3094448878546245 7.848918161162048e-06 3.448720302937025e-07
3.311234887863975 1.13639481725343e-05 4.065675776722287e-07
3.3130248878733255 1.7224489955468395e-05 4.955285075810085e-07
3.314814887882676 1.3124706652133009e-05 4.161561114357725e-07
3.3166048878920265 9.90351789341439e-06 3.6867247711278267e-07
3.318394887901377 9.052638351454645e-06 3.4373157488022813e-07
3.3201848879107274 8.824325582809576e-06 3.584045678140078e-07
3.321974887920078 9.809986596071277e-06 3.7077476711913085e-07
3.3237648879294284 1.0759057995815766e-05 3.964522035495085e-07
3.325554887938779 9.181147163878256e-06 4.312591112297489e-07
3.3273448879481293 1.0017354637529645e-05 4.104750166963027e-07
