#Target name PANSTARRS (C/2017 K2)
#Obs. Start 2022-08-21 21:24:50.752
#Obs. End 2022-08-21 21:30:34.329
#Instrument used NIRSPEC
#Grating used G395M/F290LP
#Lower wavelength (um) 3.255
#Upper wavelength (um) 3.328
#Spectral plate scale (um) 0.001790000009350478
#Center pixel for extract (x,y) = 29,25
#Pixel scale (arcsec/pixel) 0.09999908561794624
#Aperture size (arcsec) 0.09999908561794624 0.09999908561794624
#X offset (arcsec) -0.4999954280897312
#Y offset (arcsec) -0.39999634247178495
#Wave (micron) Flux (Jy) Noise (Jy)
3.25574488757411 9.14066269184653e-06 3.8906049573720805e-07
3.2575348875834607 9.399474426244288e-06 3.5837231799996685e-07
3.259324887592811 1.1208538476130271e-05 3.8093953865466953e-07
3.2611148876021616 1.1216961197328552e-05 3.864711522838799e-07
3.262904887611512 9.546704381803959e-06 3.57210259974307e-07
3.2646948876208626 9.208134122079991e-06 3.435245148230929e-07
3.266484887630213 8.945755687136481e-06 3.611443170030195e-07
3.2682748876395635 9.603150242250825e-06 3.5004180717354283e-07
3.270064887648914 1.3311389982281565e-05 4.038729950342457e-07
3.2718548876582645 1.2435970321182265e-05 4.0740540038243946e-07
3.273644887667615 9.842417748771199e-06 3.419374092917847e-07
3.2754348876769654 9.304501385694145e-06 3.694677950724286e-07
3.277224887686316 1.00568860168816e-05 3.60949052924782e-07
3.2790148876956664 1.1808549320428001e-05 4.5964777355574677e-07
3.280804887705017 1.4106598331786281e-05 4.075405918270508e-07
3.2825948877143674 1.222276178516507e-05 3.6826017823040853e-07
3.284384887723718 1.0145303070908236e-05 3.825390005439205e-07
3.2861748877330683 9.45998819025477e-06 3.8658065034927704e-07
3.287964887742419 1.011246127244412e-05 3.742310449740585e-07
3.2897548877517693 1.1728059164220613e-05 4.0475309834340323e-07
3.2915448877611198 1.235653547079246e-05 4.1027756713978967e-07
3.2933348877704702 1.0296294290618084e-05 3.6227011850446654e-07
3.2951248877798207 9.87184975282217e-06 3.6551759912721946e-07
3.296914887789171 9.313698774884265e-06 3.6851456229789576e-07
3.2987048877985217 9.983179585241618e-06 3.898531518963901e-07
3.300494887807872 1.2590885090813732e-05 5.14615185968134e-07
3.3022848878172226 1.3598477098381372e-05 4.726152248470531e-07
3.304074887826573 1.206739691908464e-05 4.77705820167832e-07
3.3058648878359236 1.0325804299432121e-05 3.962716494212028e-07
3.307654887845274 1.0136785309423917e-05 4.3320368255387596e-07
3.3094448878546245 1.0528717999937429e-05 4.281344376747123e-07
3.311234887863975 1.4846451094314124e-05 5.052374107634227e-07
3.3130248878733255 1.8865982738763688e-05 5.334741263113632e-07
3.314814887882676 1.538646282671632e-05 4.563448434264891e-07
3.3166048878920265 1.1451918716537863e-05 3.799685979023141e-07
3.318394887901377 1.0435210014362586e-05 4.417945174656645e-07
3.3201848879107274 1.0871685217800247e-05 4.2593926484165195e-07
3.321974887920078 1.1859328627971614e-05 4.641628595972893e-07
3.3237648879294284 1.2768048253442238e-05 4.7220261775620425e-07
3.325554887938779 1.2090197621668451e-05 4.99427512900455e-07
3.3273448879481293 1.2156911419433045e-05 5.017030440885713e-07
