#Target name PANSTARRS (C/2017 K2)
#Obs. Start 2022-08-21 21:24:50.752
#Obs. End 2022-08-21 21:30:34.329
#Instrument used NIRSPEC
#Grating used G395M/F290LP
#Lower wavelength (um) 3.255
#Upper wavelength (um) 3.328
#Spectral plate scale (um) 0.001790000009350478
#Center pixel for extract (x,y) = 29,25
#Pixel scale (arcsec/pixel) 0.09999908561794624
#Aperture size (arcsec) 0.09999908561794624 0.09999908561794624
#X offset (arcsec) -0.6999935993256237
#Y offset (arcsec) 0.4999954280897312
#Wave (micron) Flux (Jy) Noise (Jy)
3.25574488757411 8.447237109047051e-06 2.499247671796301e-07
3.2575348875834607 8.98341495217483e-06 2.542905962625312e-07
3.259324887592811 9.879852862191539e-06 2.6020691010614846e-07
3.2611148876021616 1.0106905898743402e-05 2.7844789245748073e-07
3.262904887611512 9.128924319914667e-06 2.7253805099183354e-07
3.2646948876208626 8.821495892783838e-06 2.6463494126304686e-07
3.266484887630213 8.579057985778353e-06 2.588138918570832e-07
3.2682748876395635 9.524386950108573e-06 2.639724611560232e-07
3.270064887648914 1.1341788543577994e-05 2.9020254340060053e-07
3.2718548876582645 1.0772117069080932e-05 2.8102045255841045e-07
3.273644887667615 8.730968227122036e-06 2.62427215939378e-07
3.2754348876769654 8.305752607760171e-06 2.5867881248828095e-07
3.277224887686316 8.562577462215905e-06 2.5702003447711457e-07
3.2790148876956664 9.832294165095469e-06 2.6994643800337305e-07
3.280804887705017 1.1384140646890967e-05 2.797210176098637e-07
3.2825948877143674 1.0723619625008643e-05 2.858893339100269e-07
3.284384887723718 8.883516852273807e-06 2.651288873722806e-07
3.2861748877330683 8.64699923780316e-06 2.6498260042257784e-07
3.287964887742419 8.763774161327267e-06 2.655404577618962e-07
3.2897548877517693 9.949430421027808e-06 2.847972111891856e-07
3.2915448877611198 1.0539224434576714e-05 2.9992416718733677e-07
3.2933348877704702 9.664416259091341e-06 2.9122445062710066e-07
3.2951248877798207 8.098471537129592e-06 2.995605652439749e-07
3.296914887789171 7.411886165105255e-06 2.752303640946842e-07
3.2987048877985217 8.582543095135146e-06 2.924716302296992e-07
3.300494887807872 9.865806625200662e-06 3.2782073265494953e-07
3.3022848878172226 1.1142521341594447e-05 3.573556503175377e-07
3.304074887826573 9.680340886641127e-06 3.2677167506371815e-07
3.3058648878359236 8.415273088319058e-06 2.9922386149477416e-07
3.307654887845274 8.3370710718283e-06 3.2074897325840364e-07
3.3094448878546245 8.348731438997095e-06 3.0623958298681783e-07
3.311234887863975 1.1949191011631168e-05 3.2158755248032525e-07
3.3130248878733255 1.5601714728883278e-05 3.849086754116004e-07
3.314814887882676 1.3631622846439504e-05 3.6647758446924477e-07
3.3166048878920265 9.875801097544422e-06 3.2946524901942016e-07
3.318394887901377 8.822723347044051e-06 3.134076435222506e-07
3.3201848879107274 8.898943863231615e-06 3.177727721313454e-07
3.321974887920078 1.0284467154645491e-05 3.320685739299215e-07
3.3237648879294284 1.0657459033437295e-05 3.2624172460084186e-07
3.325554887938779 1.0353647516814648e-05 3.7366864856447557e-07
3.3273448879481293 9.879529187255136e-06 3.701175825940826e-07
