#Target name PANSTARRS (C/2017 K2)
#Obs. Start 2022-08-21 21:24:50.752
#Obs. End 2022-08-21 21:30:34.329
#Instrument used NIRSPEC
#Grating used G395M/F290LP
#Lower wavelength (um) 3.255
#Upper wavelength (um) 3.328
#Spectral plate scale (um) 0.001790000009350478
#Center pixel for extract (x,y) = 29,25
#Pixel scale (arcsec/pixel) 0.09999908561794624
#Aperture size (arcsec) 0.09999908561794624 0.09999908561794624
#X offset (arcsec) 0.19999817123589247
#Y offset (arcsec) -0.4999954280897312
#Wave (micron) Flux (Jy) Noise (Jy)
3.25574488757411 9.343370172863267e-06 3.376063237096748e-07
3.2575348875834607 9.703996951799259e-06 3.253149136982818e-07
3.259324887592811 1.0375308632572503e-05 3.544232428128478e-07
3.2611148876021616 1.1840258704917935e-05 4.197544733975652e-07
3.262904887611512 1.012823706331955e-05 3.5641886466797624e-07
3.2646948876208626 9.567811394762097e-06 3.5913549822138085e-07
3.266484887630213 9.462420683613398e-06 3.617772371154184e-07
3.2682748876395635 1.0368308825845339e-05 3.537524690959577e-07
3.270064887648914 1.3887877459179026e-05 4.069637376381062e-07
3.2718548876582645 1.3429891769870811e-05 3.947462416227514e-07
3.273644887667615 9.784166122889658e-06 3.5539073723407637e-07
3.2754348876769654 9.52677550975007e-06 3.584286360939915e-07
3.277224887686316 1.0155161259068243e-05 3.5168794863724397e-07
3.2790148876956664 1.1857544381092268e-05 3.799060035629853e-07
3.280804887705017 1.473876507059702e-05 4.060611070913388e-07
3.2825948877143674 1.2628637602925171e-05 3.790379484032956e-07
3.284384887723718 9.972764604462478e-06 3.197316331211205e-07
3.2861748877330683 9.705385795224437e-06 3.120655637283777e-07
3.287964887742419 1.0105248073376612e-05 3.62115033603757e-07
3.2897548877517693 1.2269260693411196e-05 3.7399902003046765e-07
3.2915448877611198 1.3767339478291792e-05 4.152569272201319e-07
3.2933348877704702 1.1085652282892782e-05 3.711558528886973e-07
3.2951248877798207 9.464293694533475e-06 3.334425112725038e-07
3.296914887789171 9.424401879379763e-06 3.5000395356905164e-07
3.2987048877985217 9.32889535797876e-06 3.539585484897642e-07
3.300494887807872 1.3887903460766714e-05 4.0998639418799677e-07
3.3022848878172226 1.6344698441211464e-05 4.495195667528957e-07
3.304074887826573 1.1785233965729242e-05 3.7776476721300814e-07
3.3058648878359236 9.558077834901702e-06 3.482148033730612e-07
3.307654887845274 9.795805868109596e-06 3.279433716089524e-07
3.3094448878546245 1.0333646019636526e-05 3.21628039866328e-07
3.311234887863975 1.5092924627050232e-05 3.890451133324222e-07
3.3130248878733255 2.357275427796217e-05 4.836093013313183e-07
3.314814887882676 1.7875584056903763e-05 4.2280321559200145e-07
3.3166048878920265 1.1777201268346295e-05 3.650178530948698e-07
3.318394887901377 1.012882344395226e-05 3.200918167523077e-07
3.3201848879107274 1.1195351188139603e-05 3.5157831047708563e-07
3.321974887920078 1.1850861973056202e-05 3.510036137474644e-07
3.3237648879294284 1.3519745187465642e-05 3.761311222020109e-07
3.325554887938779 1.32578455403782e-05 3.924906319096855e-07
3.3273448879481293 1.2700617170500019e-05 4.0061657636572465e-07
