#Target name PANSTARRS (C/2017 K2)
#Obs. Start 2022-08-21 21:24:50.752
#Obs. End 2022-08-21 21:30:34.329
#Instrument used NIRSPEC
#Grating used G395M/F290LP
#Lower wavelength (um) 3.255
#Upper wavelength (um) 3.328
#Spectral plate scale (um) 0.001790000009350478
#Center pixel for extract (x,y) = 29,25
#Pixel scale (arcsec/pixel) 0.09999908561794624
#Aperture size (arcsec) 0.09999908561794624 0.09999908561794624
#X offset (arcsec) 0.09999908561794624
#Y offset (arcsec) -0.7999926849435699
#Wave (micron) Flux (Jy) Noise (Jy)
3.25574488757411 5.74420664488452e-06 2.5816449660076075e-07
3.2575348875834607 5.93703800561181e-06 2.4905665598203594e-07
3.259324887592811 7.016938187026296e-06 2.791352814130556e-07
3.2611148876021616 6.886181133874061e-06 2.6061077528389506e-07
3.262904887611512 6.2465981146299e-06 2.656374033366848e-07
3.2646948876208626 6.12203392238e-06 2.624239097030124e-07
3.266484887630213 6.580814901628909e-06 2.638309374282031e-07
3.2682748876395635 7.327358589954301e-06 2.964468190803163e-07
3.270064887648914 9.645924647212123e-06 3.468839031411365e-07
3.2718548876582645 9.0899479399689e-06 3.392547907464129e-07
3.273644887667615 6.6507327226213135e-06 2.8885225405371816e-07
3.2754348876769654 6.797534548590586e-06 2.9835692709317453e-07
3.277224887686316 6.511600916717051e-06 3.2246065105142006e-07
3.2790148876956664 8.388341719718589e-06 3.2174894164529125e-07
3.280804887705017 1.1119591527678664e-05 4.0067594852554464e-07
3.2825948877143674 8.375957791126863e-06 3.23477626942324e-07
3.284384887723718 6.9145914548501496e-06 3.435240945388091e-07
3.2861748877330683 6.504958855972227e-06 2.935322876671625e-07
3.287964887742419 6.910150562994168e-06 3.273996358215686e-07
3.2897548877517693 8.807371651029895e-06 3.623350384168322e-07
3.2915448877611198 9.828350889831464e-06 3.973444110460386e-07
3.2933348877704702 7.665090522626918e-06 3.4902931431499906e-07
3.2951248877798207 5.724041517025252e-06 3.4284029200912235e-07
3.296914887789171 5.772901638415479e-06 3.2757136397991525e-07
3.2987048877985217 7.030465288869865e-06 3.2662040074051476e-07
3.300494887807872 9.509790196743869e-06 3.7222878262724655e-07
3.3022848878172226 1.1221168971501806e-05 4.246377845095909e-07
3.304074887826573 7.315173259696131e-06 3.2668425593269486e-07
3.3058648878359236 6.4016801013684015e-06 3.281156321273918e-07
3.307654887845274 7.0128505581202954e-06 3.742271223207434e-07
3.3094448878546245 6.744898817346627e-06 3.063329701546706e-07
3.311234887863975 1.0978072955345848e-05 4.021381455677177e-07
3.3130248878733255 1.585976165796039e-05 5.552547709195223e-07
3.314814887882676 1.1774299849802795e-05 4.98999047082632e-07
3.3166048878920265 7.294721666069048e-06 3.8530385471414914e-07
3.318394887901377 7.162195608347492e-06 3.6137424052519165e-07
3.3201848879107274 7.265883215502564e-06 3.567481153758783e-07
3.321974887920078 7.670570581383986e-06 3.563668054546938e-07
3.3237648879294284 9.427933612273102e-06 3.635281694605385e-07
3.325554887938779 8.75050797196706e-06 3.7745972487985097e-07
3.3273448879481293 8.734011309488117e-06 3.8783298543908973e-07
