#Target name PANSTARRS (C/2017 K2)
#Obs. Start 2022-08-21 21:24:50.752
#Obs. End 2022-08-21 21:30:34.329
#Instrument used NIRSPEC
#Grating used G395M/F290LP
#Lower wavelength (um) 3.255
#Upper wavelength (um) 3.328
#Spectral plate scale (um) 0.001790000009350478
#Center pixel for extract (x,y) = 29,25
#Pixel scale (arcsec/pixel) 0.09999908561794624
#Aperture size (arcsec) 0.09999908561794624 0.09999908561794624
#X offset (arcsec) 0.2999972568538387
#Y offset (arcsec) -0.4999954280897312
#Wave (micron) Flux (Jy) Noise (Jy)
3.25574488757411 8.431381520195611e-06 3.378068553509356e-07
3.2575348875834607 8.443129754798664e-06 3.452683863922457e-07
3.259324887592811 9.507658066553373e-06 3.7563400995117286e-07
3.2611148876021616 1.1002627420188956e-05 3.923809937495272e-07
3.262904887611512 8.949533986809631e-06 3.5757145228777523e-07
3.2646948876208626 8.386150413500939e-06 3.4856010894060305e-07
3.266484887630213 8.874270149727727e-06 3.590460897447477e-07
3.2682748876395635 9.519442165415308e-06 3.770447081591085e-07
3.270064887648914 1.2284815022488034e-05 4.441795747381302e-07
3.2718548876582645 1.2211977402519452e-05 4.605875011952946e-07
3.273644887667615 1.0260655976567699e-05 4.161290171089457e-07
3.2754348876769654 9.445345709959993e-06 4.14147881052131e-07
3.277224887686316 8.782289084974759e-06 3.627110807749935e-07
3.2790148876956664 1.0372619709762876e-05 4.1859928001520687e-07
3.280804887705017 1.3733452236681287e-05 4.6991828861708097e-07
3.2825948877143674 1.1933915527167133e-05 4.209894927748868e-07
3.284384887723718 1.0284235830175707e-05 4.5553848599965624e-07
3.2861748877330683 9.376543715722034e-06 4.181407498616185e-07
3.287964887742419 9.191342476071749e-06 4.446778637849628e-07
3.2897548877517693 1.096259752763855e-05 4.364012334037175e-07
3.2915448877611198 1.2678738179369459e-05 5.048055826713296e-07
3.2933348877704702 1.017239134564131e-05 4.7179214010572644e-07
3.2951248877798207 8.02656011164662e-06 4.399603127944543e-07
3.296914887789171 9.20739800816645e-06 5.091888675614832e-07
3.2987048877985217 8.915886139127158e-06 4.5027296835997406e-07
3.300494887807872 1.2479928246686647e-05 5.640857282521022e-07
3.3022848878172226 1.572474348254982e-05 6.745579005431473e-07
3.304074887826573 1.0843967525323806e-05 5.525824913675311e-07
3.3058648878359236 8.189616068044151e-06 4.777421327299493e-07
3.307654887845274 9.47513814981272e-06 5.239927930591319e-07
3.3094448878546245 8.763139363945067e-06 5.162728992591149e-07
3.311234887863975 1.3261132499704675e-05 6.012647484488684e-07
3.3130248878733255 2.2745570251845327e-05 8.183536291633101e-07
3.314814887882676 1.5840513310218777e-05 6.541626810479934e-07
3.3166048878920265 1.2044057356011139e-05 6.496524703041426e-07
3.318394887901377 9.948036197963796e-06 4.671393128949178e-07
3.3201848879107274 9.966322486960917e-06 5.460195001059597e-07
3.321974887920078 1.2195287969649021e-05 5.936089620116017e-07
3.3237648879294284 1.2936111756986076e-05 6.125550412963315e-07
3.325554887938779 1.2606055672320538e-05 6.70836927646304e-07
3.3273448879481293 1.1700551277658627e-05 6.338724205479719e-07
