#Target name PANSTARRS (C/2017 K2)
#Obs. Start 2022-08-21 21:24:50.752
#Obs. End 2022-08-21 21:30:34.329
#Instrument used NIRSPEC
#Grating used G395M/F290LP
#Lower wavelength (um) 3.255
#Upper wavelength (um) 3.328
#Spectral plate scale (um) 0.001790000009350478
#Center pixel for extract (x,y) = 29,25
#Pixel scale (arcsec/pixel) 0.09999908561794624
#Aperture size (arcsec) 0.09999908561794624 0.09999908561794624
#X offset (arcsec) 0.09999908561794624
#Y offset (arcsec) 0.09999908561794624
#Wave (micron) Flux (Jy) Noise (Jy)
3.25574488757411 3.0375951344726886e-05 6.906049148763661e-07
3.2575348875834607 3.201690975056484e-05 7.063801453727496e-07
3.259324887592811 3.664288628735544e-05 7.309359551255657e-07
3.2611148876021616 3.8224055387212325e-05 7.325507994196025e-07
3.262904887611512 3.455578008745953e-05 7.029010320717372e-07
3.2646948876208626 3.283445705032027e-05 7.170448870922559e-07
3.266484887630213 3.2378737085566886e-05 6.689063657983025e-07
3.2682748876395635 3.640324848236212e-05 7.112334762058667e-07
3.270064887648914 4.68112751817056e-05 8.237155600176881e-07
3.2718548876582645 4.4207626820419434e-05 7.729949801979918e-07
3.273644887667615 3.60264549921289e-05 6.625933596287149e-07
3.2754348876769654 3.358816596926692e-05 6.322978114693677e-07
3.277224887686316 3.442868432683584e-05 6.370275226851531e-07
3.2790148876956664 3.988064343707077e-05 7.130959519998981e-07
3.280804887705017 4.8651502582740045e-05 7.450725252184991e-07
3.2825948877143674 4.2069844422724195e-05 6.626788734709851e-07
3.284384887723718 3.474541952914638e-05 6.147296482184397e-07
3.2861748877330683 3.408921118439454e-05 5.887241939140589e-07
3.287964887742419 3.274249391769675e-05 5.679739742938844e-07
3.2897548877517693 3.88821860562402e-05 6.518505010703326e-07
3.2915448877611198 4.544339800226781e-05 7.282451270271842e-07
3.2933348877704702 3.982121277367851e-05 6.748059243084736e-07
3.2951248877798207 3.356840834904919e-05 6.261600918650627e-07
3.296914887789171 3.2331034034828815e-05 6.181418522614766e-07
3.2987048877985217 3.369880362148996e-05 6.371895843049732e-07
3.300494887807872 4.3935313089159327e-05 7.588937700227993e-07
3.3022848878172226 5.025278794540347e-05 7.773504142496078e-07
3.304074887826573 4.15062268351263e-05 6.588621317953476e-07
3.3058648878359236 3.4204529122401594e-05 5.716775194024275e-07
3.307654887845274 3.4302434962721756e-05 5.622354687212522e-07
3.3094448878546245 3.623905831877747e-05 5.750071796121327e-07
3.311234887863975 5.0544073869611805e-05 7.01902548689319e-07
3.3130248878733255 6.947695959010568e-05 8.551478931077649e-07
3.314814887882676 5.998700770816203e-05 7.888913646439089e-07
3.3166048878920265 4.087338764146154e-05 6.31316251534109e-07
3.318394887901377 3.612361126943844e-05 6.013479647370539e-07
3.3201848879107274 3.658718192046095e-05 6.204712358758194e-07
3.321974887920078 4.0651294631912964e-05 6.569579077624621e-07
3.3237648879294284 4.3667676057257336e-05 6.752486797919446e-07
3.325554887938779 4.347483393725238e-05 6.788830741263322e-07
3.3273448879481293 4.1417136429639165e-05 6.763006793731623e-07
