#Target name PANSTARRS (C/2017 K2)
#Obs. Start 2022-08-21 21:24:50.752
#Obs. End 2022-08-21 21:30:34.329
#Instrument used NIRSPEC
#Grating used G395M/F290LP
#Lower wavelength (um) 3.255
#Upper wavelength (um) 3.328
#Spectral plate scale (um) 0.001790000009350478
#Center pixel for extract (x,y) = 29,25
#Pixel scale (arcsec/pixel) 0.09999908561794624
#Aperture size (arcsec) 0.09999908561794624 0.09999908561794624
#X offset (arcsec) 0.0
#Y offset (arcsec) -0.19999817123589247
#Wave (micron) Flux (Jy) Noise (Jy)
3.25574488757411 2.7993017012235307e-05 7.679728071586099e-07
3.2575348875834607 2.703294514768544e-05 9.134163863985612e-07
3.259324887592811 3.267274510702431e-05 8.307089223858356e-07
3.2611148876021616 3.249902580985489e-05 8.344532630888563e-07
3.262904887611512 2.9829107471007793e-05 7.868952944855444e-07
3.2646948876208626 2.8225361820185112e-05 7.457769216780904e-07
3.266484887630213 2.684260097331157e-05 7.814508758357394e-07
3.2682748876395635 3.129418037843989e-05 8.440998521214642e-07
3.270064887648914 4.126969846137799e-05 1.0185720745757795e-06
3.2718548876582645 3.623765602625521e-05 9.248386485111269e-07
3.273644887667615 2.738161747252981e-05 7.705425373453623e-07
3.2754348876769654 2.8870783989078392e-05 8.215373666696919e-07
3.277224887686316 2.8793677625696457e-05 7.901972719704257e-07
3.2790148876956664 3.580151077399925e-05 9.085065693577061e-07
3.280804887705017 4.444555031383823e-05 1.0539475708540501e-06
3.2825948877143674 3.407049362768437e-05 9.782816057694393e-07
3.284384887723718 2.9710276628843315e-05 8.083042957110457e-07
3.2861748877330683 2.7563872463312994e-05 7.776801973176026e-07
3.287964887742419 2.976457153036377e-05 8.21445184316786e-07
3.2897548877517693 3.781120755752569e-05 9.915733484140992e-07
3.2915448877611198 4.043755799468374e-05 1.0195543069658922e-06
3.2933348877704702 3.1914944076139306e-05 8.831001602524527e-07
3.2951248877798207 2.8195097765328094e-05 8.198186281007083e-07
3.296914887789171 2.625990359998881e-05 7.891328319744084e-07
3.2987048877985217 2.8225793984504634e-05 8.841424652761916e-07
3.300494887807872 4.093810469661291e-05 1.0768976704912635e-06
3.3022848878172226 4.3104442217229475e-05 1.0165133540401816e-06
3.304074887826573 3.316820625704411e-05 8.290063787712531e-07
3.3058648878359236 2.7420747172182295e-05 7.037189052879453e-07
3.307654887845274 2.709181274221327e-05 6.85890670122223e-07
3.3094448878546245 2.8824671518221712e-05 7.11605399778047e-07
3.311234887863975 4.735431744398327e-05 9.365894048198839e-07
3.3130248878733255 6.337558123932517e-05 1.0604395620906175e-06
3.314814887882676 4.867065051055679e-05 8.768104098132336e-07
3.3166048878920265 3.40933032963329e-05 7.404883444407055e-07
3.318394887901377 2.9561703556788536e-05 6.657151752506218e-07
3.3201848879107274 3.0321459189782582e-05 6.556006697154215e-07
3.321974887920078 3.445055435190169e-05 6.967165208171731e-07
3.3237648879294284 3.630604916794192e-05 6.950416599274145e-07
3.325554887938779 3.4561586510972415e-05 6.584365239106543e-07
3.3273448879481293 3.317759552001925e-05 6.552851202751702e-07
