#Target name PANSTARRS (C/2017 K2)
#Obs. Start 2022-08-21 21:24:50.752
#Obs. End 2022-08-21 21:30:34.329
#Instrument used NIRSPEC
#Grating used G395M/F290LP
#Lower wavelength (um) 3.255
#Upper wavelength (um) 3.328
#Spectral plate scale (um) 0.001790000009350478
#Center pixel for extract (x,y) = 29,25
#Pixel scale (arcsec/pixel) 0.09999908561794624
#Aperture size (arcsec) 0.09999908561794624 0.09999908561794624
#X offset (arcsec) -0.5999945137076774
#Y offset (arcsec) 0.2999972568538387
#Wave (micron) Flux (Jy) Noise (Jy)
3.25574488757411 1.0200517890668998e-05 3.2417712008527135e-07
3.2575348875834607 1.075879977315182e-05 3.366987618273112e-07
3.259324887592811 1.2407760391752674e-05 3.6231755459062755e-07
3.2611148876021616 1.2554363619388392e-05 3.5494523589328477e-07
3.262904887611512 1.125138819603522e-05 3.252133169774195e-07
3.2646948876208626 1.1021696446636164e-05 3.1710155011121936e-07
3.266484887630213 1.1589591743712128e-05 4.0511672830571733e-07
3.2682748876395635 1.3102901182733156e-05 4.188416439521784e-07
3.270064887648914 1.5336041265155047e-05 3.726518407872851e-07
3.2718548876582645 1.4484463266753586e-05 3.586050714363163e-07
3.273644887667615 1.2126631225659531e-05 3.833891515931217e-07
3.2754348876769654 1.0850832841080164e-05 3.4585798920446445e-07
3.277224887686316 1.0471246421686555e-05 3.4208005377769476e-07
3.2790148876956664 1.3154546612128754e-05 3.855411472207633e-07
3.280804887705017 1.450809870996286e-05 3.3296473209871894e-07
3.2825948877143674 1.3815709604245053e-05 3.1670665099819313e-07
3.284384887723718 1.1822911162897031e-05 2.9981340826908835e-07
3.2861748877330683 1.1181644765001628e-05 2.888414667571015e-07
3.287964887742419 1.1373381369226564e-05 2.7571500791177054e-07
3.2897548877517693 1.2708580829184619e-05 2.9858166710918014e-07
3.2915448877611198 1.3760618516177429e-05 3.178471064116674e-07
3.2933348877704702 1.218235173147052e-05 3.0445872640069365e-07
3.2951248877798207 1.0697598311977288e-05 2.9066311893770324e-07
3.296914887789171 1.0331877015067204e-05 2.9563894863006187e-07
3.2987048877985217 1.082705125101595e-05 3.019310526612701e-07
3.300494887807872 1.30795921042797e-05 3.18901991944967e-07
3.3022848878172226 1.4405691905153087e-05 3.403543945275051e-07
3.304074887826573 1.2496077025854442e-05 3.096178280597264e-07
3.3058648878359236 1.1247133798325422e-05 3.0023237566209825e-07
3.307654887845274 1.101999199773283e-05 3.0722461727215564e-07
3.3094448878546245 1.1396172209139183e-05 3.0562947030155135e-07
3.311234887863975 1.5015967996949127e-05 3.2373075015695994e-07
3.3130248878733255 2.0105144886289294e-05 3.926700932988535e-07
3.314814887882676 1.8466702358211862e-05 3.841555539940445e-07
3.3166048878920265 1.363336674602761e-05 3.4239061584444536e-07
3.318394887901377 1.1491265394956578e-05 3.33650019632875e-07
3.3201848879107274 1.1725536113608311e-05 3.3980230909235054e-07
3.321974887920078 1.3109448203191943e-05 3.537928444061515e-07
3.3237648879294284 1.3865014890748643e-05 4.584045726443679e-07
3.325554887938779 1.3327120942833393e-05 3.2919632311571456e-07
3.3273448879481293 1.3243966968797594e-05 3.458520772055395e-07
