#Target name PANSTARRS (C/2017 K2)
#Obs. Start 2022-08-21 21:24:50.752
#Obs. End 2022-08-21 21:30:34.329
#Instrument used NIRSPEC
#Grating used G395M/F290LP
#Lower wavelength (um) 3.255
#Upper wavelength (um) 3.328
#Spectral plate scale (um) 0.001790000009350478
#Center pixel for extract (x,y) = 29,25
#Pixel scale (arcsec/pixel) 0.09999908561794624
#Aperture size (arcsec) 0.09999908561794624 0.09999908561794624
#X offset (arcsec) -0.2999972568538387
#Y offset (arcsec) 0.4999954280897312
#Wave (micron) Flux (Jy) Noise (Jy)
3.25574488757411 1.0987856725168677e-05 2.937081906493946e-07
3.2575348875834607 1.1387171176766439e-05 3.001020034772741e-07
3.259324887592811 1.2716049561096658e-05 3.0040261881597557e-07
3.2611148876021616 1.2847362061958316e-05 3.0444819127464726e-07
3.262904887611512 1.174254294516984e-05 2.989236384214042e-07
3.2646948876208626 1.1314596262494164e-05 2.908535357372013e-07
3.266484887630213 1.1126467602712688e-05 2.914518804625224e-07
3.2682748876395635 1.2519182574638745e-05 3.074687183841667e-07
3.270064887648914 1.494845801263737e-05 3.249971787797549e-07
3.2718548876582645 1.4710637628962857e-05 3.313015831310014e-07
3.273644887667615 1.2450824400604443e-05 3.07430136286917e-07
3.2754348876769654 1.1241043150560898e-05 2.8736674524327227e-07
3.277224887686316 1.1190535514778312e-05 2.8750941774813456e-07
3.2790148876956664 1.3364160652799567e-05 3.15946132577243e-07
3.280804887705017 1.5650728618283456e-05 3.4430063980044684e-07
3.2825948877143674 1.4015717403174498e-05 3.290583297758782e-07
3.284384887723718 1.1670570550446772e-05 2.965780878716124e-07
3.2861748877330683 1.1751359276609346e-05 3.0265259671963905e-07
3.287964887742419 1.1815251453806451e-05 3.1583271185853076e-07
3.2897548877517693 1.3636686879793549e-05 3.424902512386501e-07
3.2915448877611198 1.5013728273981988e-05 3.64045539413854e-07
3.2933348877704702 1.3219113037392826e-05 3.748256071408257e-07
3.2951248877798207 1.1649887632349903e-05 3.8696238055474525e-07
3.296914887789171 1.1044150162515297e-05 3.3113145205293305e-07
3.2987048877985217 1.1757083212326807e-05 3.4022099629583793e-07
3.300494887807872 1.4538333176806301e-05 3.7716670267720955e-07
3.3022848878172226 1.6590269987836702e-05 4.133040622861386e-07
3.304074887826573 1.3927568434483002e-05 3.7337988524257624e-07
3.3058648878359236 1.164295417450167e-05 3.3936795929455487e-07
3.307654887845274 1.1691661424488415e-05 3.4787358857254795e-07
3.3094448878546245 1.2306883197584193e-05 3.6877073957832706e-07
3.311234887863975 1.6242912088080337e-05 3.642708958468092e-07
3.3130248878733255 2.3250146303259813e-05 4.847721999255457e-07
3.314814887882676 2.009674368364634e-05 4.5146769648395864e-07
3.3166048878920265 1.3648918385285028e-05 3.8135951472996045e-07
3.318394887901377 1.244826548573326e-05 3.609457466884164e-07
3.3201848879107274 1.2528142363113776e-05 3.344407144653995e-07
3.321974887920078 1.3709408837527238e-05 3.712564129083263e-07
3.3237648879294284 1.526853217744976e-05 3.696893409278776e-07
3.325554887938779 1.5727017276562898e-05 3.970348296426168e-07
3.3273448879481293 1.4510810944540762e-05 3.771819730061864e-07
