#Target name PANSTARRS (C/2017 K2)
#Obs. Start 2022-08-21 21:24:50.752
#Obs. End 2022-08-21 21:30:34.329
#Instrument used NIRSPEC
#Grating used G395M/F290LP
#Lower wavelength (um) 3.255
#Upper wavelength (um) 3.328
#Spectral plate scale (um) 0.001790000009350478
#Center pixel for extract (x,y) = 29,25
#Pixel scale (arcsec/pixel) 0.09999908561794624
#Aperture size (arcsec) 0.09999908561794624 0.09999908561794624
#X offset (arcsec) -0.5999945137076774
#Y offset (arcsec) -0.09999908561794624
#Wave (micron) Flux (Jy) Noise (Jy)
3.25574488757411 1.2034692301410748e-05 5.450203442686874e-07
3.2575348875834607 1.1289467969508954e-05 4.856292436370007e-07
3.259324887592811 1.2870918603798051e-05 4.949586581301267e-07
3.2611148876021616 1.3485302946448948e-05 5.173732035140135e-07
3.262904887611512 1.1614305804507257e-05 4.87086229154055e-07
3.2646948876208626 1.139080063976523e-05 4.802074082627098e-07
3.266484887630213 1.1004487878618427e-05 4.800848533655637e-07
3.2682748876395635 1.2356097030227636e-05 4.913635463667951e-07
3.270064887648914 1.5365078762358322e-05 5.217559840630265e-07
3.2718548876582645 1.430745432043827e-05 5.117272165217143e-07
3.273644887667615 1.203000125634907e-05 4.5551133563492505e-07
3.2754348876769654 1.1031409384547703e-05 4.0724950293211464e-07
3.277224887686316 1.1451360130705785e-05 4.3922823361003894e-07
3.2790148876956664 1.177290024709995e-05 4.3957258653320435e-07
3.280804887705017 1.5029292465730017e-05 4.565685747602137e-07
3.2825948877143674 1.4066225038957088e-05 4.815677283944982e-07
3.284384887723718 1.2625903849791942e-05 4.6223961069582523e-07
3.2861748877330683 1.1258247235546277e-05 4.208600732344392e-07
3.287964887742419 1.1847514941096101e-05 4.351801954835692e-07
3.2897548877517693 1.371395014930809e-05 4.2638832458937945e-07
3.2915448877611198 1.4778959938738277e-05 4.835826833266798e-07
3.2933348877704702 1.1741349561955565e-05 4.259899511262741e-07
3.2951248877798207 1.0503097469999071e-05 4.2183560909496386e-07
3.296914887789171 1.0925027026640933e-05 3.94514608944492e-07
3.2987048877985217 1.1468661049190143e-05 4.362905305233736e-07
3.300494887807872 1.4481930353470093e-05 4.823205976414837e-07
3.3022848878172226 1.4631649288596127e-05 4.695901026293645e-07
3.304074887826573 1.3169205231340029e-05 4.3708668905158707e-07
3.3058648878359236 1.1887061562758082e-05 4.319629473102952e-07
3.307654887845274 1.1396535334760356e-05 3.9026348945210665e-07
3.3094448878546245 1.2491880010958853e-05 4.258585142212644e-07
3.311234887863975 1.6732147202758333e-05 4.75963041337817e-07
3.3130248878733255 2.281026578844137e-05 5.62725183968696e-07
3.314814887882676 1.9136196617666295e-05 5.119369103603611e-07
3.3166048878920265 1.3535748716384967e-05 4.3107749238125766e-07
3.318394887901377 1.2289637868701102e-05 4.47531285863257e-07
3.3201848879107274 1.2382039441889451e-05 4.512315247354345e-07
3.321974887920078 1.31501882080682e-05 4.6167004143446604e-07
3.3237648879294284 1.405229805062699e-05 4.5318335296819463e-07
3.325554887938779 1.3700796035756884e-05 5.799751079599565e-07
3.3273448879481293 1.4211105885560028e-05 4.926290503641658e-07
