#Target name PANSTARRS (C/2017 K2)
#Obs. Start 2022-08-21 21:24:50.752
#Obs. End 2022-08-21 21:30:34.329
#Instrument used NIRSPEC
#Grating used G395M/F290LP
#Lower wavelength (um) 3.255
#Upper wavelength (um) 3.328
#Spectral plate scale (um) 0.001790000009350478
#Center pixel for extract (x,y) = 29,25
#Pixel scale (arcsec/pixel) 0.09999908561794624
#Aperture size (arcsec) 0.09999908561794624 0.09999908561794624
#X offset (arcsec) -0.7999926849435699
#Y offset (arcsec) -0.7999926849435699
#Wave (micron) Flux (Jy) Noise (Jy)
3.25574488757411 4.837122429618886e-06 3.1688908239629964e-07
3.2575348875834607 4.718949248301642e-06 3.241820234019153e-07
3.259324887592811 6.051751182553478e-06 3.3432381939660817e-07
3.2611148876021616 6.385159678817949e-06 3.3588394267689856e-07
3.262904887611512 5.202892143278461e-06 3.014371065520365e-07
3.2646948876208626 5.5520105298426656e-06 3.285544369385954e-07
3.266484887630213 5.045399630039897e-06 3.370845547808559e-07
3.2682748876395635 5.0138749464832e-06 3.3196325068840983e-07
3.270064887648914 8.223348196734992e-06 3.7305777936749824e-07
3.2718548876582645 6.748773502215519e-06 3.2851778814905107e-07
3.273644887667615 6.268079012486877e-06 3.0308745085857526e-07
3.2754348876769654 5.725876870473504e-06 3.385962613116566e-07
3.277224887686316 5.3134217544216206e-06 3.0378876523341895e-07
3.2790148876956664 6.322637964613349e-06 3.4537087971958005e-07
3.280804887705017 7.648402882969431e-06 3.6431617447364686e-07
3.2825948877143674 6.516589186824209e-06 3.4841396208566156e-07
3.284384887723718 6.1012676198812335e-06 3.9192156698946677e-07
3.2861748877330683 4.9769558300875155e-06 3.2174958608119304e-07
3.287964887742419 5.369999416019875e-06 3.1607000436514485e-07
3.2897548877517693 5.871063908186646e-06 3.4229487508460354e-07
3.2915448877611198 6.136888898408651e-06 3.7993088439258417e-07
3.2933348877704702 6.15210296532935e-06 3.228902656462853e-07
3.2951248877798207 5.234906822272123e-06 3.772258506854115e-07
3.296914887789171 5.4172348864827776e-06 4.095084469004984e-07
3.2987048877985217 5.024420831807258e-06 3.3964562711136267e-07
3.300494887807872 6.670002140615021e-06 3.861401363819861e-07
3.3022848878172226 7.433991549370004e-06 4.2196116202000076e-07
3.304074887826573 5.736160946707728e-06 3.4459999428629706e-07
3.3058648878359236 5.2786271470614184e-06 3.6834992293446863e-07
3.307654887845274 5.1364074284674715e-06 4.1596182802086373e-07
3.3094448878546245 5.884215331918431e-06 3.181198428928791e-07
3.311234887863975 8.27840073072432e-06 4.42974843848192e-07
3.3130248878733255 1.1179795065849823e-05 4.927564245210991e-07
3.314814887882676 8.805732654399017e-06 4.2511164103006056e-07
3.3166048878920265 6.350691436213567e-06 4.578717922673143e-07
3.318394887901377 5.636320229620915e-06 3.7801520060822794e-07
3.3201848879107274 5.319158690932927e-06 4.0144148233894775e-07
3.321974887920078 6.887671293830581e-06 3.767609322107099e-07
3.3237648879294284 7.314492735383856e-06 3.915067183824378e-07
3.325554887938779 7.184652014046041e-06 4.583588457142943e-07
3.3273448879481293 6.9855018192070955e-06 4.0134868356909223e-07
