#Target name PANSTARRS (C/2017 K2)
#Obs. Start 2022-08-21 21:24:50.752
#Obs. End 2022-08-21 21:30:34.329
#Instrument used NIRSPEC
#Grating used G395M/F290LP
#Lower wavelength (um) 3.255
#Upper wavelength (um) 3.328
#Spectral plate scale (um) 0.001790000009350478
#Center pixel for extract (x,y) = 29,25
#Pixel scale (arcsec/pixel) 0.09999908561794624
#Aperture size (arcsec) 0.09999908561794624 0.09999908561794624
#X offset (arcsec) -0.39999634247178495
#Y offset (arcsec) -0.09999908561794624
#Wave (micron) Flux (Jy) Noise (Jy)
3.25574488757411 1.6687558962904108e-05 6.433468051000449e-07
3.2575348875834607 1.6059825046491104e-05 5.9218038771213e-07
3.259324887592811 1.90925372621171e-05 6.966065744485399e-07
3.2611148876021616 1.8790024031665958e-05 6.614801666557808e-07
3.262904887611512 1.797613847274231e-05 7.569124938712234e-07
3.2646948876208626 1.5914605282641737e-05 6.27778018243847e-07
3.266484887630213 1.60913048997242e-05 6.427955602334577e-07
3.2682748876395635 1.873984814027802e-05 6.761998111450586e-07
3.270064887648914 2.3360602840975503e-05 7.921110784849811e-07
3.2718548876582645 1.9644871953870923e-05 6.450675049956861e-07
3.273644887667615 1.7484624184412406e-05 6.871775245612092e-07
3.2754348876769654 1.6366450114222992e-05 6.15891874357813e-07
3.277224887686316 1.6008227137238522e-05 6.146548936538339e-07
3.2790148876956664 1.8592650462551346e-05 6.353564163349962e-07
3.280804887705017 2.1839576310049683e-05 6.661667286850997e-07
3.2825948877143674 1.932917860828089e-05 6.24639783515921e-07
3.284384887723718 1.664257621620219e-05 6.017513816115645e-07
3.2861748877330683 1.749818804712133e-05 5.8187731462828e-07
3.287964887742419 1.758894972707233e-05 5.859668488230335e-07
3.2897548877517693 1.9836975270142922e-05 6.335280115869021e-07
3.2915448877611198 2.136615374711247e-05 6.598321479222789e-07
3.2933348877704702 1.815007833510386e-05 5.957666454865501e-07
3.2951248877798207 1.6139384525180522e-05 6.43833998641786e-07
3.296914887789171 1.6234582613955145e-05 5.788989560418985e-07
3.2987048877985217 1.644460371396426e-05 5.248278138741176e-07
3.300494887807872 2.1641975002891176e-05 6.52584149316074e-07
3.3022848878172226 2.3348640317425632e-05 6.422950857083496e-07
3.304074887826573 1.9468426973026516e-05 5.241240898693803e-07
3.3058648878359236 1.7014201666730614e-05 5.154540173606258e-07
3.307654887845274 1.7711567834974682e-05 5.091087333580452e-07
3.3094448878546245 1.844401104161764e-05 4.895748164550883e-07
3.311234887863975 2.4528095646765586e-05 5.694451374007777e-07
3.3130248878733255 3.317503481193512e-05 6.477522810003812e-07
3.314814887882676 2.773037945802138e-05 5.623590323006793e-07
3.3166048878920265 2.038609114466214e-05 4.805787714558451e-07
3.318394887901377 1.7776308201894328e-05 4.523870543452199e-07
3.3201848879107274 1.909750625518511e-05 4.4946686310371147e-07
3.321974887920078 2.0491325846284712e-05 4.6131770310990907e-07
3.3237648879294284 2.103587261422245e-05 4.667318052533786e-07
3.325554887938779 2.1297728327592765e-05 4.62170824168049e-07
3.3273448879481293 2.0440637095994772e-05 4.452013698888213e-07
