#Target name PANSTARRS (C/2017 K2)
#Obs. Start 2022-08-21 21:24:50.752
#Obs. End 2022-08-21 21:30:34.329
#Instrument used NIRSPEC
#Grating used G395M/F290LP
#Lower wavelength (um) 3.255
#Upper wavelength (um) 3.328
#Spectral plate scale (um) 0.001790000009350478
#Center pixel for extract (x,y) = 29,25
#Pixel scale (arcsec/pixel) 0.09999908561794624
#Aperture size (arcsec) 0.09999908561794624 0.09999908561794624
#X offset (arcsec) -0.5999945137076774
#Y offset (arcsec) -0.2999972568538387
#Wave (micron) Flux (Jy) Noise (Jy)
3.25574488757411 9.684335268474035e-06 3.399333537320287e-07
3.2575348875834607 9.383461931260244e-06 3.218820596874359e-07
3.259324887592811 1.0992922551735667e-05 3.379496399316069e-07
3.2611148876021616 1.0875746845118559e-05 3.39218758373818e-07
3.262904887611512 9.39667073780624e-06 3.1211919200298627e-07
3.2646948876208626 9.395782200792455e-06 2.9135499092563826e-07
3.266484887630213 8.795563343793214e-06 2.764863136293373e-07
3.2682748876395635 1.063282656383112e-05 3.594569036226526e-07
3.270064887648914 1.3217053532326566e-05 3.8142031585634524e-07
3.2718548876582645 1.2119224359594063e-05 3.570135108916002e-07
3.273644887667615 9.912357536622168e-06 3.296468118300069e-07
3.2754348876769654 9.775620566604707e-06 3.455683012571409e-07
3.277224887686316 1.0102348448046056e-05 3.326184738868005e-07
3.2790148876956664 1.155347643501862e-05 3.6915700885406e-07
3.280804887705017 1.3474671883510047e-05 4.027827776021575e-07
3.2825948877143674 1.1437867996514626e-05 3.6211374473195344e-07
3.284384887723718 1.040760439769515e-05 3.5621956586061454e-07
3.2861748877330683 1.0460894203360458e-05 3.955644230474342e-07
3.287964887742419 1.0065629723196871e-05 3.922431124854998e-07
3.2897548877517693 1.1518024615114416e-05 3.852289880737344e-07
3.2915448877611198 1.2342067828759729e-05 3.970364827607996e-07
3.2933348877704702 1.1032279989432046e-05 4.205708616093039e-07
3.2951248877798207 1.0000638306465054e-05 3.825223853052356e-07
3.296914887789171 9.703264424311608e-06 3.561552063272939e-07
3.2987048877985217 9.607433331367728e-06 3.5133322870174575e-07
3.300494887807872 1.233400375015026e-05 4.1824296299943034e-07
3.3022848878172226 1.362328799267548e-05 4.2178335374901567e-07
3.304074887826573 1.1581724918526506e-05 4.096921951893608e-07
3.3058648878359236 1.0049150096240897e-05 4.007198822426743e-07
3.307654887845274 9.97232437068471e-06 3.627832856149444e-07
3.3094448878546245 1.0482120464979377e-05 3.5658005770027647e-07
3.311234887863975 1.571874339203897e-05 4.3226686888536226e-07
3.3130248878733255 1.9395837713050688e-05 4.6879086201640344e-07
3.314814887882676 1.5499603804209277e-05 3.9596189990406755e-07
3.3166048878920265 1.0800737644274711e-05 3.2726371588419875e-07
3.318394887901377 9.8881608177614e-06 3.184554819218944e-07
3.3201848879107274 1.0558275528894482e-05 3.148295493110866e-07
3.321974887920078 1.189338443159886e-05 3.433020443422196e-07
3.3237648879294284 1.2384899616535238e-05 3.406329309318328e-07
3.325554887938779 1.2281689452326524e-05 3.4743427942020377e-07
3.3273448879481293 1.2228104663131918e-05 3.3998289123960853e-07
