#Target name PANSTARRS (C/2017 K2)
#Obs. Start 2022-08-21 21:24:50.752
#Obs. End 2022-08-21 21:30:34.329
#Instrument used NIRSPEC
#Grating used G395M/F290LP
#Lower wavelength (um) 3.255
#Upper wavelength (um) 3.328
#Spectral plate scale (um) 0.001790000009350478
#Center pixel for extract (x,y) = 29,25
#Pixel scale (arcsec/pixel) 0.09999908561794624
#Aperture size (arcsec) 0.09999908561794624 0.09999908561794624
#X offset (arcsec) 0.4999954280897312
#Y offset (arcsec) 0.09999908561794624
#Wave (micron) Flux (Jy) Noise (Jy)
3.25574488757411 1.0015331893328738e-05 3.589432041520819e-07
3.2575348875834607 1.0093247892354918e-05 3.3988112640503274e-07
3.259324887592811 1.1726578866935286e-05 3.807088586207867e-07
3.2611148876021616 1.2115124178197454e-05 3.7424939738778295e-07
3.262904887611512 1.0599774062846079e-05 3.469000140386809e-07
3.2646948876208626 1.0744471105122253e-05 3.8032348595152584e-07
3.266484887630213 1.0411495669783774e-05 3.961860235031237e-07
3.2682748876395635 1.1639318435257573e-05 4.073832934291134e-07
3.270064887648914 1.5198715224685459e-05 4.64216067587614e-07
3.2718548876582645 1.4220727369611419e-05 4.424980173187837e-07
3.273644887667615 1.2114378201612722e-05 3.8636538073913223e-07
3.2754348876769654 1.0751758722526942e-05 3.7525875212367466e-07
3.277224887686316 1.0657537934806833e-05 3.8728308548221075e-07
3.2790148876956664 1.2610594294281971e-05 4.217341244499106e-07
3.280804887705017 1.5359855133052252e-05 4.424770031045954e-07
3.2825948877143674 1.4062409081812111e-05 4.171696409955495e-07
3.284384887723718 1.1547289850361589e-05 3.9129584774779646e-07
3.2861748877330683 1.0792560593249767e-05 4.060554472629841e-07
3.287964887742419 1.1212773148497684e-05 4.289337623445302e-07
3.2897548877517693 1.3602504654653745e-05 4.741233169330134e-07
3.2915448877611198 1.4701651838900138e-05 4.834885956850208e-07
3.2933348877704702 1.2717802426749484e-05 4.5910675560673136e-07
3.2951248877798207 1.103038008031781e-05 4.4852444564474753e-07
3.296914887789171 1.0391086216660877e-05 4.562127340666254e-07
3.2987048877985217 1.059047087409226e-05 4.952596377152075e-07
3.300494887807872 1.35016391163694e-05 5.289067569049202e-07
3.3022848878172226 1.5841164246517475e-05 5.670152778236625e-07
3.304074887826573 1.3446518440288199e-05 4.850853397359034e-07
3.3058648878359236 1.1305990633575585e-05 4.10896029472827e-07
3.307654887845274 1.0714444650980325e-05 4.1556185747748e-07
3.3094448878546245 1.0981775940075346e-05 4.3183254710651884e-07
3.311234887863975 1.620271542672613e-05 5.11462325347133e-07
3.3130248878733255 2.252944326176166e-05 5.833457879157573e-07
3.314814887882676 1.996979855290996e-05 5.418798119866768e-07
3.3166048878920265 1.3678417634821403e-05 4.7427764532201214e-07
3.318394887901377 1.1327623057926338e-05 4.5977198157107573e-07
3.3201848879107274 1.18336650609226e-05 4.5256732828400314e-07
3.321974887920078 1.3090664297602842e-05 4.74435223909472e-07
3.3237648879294284 1.4228855107280403e-05 4.955642597640808e-07
3.325554887938779 1.4487099289781365e-05 4.6520919935015233e-07
3.3273448879481293 1.3419912539837079e-05 4.524705788418803e-07
