#Target name PANSTARRS (C/2017 K2)
#Obs. Start 2022-08-21 21:24:50.752
#Obs. End 2022-08-21 21:30:34.329
#Instrument used NIRSPEC
#Grating used G395M/F290LP
#Lower wavelength (um) 3.255
#Upper wavelength (um) 3.328
#Spectral plate scale (um) 0.001790000009350478
#Center pixel for extract (x,y) = 29,25
#Pixel scale (arcsec/pixel) 0.09999908561794624
#Aperture size (arcsec) 0.09999908561794624 0.09999908561794624
#X offset (arcsec) -0.09999908561794624
#Y offset (arcsec) 0.39999634247178495
#Wave (micron) Flux (Jy) Noise (Jy)
3.25574488757411 1.376101122981218e-05 3.3045117991122993e-07
3.2575348875834607 1.422476658176793e-05 3.4949703468492576e-07
3.259324887592811 1.665734691122247e-05 3.490726316151791e-07
3.2611148876021616 1.7560577511871303e-05 3.6142453454448225e-07
3.262904887611512 1.5456172186703974e-05 3.410816824710855e-07
3.2646948876208626 1.4723412477976387e-05 3.3611011165946903e-07
3.266484887630213 1.4997597426943634e-05 3.3101366037766964e-07
3.2682748876395635 1.648319007009469e-05 3.5972745462558866e-07
3.270064887648914 2.056558638072441e-05 4.1017899646577044e-07
3.2718548876582645 2.0174400563402103e-05 4.054968894498595e-07
3.273644887667615 1.6310275925537154e-05 3.615861758800185e-07
3.2754348876769654 1.4955404919582686e-05 3.454475395729389e-07
3.277224887686316 1.5308535171806003e-05 3.3661319194713655e-07
3.2790148876956664 1.7942824162667435e-05 3.6298188394849986e-07
3.280804887705017 2.1799580488545215e-05 4.154934632150352e-07
3.2825948877143674 2.0004344800277404e-05 3.901829069454327e-07
3.284384887723718 1.6461615925164624e-05 3.523408742815501e-07
3.2861748877330683 1.5701535720627708e-05 3.439954853914807e-07
3.287964887742419 1.545680877729912e-05 3.4100376176487534e-07
3.2897548877517693 1.788396194777844e-05 3.616558309953146e-07
3.2915448877611198 2.0339754522187456e-05 3.9590787936412754e-07
3.2933348877704702 1.76828190450554e-05 3.871820771593457e-07
3.2951248877798207 1.5072668493634052e-05 3.59113307211198e-07
3.296914887789171 1.4816844252001108e-05 3.5817145013127915e-07
3.2987048877985217 1.5288148133844905e-05 3.9127715910664495e-07
3.300494887807872 2.002631345205517e-05 4.468321009287844e-07
3.3022848878172226 2.302292111826532e-05 4.5099493270262673e-07
3.304074887826573 1.8618216299494907e-05 3.931242244769384e-07
3.3058648878359236 1.4985591866283107e-05 3.4416872657324895e-07
3.307654887845274 1.4745755911259463e-05 3.290954829065631e-07
3.3094448878546245 1.5967010137719147e-05 3.548254548724115e-07
3.311234887863975 2.1991237294794142e-05 4.0712341764698496e-07
3.3130248878733255 3.0420455303572734e-05 4.759925733134896e-07
3.314814887882676 2.7790771283551668e-05 4.682440721632242e-07
3.3166048878920265 1.862810766209438e-05 3.8039725985280283e-07
3.318394887901377 1.587449648872179e-05 3.6907454907758514e-07
3.3201848879107274 1.630137620969575e-05 3.725336008087857e-07
3.321974887920078 1.8650155215241684e-05 3.7972278763421567e-07
3.3237648879294284 2.0452474094638554e-05 4.0104083934071e-07
3.325554887938779 1.9781869836371743e-05 3.993816690642121e-07
3.3273448879481293 1.925232688113701e-05 3.9916906125453115e-07
