#Target name PANSTARRS (C/2017 K2)
#Obs. Start 2022-08-21 21:24:50.752
#Obs. End 2022-08-21 21:30:34.329
#Instrument used NIRSPEC
#Grating used G395M/F290LP
#Lower wavelength (um) 3.255
#Upper wavelength (um) 3.328
#Spectral plate scale (um) 0.001790000009350478
#Center pixel for extract (x,y) = 29,25
#Pixel scale (arcsec/pixel) 0.09999908561794624
#Aperture size (arcsec) 0.09999908561794624 0.09999908561794624
#X offset (arcsec) 0.4999954280897312
#Y offset (arcsec) -0.19999817123589247
#Wave (micron) Flux (Jy) Noise (Jy)
3.25574488757411 9.567063624964421e-06 3.588336780677326e-07
3.2575348875834607 1.0355578807155408e-05 3.5644850871945785e-07
3.259324887592811 1.2219237225123506e-05 4.082927886191823e-07
3.2611148876021616 1.2368645934410217e-05 3.743989345359468e-07
3.262904887611512 1.0460084567716211e-05 3.4282967282621926e-07
3.2646948876208626 9.964278224204682e-06 3.392329639826093e-07
3.266484887630213 9.826780931898936e-06 3.458585495835095e-07
3.2682748876395635 1.0453375261485985e-05 3.4130779541575143e-07
3.270064887648914 1.508551686437829e-05 4.0896406667721286e-07
3.2718548876582645 1.356180858349462e-05 3.7521537878559e-07
3.273644887667615 1.1215224470592223e-05 3.479145802996912e-07
3.2754348876769654 1.0631504965891342e-05 3.407363488845914e-07
3.277224887686316 1.0882728719716284e-05 3.42576185365204e-07
3.2790148876956664 1.2364345809770344e-05 3.300998222500018e-07
3.280804887705017 1.5161914908647316e-05 3.801714831355639e-07
3.2825948877143674 1.2733044736774052e-05 3.4036941268591167e-07
3.284384887723718 1.095234124620496e-05 3.135986767386982e-07
3.2861748877330683 1.0413197428867695e-05 3.1640522310987637e-07
3.287964887742419 1.0047641107548463e-05 3.2053471233053996e-07
3.2897548877517693 1.3277944767661775e-05 3.600649709244048e-07
3.2915448877611198 1.447629428518689e-05 3.7595275355198073e-07
3.2933348877704702 1.1465459267478512e-05 3.2797223112977094e-07
3.2951248877798207 1.056201348127639e-05 3.2263316374042973e-07
3.296914887789171 1.0366615136219669e-05 3.0348159345989074e-07
3.2987048877985217 1.073379431525328e-05 3.1470640601594325e-07
3.300494887807872 1.4255116710846262e-05 3.6881688679268453e-07
3.3022848878172226 1.5636533544618226e-05 3.828726782462782e-07
3.304074887826573 1.2666562263479244e-05 3.2613057341726197e-07
3.3058648878359236 1.0591263474213537e-05 2.9304725158474467e-07
3.307654887845274 1.0290347099889087e-05 2.8902852128232944e-07
3.3094448878546245 1.0470223393701966e-05 2.8681054102213675e-07
3.311234887863975 1.5821288274245437e-05 3.804171252899488e-07
3.3130248878733255 2.202140451615218e-05 4.2588855053807757e-07
3.314814887882676 1.8470000076816e-05 3.927286809280104e-07
3.3166048878920265 1.3247754234535462e-05 3.41718245047277e-07
3.318394887901377 1.1070401903409964e-05 3.1617389864009174e-07
3.3201848879107274 1.118661106825022e-05 3.338913468686133e-07
3.321974887920078 1.2939996752829396e-05 3.192785106253166e-07
3.3237648879294284 1.4194084708294946e-05 3.3874282845088174e-07
3.325554887938779 1.4211037743468154e-05 3.772340322194688e-07
3.3273448879481293 1.3993877862728709e-05 3.47071237855887e-07
