#Target name PANSTARRS (C/2017 K2)
#Obs. Start 2022-08-21 21:24:50.752
#Obs. End 2022-08-21 21:30:34.329
#Instrument used NIRSPEC
#Grating used G395M/F290LP
#Lower wavelength (um) 3.255
#Upper wavelength (um) 3.328
#Spectral plate scale (um) 0.001790000009350478
#Center pixel for extract (x,y) = 29,25
#Pixel scale (arcsec/pixel) 0.09999908561794624
#Aperture size (arcsec) 0.09999908561794624 0.09999908561794624
#X offset (arcsec) 0.0
#Y offset (arcsec) -0.2999972568538387
#Wave (micron) Flux (Jy) Noise (Jy)
3.25574488757411 1.5905472449117603e-05 5.506959192745637e-07
3.2575348875834607 1.6173122033510195e-05 5.78621344262995e-07
3.259324887592811 1.9794027820132517e-05 6.79145891898447e-07
3.2611148876021616 2.0071877199750966e-05 6.513026184780156e-07
3.262904887611512 1.7747281463968717e-05 6.375587620198329e-07
3.2646948876208626 1.7109222227423778e-05 6.387834143848216e-07
3.266484887630213 1.7728870546671985e-05 6.248833802867915e-07
3.2682748876395635 1.9112728839867293e-05 7.084629061693787e-07
3.270064887648914 2.520161387606651e-05 7.844616243309232e-07
3.2718548876582645 2.4373411304997434e-05 8.398205175441621e-07
3.273644887667615 1.6454575771146217e-05 7.450051116193831e-07
3.2754348876769654 1.671367172979561e-05 7.019217696905633e-07
3.277224887686316 1.8016991450034042e-05 6.654853638042588e-07
3.2790148876956664 2.133269598000207e-05 7.344043091489136e-07
3.280804887705017 2.75658952075139e-05 8.243087772747474e-07
3.2825948877143674 2.0739094078766434e-05 6.910447003508984e-07
3.284384887723718 1.6703448622801488e-05 6.539406588703561e-07
3.2861748877330683 1.7652364909626313e-05 7.290607587272122e-07
3.287964887742419 1.756085904630352e-05 6.134393194293746e-07
3.2897548877517693 2.1615404966698937e-05 7.519734250442181e-07
3.2915448877611198 2.674956011970866e-05 8.333785681563152e-07
3.2933348877704702 1.9879793608821353e-05 7.008795207047288e-07
3.2951248877798207 1.623866755304173e-05 6.431556598077882e-07
3.296914887789171 1.656738500424452e-05 6.890049766649268e-07
3.2987048877985217 1.817246659871053e-05 7.139185884379888e-07
3.300494887807872 2.5291591921960952e-05 8.358688926323881e-07
3.3022848878172226 2.8284923388122294e-05 8.133491080638463e-07
3.304074887826573 2.122785219880131e-05 6.770876757039896e-07
3.3058648878359236 1.8495122990162378e-05 5.864314590892604e-07
3.307654887845274 1.7811105499073947e-05 5.551295262029602e-07
3.3094448878546245 1.7931844319810917e-05 5.945698439600991e-07
3.311234887863975 2.910502780953596e-05 7.420110624197409e-07
3.3130248878733255 4.3208348148060494e-05 9.115773904865162e-07
3.314814887882676 3.091029652422583e-05 7.015718129769476e-07
3.3166048878920265 2.1010948747512865e-05 5.293454776592671e-07
3.318394887901377 1.85513940123472e-05 5.089021216041459e-07
3.3201848879107274 1.818064006330959e-05 5.189880478080502e-07
3.321974887920078 2.3408630463256448e-05 6.403969698070547e-07
3.3237648879294284 2.3351211784787424e-05 5.720460246624333e-07
3.325554887938779 2.308510974316556e-05 5.885285655894421e-07
3.3273448879481293 2.2620016654353535e-05 5.552443478692849e-07
