#Target name PANSTARRS (C/2017 K2)
#Obs. Start 2022-08-21 21:24:50.752
#Obs. End 2022-08-21 21:30:34.329
#Instrument used NIRSPEC
#Grating used G395M/F290LP
#Lower wavelength (um) 3.255
#Upper wavelength (um) 3.328
#Spectral plate scale (um) 0.001790000009350478
#Center pixel for extract (x,y) = 29,25
#Pixel scale (arcsec/pixel) 0.09999908561794624
#Aperture size (arcsec) 0.09999908561794624 0.09999908561794624
#X offset (arcsec) 0.6999935993256237
#Y offset (arcsec) 0.2999972568538387
#Wave (micron) Flux (Jy) Noise (Jy)
3.25574488757411 6.288127133201545e-06 3.1470702243289275e-07
3.2575348875834607 7.1687596643292486e-06 3.0328960759906656e-07
3.259324887592811 7.761768012080396e-06 3.315331037334518e-07
3.2611148876021616 8.735883423801723e-06 3.486046870936344e-07
3.262904887611512 7.440450254091297e-06 3.199151572583648e-07
3.2646948876208626 7.509613580737485e-06 3.06302765724144e-07
3.266484887630213 6.715807523755029e-06 3.236923361734237e-07
3.2682748876395635 7.580434732750463e-06 3.1028935828832716e-07
3.270064887648914 9.871494696659243e-06 3.3055499012932e-07
3.2718548876582645 9.88359171117992e-06 3.409585952138467e-07
3.273644887667615 8.106839565333077e-06 3.3658298751660994e-07
3.2754348876769654 7.286666105221063e-06 2.5595730363718464e-07
3.277224887686316 7.807347002086218e-06 3.3746919895735827e-07
3.2790148876956664 8.999388893080578e-06 3.124119900540097e-07
3.280804887705017 1.1060295355257203e-05 3.2970974239676275e-07
3.2825948877143674 9.627756710269311e-06 3.2299121793124584e-07
3.284384887723718 7.459985515903962e-06 2.9743174128984504e-07
3.2861748877330683 7.2949987174689055e-06 2.953399303716387e-07
3.287964887742419 7.364681179262401e-06 3.060517159119746e-07
3.2897548877517693 8.95335622019991e-06 3.099352827887308e-07
3.2915448877611198 1.0213660348336066e-05 3.0722713897785817e-07
3.2933348877704702 8.48913821930459e-06 2.7966214979118427e-07
3.2951248877798207 7.40427173464151e-06 2.862845692504801e-07
3.296914887789171 7.038682238882815e-06 2.6711464655621666e-07
3.2987048877985217 7.126782342521587e-06 2.830217062229414e-07
3.300494887807872 9.313901407946946e-06 2.9940343495975107e-07
3.3022848878172226 1.0628319323096208e-05 3.17096814908289e-07
3.304074887826573 8.764170461387906e-06 2.9245812509471415e-07
3.3058648878359236 8.05137548897309e-06 2.779530217228228e-07
3.307654887845274 7.745586955079609e-06 2.9226084365191455e-07
3.3094448878546245 7.60051782111754e-06 2.887117109892269e-07
3.311234887863975 1.0615112309763155e-05 3.1083485926970284e-07
3.3130248878733255 1.4854091974668792e-05 3.507526479921519e-07
3.314814887882676 1.2666738894954233e-05 3.262666894872975e-07
3.3166048878920265 9.15640441167602e-06 2.876042058635998e-07
3.318394887901377 7.950911630388213e-06 2.7592797996783074e-07
3.3201848879107274 8.167139937003217e-06 2.727713367882757e-07
3.321974887920078 8.989488564416384e-06 3.1659154914234586e-07
3.3237648879294284 1.0073699181445171e-05 3.1818084015192964e-07
3.325554887938779 1.022278062936959e-05 3.3062100278082347e-07
3.3273448879481293 9.829956712022877e-06 3.1063172186588273e-07
