#Target name PANSTARRS (C/2017 K2)
#Obs. Start 2022-08-21 21:24:50.752
#Obs. End 2022-08-21 21:30:34.329
#Instrument used NIRSPEC
#Grating used G395M/F290LP
#Lower wavelength (um) 3.255
#Upper wavelength (um) 3.328
#Spectral plate scale (um) 0.001790000009350478
#Center pixel for extract (x,y) = 29,25
#Pixel scale (arcsec/pixel) 0.09999908561794624
#Aperture size (arcsec) 0.09999908561794624 0.09999908561794624
#X offset (arcsec) 0.09999908561794624
#Y offset (arcsec) 0.2999972568538387
#Wave (micron) Flux (Jy) Noise (Jy)
3.25574488757411 1.59605097407969e-05 3.766484641363742e-07
3.2575348875834607 1.6570150138604273e-05 3.9636276705392324e-07
3.259324887592811 1.846644951518675e-05 3.9946524959877695e-07
3.2611148876021616 1.9546286485844957e-05 4.282383879875637e-07
3.262904887611512 1.7896182693992255e-05 3.9661252799428905e-07
3.2646948876208626 1.6474082341551778e-05 3.938148356120222e-07
3.266484887630213 1.7098242384567253e-05 4.3153708725503154e-07
3.2682748876395635 1.8890298706285235e-05 4.2581945580182645e-07
3.270064887648914 2.4197864723838004e-05 4.860957031540761e-07
3.2718548876582645 2.3840007562294126e-05 4.746512500313276e-07
3.273644887667615 1.9268958931193236e-05 4.169487675949545e-07
3.2754348876769654 1.6568622321175926e-05 3.9892798618936315e-07
3.277224887686316 1.677107068292225e-05 3.894395361232602e-07
3.2790148876956664 2.1069654952875728e-05 4.553711287978608e-07
3.280804887705017 2.4620763512076135e-05 4.860235263330774e-07
3.2825948877143674 2.1293896231531295e-05 4.3323898643371227e-07
3.284384887723718 1.8312837514759147e-05 4.0546545218543384e-07
3.2861748877330683 1.7345687838719048e-05 4.0692162515287294e-07
3.287964887742419 1.7291787444046286e-05 4.225460016103368e-07
3.2897548877517693 2.2582224691557327e-05 5.428247791702956e-07
3.2915448877611198 2.5066473762175737e-05 5.448094736340461e-07
3.2933348877704702 2.155479616240242e-05 4.7667444253547105e-07
3.2951248877798207 1.8312536254984544e-05 4.4790116405192303e-07
3.296914887789171 1.76861436618537e-05 4.455142295096565e-07
3.2987048877985217 1.8200535760924014e-05 4.452743592594353e-07
3.300494887807872 2.286866714760374e-05 4.951765895407353e-07
3.3022848878172226 2.6503412951728375e-05 5.145898007973947e-07
3.304074887826573 2.238995998612036e-05 4.599718687764346e-07
3.3058648878359236 1.7751760909902994e-05 4.176653803177272e-07
3.307654887845274 1.7068839071923392e-05 3.920962931757043e-07
3.3094448878546245 1.8377070402415624e-05 3.9715609566795934e-07
3.311234887863975 2.653260466524484e-05 4.814840638030765e-07
3.3130248878733255 3.676719898148994e-05 5.600931396321372e-07
3.314814887882676 3.2430700810260056e-05 5.287347765760033e-07
3.3166048878920265 2.1690608731147216e-05 4.437209605276851e-07
3.318394887901377 1.811606108555491e-05 4.182182222645926e-07
3.3201848879107274 1.883241199923781e-05 4.0195193161105723e-07
3.321974887920078 2.1423576012007377e-05 4.061056852443702e-07
3.3237648879294284 2.3137229477384867e-05 4.298843052996469e-07
3.325554887938779 2.293483311881392e-05 4.391549920688548e-07
3.3273448879481293 2.202062446852151e-05 4.1300742563865675e-07
