#Target name PANSTARRS (C/2017 K2)
#Obs. Start 2022-08-21 21:24:50.752
#Obs. End 2022-08-21 21:30:34.329
#Instrument used NIRSPEC
#Grating used G395M/F290LP
#Lower wavelength (um) 3.255
#Upper wavelength (um) 3.328
#Spectral plate scale (um) 0.001790000009350478
#Center pixel for extract (x,y) = 29,25
#Pixel scale (arcsec/pixel) 0.09999908561794624
#Aperture size (arcsec) 0.09999908561794624 0.09999908561794624
#X offset (arcsec) -0.6999935993256237
#Y offset (arcsec) 0.19999817123589247
#Wave (micron) Flux (Jy) Noise (Jy)
3.25574488757411 9.56263169917316e-06 3.7342362282704014e-07
3.2575348875834607 9.935225484691381e-06 3.6763053633542304e-07
3.259324887592811 1.1229207048523585e-05 3.6617125326428407e-07
3.2611148876021616 1.1093993412902109e-05 3.466469468619494e-07
3.262904887611512 1.023624676197306e-05 3.3562720501742227e-07
3.2646948876208626 1.0471413190490354e-05 3.357961873184483e-07
3.266484887630213 1.0476260245078166e-05 3.3587668576826556e-07
3.2682748876395635 1.1750995254381702e-05 3.6255549153314344e-07
3.270064887648914 1.3486813728354326e-05 3.866646231491734e-07
3.2718548876582645 1.2559297644803994e-05 3.649203471410362e-07
3.273644887667615 1.0493397981184613e-05 3.3789853336270104e-07
3.2754348876769654 9.463678622493661e-06 3.1836094597699934e-07
3.277224887686316 1.0377630843335072e-05 3.405801992636963e-07
3.2790148876956664 1.217754054114159e-05 3.5426740140042747e-07
3.280804887705017 1.3392927374848287e-05 3.599921496675043e-07
3.2825948877143674 1.2146814733951476e-05 3.4023520190462917e-07
3.284384887723718 1.0321230709818278e-05 3.128208706242091e-07
3.2861748877330683 1.0638821274703135e-05 3.2513592863130214e-07
3.287964887742419 1.103860823791166e-05 3.351347999505624e-07
3.2897548877517693 1.1557518336994547e-05 3.4078546610788747e-07
3.2915448877611198 1.2366061017951344e-05 3.470246703572457e-07
3.2933348877704702 1.170481195161373e-05 3.399576741825826e-07
3.2951248877798207 1.0195942507842212e-05 3.2343027491301975e-07
3.296914887789171 9.866944418813673e-06 3.2445305072703964e-07
3.2987048877985217 1.0460796473255004e-05 3.291344012312398e-07
3.300494887807872 1.2105957273627383e-05 3.472125934699935e-07
3.3022848878172226 1.3215144657147605e-05 3.6988849964047803e-07
3.304074887826573 1.1046519893420883e-05 4.642666137774749e-07
3.3058648878359236 9.696829479661823e-06 4.886208832067492e-07
3.307654887845274 1.0179013681043749e-05 3.431209018159166e-07
3.3094448878546245 1.0406047888859699e-05 3.429174001657173e-07
3.311234887863975 1.3438608577991921e-05 3.6909721640995627e-07
3.3130248878733255 1.869482773610428e-05 4.4460795649909644e-07
3.314814887882676 1.6909854605515363e-05 4.567181399273297e-07
3.3166048878920265 1.2162052560943685e-05 4.0359277749278295e-07
3.318394887901377 1.0941041314837923e-05 3.8268738891504207e-07
3.3201848879107274 1.1131297621777533e-05 3.71668879904414e-07
3.321974887920078 1.2489169569593896e-05 4.7145434361738784e-07
3.3237648879294284 1.3361748781389795e-05 4.3329219442403703e-07
3.325554887938779 1.2938663499005484e-05 4.1706288878747303e-07
3.3273448879481293 1.230769372983491e-05 4.18838253658956e-07
