#Target name PANSTARRS (C/2017 K2)
#Obs. Start 2022-08-21 21:24:50.752
#Obs. End 2022-08-21 21:30:34.329
#Instrument used NIRSPEC
#Grating used G395M/F290LP
#Lower wavelength (um) 3.255
#Upper wavelength (um) 3.328
#Spectral plate scale (um) 0.001790000009350478
#Center pixel for extract (x,y) = 29,25
#Pixel scale (arcsec/pixel) 0.09999908561794624
#Aperture size (arcsec) 0.09999908561794624 0.09999908561794624
#X offset (arcsec) -0.39999634247178495
#Y offset (arcsec) -0.7999926849435699
#Wave (micron) Flux (Jy) Noise (Jy)
3.25574488757411 5.723948718255396e-06 3.1163687375893675e-07
3.2575348875834607 6.077152043906186e-06 3.3996812525177225e-07
3.259324887592811 6.979515177793328e-06 3.074512345579621e-07
3.2611148876021616 7.2077553213141635e-06 3.0381216105854853e-07
3.262904887611512 6.7613573740505085e-06 2.8973202113544873e-07
3.2646948876208626 6.706841459034695e-06 2.8303448286516784e-07
3.266484887630213 6.087522642664961e-06 2.737113726362983e-07
3.2682748876395635 7.091788688524593e-06 2.964228628761416e-07
3.270064887648914 9.02586747541267e-06 3.316246976883605e-07
3.2718548876582645 8.01312984330203e-06 3.0182645791251697e-07
3.273644887667615 6.472468975548387e-06 2.610339735386948e-07
3.2754348876769654 6.141500593797555e-06 2.757906310638961e-07
3.277224887686316 6.137321511031407e-06 2.7525510482952183e-07
3.2790148876956664 7.755546459770957e-06 2.848164602093821e-07
3.280804887705017 9.265040838253483e-06 3.040955727605679e-07
3.2825948877143674 8.150603823839504e-06 2.9508179176454984e-07
3.284384887723718 6.699617052386285e-06 2.6711666392077875e-07
3.2861748877330683 6.205521434023395e-06 2.5501676344802153e-07
3.287964887742419 6.436361288009892e-06 2.78795691711773e-07
3.2897548877517693 7.782255469966361e-06 3.040886240604096e-07
3.2915448877611198 8.491065026612989e-06 3.130588636046295e-07
3.2933348877704702 6.931919271528668e-06 2.958884293809052e-07
3.2951248877798207 5.90636913293267e-06 2.738199740952233e-07
3.296914887789171 5.789426992301527e-06 2.6669694001605804e-07
3.2987048877985217 6.097664606773367e-06 2.759979152726493e-07
3.300494887807872 8.45854242005292e-06 3.2539846621389444e-07
3.3022848878172226 9.159280725238304e-06 3.2995849465484754e-07
3.304074887826573 7.111261187884215e-06 3.0054156480018856e-07
3.3058648878359236 6.552550279204527e-06 2.999185353779343e-07
3.307654887845274 6.856504356256226e-06 3.2228418769014296e-07
3.3094448878546245 6.8644653251214116e-06 3.364187964564188e-07
3.311234887863975 9.890954643528259e-06 3.4639387968521795e-07
3.3130248878733255 1.349440798517245e-05 3.8733368770997613e-07
3.314814887882676 1.1011077936187872e-05 3.657286939134788e-07
3.3166048878920265 8.139771921050867e-06 3.39520214281087e-07
3.318394887901377 7.769800709463344e-06 3.501902515825689e-07
3.3201848879107274 7.678432923537248e-06 3.5252896550801134e-07
3.321974887920078 8.241875672873092e-06 3.7904268360622606e-07
3.3237648879294284 8.338930633651297e-06 3.9593914851483967e-07
3.325554887938779 7.4483861179752645e-06 4.090255402584517e-07
3.3273448879481293 6.7323239115763576e-06 3.612002988696171e-07
