#Target name PANSTARRS (C/2017 K2)
#Obs. Start 2022-08-21 21:24:50.752
#Obs. End 2022-08-21 21:30:34.329
#Instrument used NIRSPEC
#Grating used G395M/F290LP
#Lower wavelength (um) 3.255
#Upper wavelength (um) 3.328
#Spectral plate scale (um) 0.001790000009350478
#Center pixel for extract (x,y) = 29,25
#Pixel scale (arcsec/pixel) 0.09999908561794624
#Aperture size (arcsec) 0.09999908561794624 0.09999908561794624
#X offset (arcsec) -0.09999908561794624
#Y offset (arcsec) 0.6999935993256237
#Wave (micron) Flux (Jy) Noise (Jy)
3.25574488757411 8.058318809492516e-06 4.172399125277951e-07
3.2575348875834607 8.942797782385243e-06 4.350266516252334e-07
3.259324887592811 1.0695606052396431e-05 4.645803980237343e-07
3.2611148876021616 1.0240327218027283e-05 4.30230311340995e-07
3.262904887611512 9.21992001415487e-06 3.910058235730459e-07
3.2646948876208626 8.59099719755995e-06 3.91578727089723e-07
3.266484887630213 8.412066823575067e-06 3.72769688500453e-07
3.2682748876395635 9.858951172115495e-06 3.8693758378200307e-07
3.270064887648914 1.2319771915619672e-05 4.4072940501479323e-07
3.2718548876582645 1.1548333500295036e-05 4.4309515722915804e-07
3.273644887667615 9.490969530289415e-06 4.05388680256266e-07
3.2754348876769654 9.284903361428438e-06 3.9552696170827453e-07
3.277224887686316 9.57347884427182e-06 3.8008779052519e-07
3.2790148876956664 1.120359548464995e-05 4.0219247431613245e-07
3.280804887705017 1.286711250932427e-05 4.2534431040955323e-07
3.2825948877143674 1.2013103810777128e-05 4.3089719042352214e-07
3.284384887723718 9.997436524753423e-06 3.8913242038763646e-07
3.2861748877330683 9.163012401374907e-06 3.644425959862036e-07
3.287964887742419 9.141270591034567e-06 3.836833505917577e-07
3.2897548877517693 1.1079366174917355e-05 4.0793706000140307e-07
3.2915448877611198 1.2323987759251174e-05 4.1094200857347093e-07
3.2933348877704702 1.0441670063993588e-05 4.231470921929785e-07
3.2951248877798207 8.869154113198304e-06 4.0356999808460287e-07
3.296914887789171 8.34783841895095e-06 3.528063531352967e-07
3.2987048877985217 9.135810257619884e-06 3.7705849348361606e-07
3.300494887807872 1.1786165539853684e-05 4.14535495237572e-07
3.3022848878172226 1.3426864826421225e-05 4.251421256501097e-07
3.304074887826573 1.143682434658118e-05 3.823581662260922e-07
3.3058648878359236 9.689766910481614e-06 3.471765891163509e-07
3.307654887845274 9.921149659686928e-06 3.3007911624428824e-07
3.3094448878546245 9.93027352714634e-06 3.271791546863051e-07
3.311234887863975 1.3530133270050622e-05 3.8266138732735305e-07
3.3130248878733255 1.8548345550342283e-05 4.480761143897786e-07
3.314814887882676 1.585250273196281e-05 4.1606199577516116e-07
3.3166048878920265 1.0309777458744524e-05 3.4275332118133514e-07
3.318394887901377 8.949316111436926e-06 3.477239953864796e-07
3.3201848879107274 9.821692690170146e-06 3.211132756755718e-07
3.321974887920078 1.0847234759307894e-05 3.3853907463011214e-07
3.3237648879294284 1.1582270951867974e-05 3.696746309779458e-07
3.325554887938779 1.197353118752746e-05 3.516502351275141e-07
3.3273448879481293 1.16928449450315e-05 3.415487864240627e-07
