#Target name PANSTARRS (C/2017 K2)
#Obs. Start 2022-08-21 21:24:50.752
#Obs. End 2022-08-21 21:30:34.329
#Instrument used NIRSPEC
#Grating used G395M/F290LP
#Lower wavelength (um) 3.255
#Upper wavelength (um) 3.328
#Spectral plate scale (um) 0.001790000009350478
#Center pixel for extract (x,y) = 29,25
#Pixel scale (arcsec/pixel) 0.09999908561794624
#Aperture size (arcsec) 0.09999908561794624 0.09999908561794624
#X offset (arcsec) -0.19999817123589247
#Y offset (arcsec) 0.09999908561794624
#Wave (micron) Flux (Jy) Noise (Jy)
3.25574488757411 3.0641891997183785e-05 5.016081158783448e-07
3.2575348875834607 3.1652152305612195e-05 5.275541139660487e-07
3.259324887592811 3.5859044218096697e-05 5.562974682085927e-07
3.2611148876021616 3.739471591913671e-05 5.692781444453615e-07
3.262904887611512 3.372570898850274e-05 5.298340721486209e-07
3.2646948876208626 3.0508025064483302e-05 4.919804116195541e-07
3.266484887630213 3.115335936594232e-05 4.97913648910331e-07
3.2682748876395635 3.5397334922110126e-05 5.418788593423002e-07
3.270064887648914 4.362383917362668e-05 6.338313447639719e-07
3.2718548876582645 4.1493968431440655e-05 5.922977871220618e-07
3.273644887667615 3.417016040311561e-05 5.389017335898176e-07
3.2754348876769654 3.230135277417862e-05 5.292243797476382e-07
3.277224887686316 3.259254903773976e-05 5.139019355196314e-07
3.2790148876956664 3.84603542297038e-05 5.712304490003098e-07
3.280804887705017 4.5279498339180094e-05 6.563973045658232e-07
3.2825948877143674 3.923537369127774e-05 5.938621412641421e-07
3.284384887723718 3.442051086223679e-05 5.110977427404424e-07
3.2861748877330683 3.334206542482317e-05 5.076175647192445e-07
3.287964887742419 3.2884347820850096e-05 4.963342766098441e-07
3.2897548877517693 3.767059814415552e-05 5.513961689292218e-07
3.2915448877611198 4.168832043674451e-05 6.010123537269909e-07
3.2933348877704702 3.761905403129126e-05 5.621460882635713e-07
3.2951248877798207 3.264762219367794e-05 5.226725960669672e-07
3.296914887789171 3.19426635618287e-05 5.190541725353626e-07
3.2987048877985217 3.3937799456249306e-05 5.382981493204256e-07
3.300494887807872 4.154728423869365e-05 6.131159807203976e-07
3.3022848878172226 4.550961418344043e-05 6.241806649643353e-07
3.304074887826573 3.8237231915925334e-05 5.324196050244428e-07
3.3058648878359236 3.290810071950721e-05 4.6391063298912536e-07
3.307654887845274 3.306189024801628e-05 4.5224572675006567e-07
3.3094448878546245 3.448574436271606e-05 4.5486734803638696e-07
3.311234887863975 4.722967479866706e-05 5.487145310471788e-07
3.3130248878733255 6.274048977020264e-05 6.460907010939897e-07
3.314814887882676 5.504603538561663e-05 6.019594503509807e-07
3.3166048878920265 3.8075423139130394e-05 4.87932345474132e-07
3.318394887901377 3.3637949147020104e-05 4.6103639282930867e-07
3.3201848879107274 3.483839044744448e-05 4.685797111922395e-07
3.321974887920078 3.795732213463415e-05 4.782152047197561e-07
3.3237648879294284 4.099138822603292e-05 4.950677639301923e-07
3.325554887938779 4.037891275856098e-05 4.972555957977629e-07
3.3273448879481293 3.81022316726442e-05 4.900540526143902e-07
