#Target name PANSTARRS (C/2017 K2)
#Obs. Start 2022-08-21 21:24:50.752
#Obs. End 2022-08-21 21:30:34.329
#Instrument used NIRSPEC
#Grating used G395M/F290LP
#Lower wavelength (um) 3.255
#Upper wavelength (um) 3.328
#Spectral plate scale (um) 0.001790000009350478
#Center pixel for extract (x,y) = 29,25
#Pixel scale (arcsec/pixel) 0.09999908561794624
#Aperture size (arcsec) 0.09999908561794624 0.09999908561794624
#X offset (arcsec) 0.0
#Y offset (arcsec) -0.6999935993256237
#Wave (micron) Flux (Jy) Noise (Jy)
3.25574488757411 6.932852190562819e-06 4.0229384688537677e-07
3.2575348875834607 6.879534141793642e-06 3.8787310857871323e-07
3.259324887592811 1.0013804075900393e-05 5.233422490257671e-07
3.2611148876021616 8.975950703295153e-06 4.906302343484807e-07
3.262904887611512 7.646427658911542e-06 4.3914173910444e-07
3.2646948876208626 7.377488754412164e-06 3.62878998355834e-07
3.266484887630213 6.792305539645687e-06 4.369816740185502e-07
3.2682748876395635 7.849080446933487e-06 4.666688466676705e-07
3.270064887648914 1.1699929929373507e-05 5.36847608162389e-07
3.2718548876582645 9.96765574078483e-06 4.689208139169438e-07
3.273644887667615 7.866748077464905e-06 4.77943757110348e-07
3.2754348876769654 7.272491653504686e-06 4.3993005232602317e-07
3.277224887686316 7.779877669602528e-06 4.633152022348384e-07
3.2790148876956664 9.563409056984413e-06 4.7351199943280007e-07
3.280804887705017 1.2550472347299768e-05 5.316427515543303e-07
3.2825948877143674 8.868620632347444e-06 5.367916823336959e-07
3.284384887723718 8.078686122111229e-06 4.667983502649748e-07
3.2861748877330683 8.262364923972001e-06 4.888421768916279e-07
3.287964887742419 7.529749568886412e-06 4.297666257001925e-07
3.2897548877517693 1.0661981516482231e-05 5.289189171301972e-07
3.2915448877611198 1.1993848290183737e-05 5.069069480522534e-07
3.2933348877704702 8.303246592670838e-06 4.271685123148098e-07
3.2951248877798207 7.809693421223528e-06 3.9537252124346677e-07
3.296914887789171 6.800627840919102e-06 3.908049837233104e-07
3.2987048877985217 6.992442898210342e-06 4.268303795990442e-07
3.300494887807872 1.1185566521710302e-05 4.6160021820545637e-07
3.3022848878172226 1.2140305370964515e-05 4.893976246010528e-07
3.304074887826573 8.990567182002242e-06 4.0824627715844557e-07
3.3058648878359236 7.652061037375326e-06 3.348386116063166e-07
3.307654887845274 7.696755076793251e-06 3.611083967062337e-07
3.3094448878546245 7.781207337000554e-06 3.2159982478141115e-07
3.311234887863975 1.3195154815853622e-05 4.4020102361324306e-07
3.3130248878733255 1.915081130316044e-05 5.067061082025179e-07
3.314814887882676 1.2733211505577851e-05 4.5124004249691887e-07
3.3166048878920265 8.495845732321871e-06 3.6352057632447846e-07
3.318394887901377 8.587662718090457e-06 3.6404377421986217e-07
3.3201848879107274 8.603489615534792e-06 3.584846459795413e-07
3.321974887920078 9.875116986806259e-06 3.81199750664225e-07
3.3237648879294284 1.0786795413634592e-05 3.830914502254543e-07
3.325554887938779 1.033870556995821e-05 3.640800027251228e-07
3.3273448879481293 9.251305723708402e-06 3.3682364229749417e-07
