#Target name PANSTARRS (C/2017 K2)
#Obs. Start 2022-08-21 21:24:50.752
#Obs. End 2022-08-21 21:30:34.329
#Instrument used NIRSPEC
#Grating used G395M/F290LP
#Lower wavelength (um) 3.255
#Upper wavelength (um) 3.328
#Spectral plate scale (um) 0.001790000009350478
#Center pixel for extract (x,y) = 29,25
#Pixel scale (arcsec/pixel) 0.09999908561794624
#Aperture size (arcsec) 0.09999908561794624 0.09999908561794624
#X offset (arcsec) 0.19999817123589247
#Y offset (arcsec) -0.39999634247178495
#Wave (micron) Flux (Jy) Noise (Jy)
3.25574488757411 1.1279527293553518e-05 3.751821763271725e-07
3.2575348875834607 1.1726199602397616e-05 3.89783833008521e-07
3.259324887592811 1.3095210092416052e-05 4.207365096550121e-07
3.2611148876021616 1.4266052619985653e-05 4.588713123509658e-07
3.262904887611512 1.2095282276971354e-05 4.28969682641316e-07
3.2646948876208626 1.1364455651797472e-05 4.458321045229446e-07
3.266484887630213 1.1476986936889447e-05 4.0832402975094224e-07
3.2682748876395635 1.3064782855181124e-05 4.477241122926487e-07
3.270064887648914 1.7087700085669088e-05 5.518523735097733e-07
3.2718548876582645 1.5594486287505743e-05 5.755297330716147e-07
3.273644887667615 1.2071985751008508e-05 4.825059149916721e-07
3.2754348876769654 1.134599273132536e-05 4.953644285966264e-07
3.277224887686316 1.2032934056119091e-05 5.106729193864119e-07
3.2790148876956664 1.372512007273668e-05 5.014461663343338e-07
3.280804887705017 1.9479546686492673e-05 5.861617486548918e-07
3.2825948877143674 1.4942441783210026e-05 5.300874195148748e-07
3.284384887723718 1.1122145062911015e-05 4.995980922817593e-07
3.2861748877330683 1.2940779490279483e-05 5.101171354495602e-07
3.287964887742419 1.2064729514830341e-05 4.922539886693334e-07
3.2897548877517693 1.5156490439491514e-05 5.678372418068991e-07
3.2915448877611198 1.736524820551293e-05 6.72152361416586e-07
3.2933348877704702 1.3254352361563157e-05 5.478892608275765e-07
3.2951248877798207 1.2672224333350134e-05 5.568869869639547e-07
3.296914887789171 1.1565151147890967e-05 5.19919397780875e-07
3.2987048877985217 1.1557986365572947e-05 5.782871342005445e-07
3.300494887807872 1.6356248525784198e-05 6.220399049365464e-07
3.3022848878172226 1.8722335622666264e-05 6.646674345501463e-07
3.304074887826573 1.3139204778785789e-05 5.386245701141503e-07
3.3058648878359236 1.1370187656973182e-05 5.131768610732789e-07
3.307654887845274 1.1863158930820142e-05 4.91134183223668e-07
3.3094448878546245 1.2141858293374076e-05 4.933962092767994e-07
3.311234887863975 1.8599265625102008e-05 6.064205158525831e-07
3.3130248878733255 2.745899281785335e-05 6.98310743162353e-07
3.314814887882676 2.001618179892119e-05 5.639483233102632e-07
3.3166048878920265 1.4189199099628835e-05 5.094309513089322e-07
3.318394887901377 1.2890066531614797e-05 4.662372427271954e-07
3.3201848879107274 1.3013793741723055e-05 4.670787639391033e-07
3.321974887920078 1.4376545021960224e-05 4.5702444311333817e-07
3.3237648879294284 1.6060805933971512e-05 5.052081589772726e-07
3.325554887938779 1.5887857718368033e-05 4.92715460812908e-07
3.3273448879481293 1.500740630174768e-05 4.924833518124604e-07
