#Target name PANSTARRS (C/2017 K2)
#Obs. Start 2022-08-21 21:24:50.752
#Obs. End 2022-08-21 21:30:34.329
#Instrument used NIRSPEC
#Grating used G395M/F290LP
#Lower wavelength (um) 3.255
#Upper wavelength (um) 3.328
#Spectral plate scale (um) 0.001790000009350478
#Center pixel for extract (x,y) = 29,25
#Pixel scale (arcsec/pixel) 0.09999908561794624
#Aperture size (arcsec) 0.09999908561794624 0.09999908561794624
#X offset (arcsec) -0.39999634247178495
#Y offset (arcsec) 0.5999945137076774
#Wave (micron) Flux (Jy) Noise (Jy)
3.25574488757411 9.470186192267678e-06 3.162703398737398e-07
3.2575348875834607 9.866972213614307e-06 3.178525981263086e-07
3.259324887592811 1.05499361920981e-05 3.19001655358124e-07
3.2611148876021616 1.116023021602358e-05 3.189768025474773e-07
3.262904887611512 1.0418442576729089e-05 3.069277284541035e-07
3.2646948876208626 9.656683924876526e-06 3.0592647119541246e-07
3.266484887630213 9.027597029297223e-06 2.882493422391802e-07
3.2682748876395635 9.815752672292924e-06 2.842742934833244e-07
3.270064887648914 1.2410762230221044e-05 3.264169271092677e-07
3.2718548876582645 1.2740847006293687e-05 3.7093850987608597e-07
3.273644887667615 9.200023419933976e-06 3.16213993760763e-07
3.2754348876769654 8.765770007334014e-06 2.8567395222407307e-07
3.277224887686316 9.28030466683338e-06 2.9324526152030277e-07
3.2790148876956664 1.13273998029148e-05 3.0881662612010776e-07
3.280804887705017 1.3026365061067435e-05 3.163434693391151e-07
3.2825948877143674 1.1916771514815382e-05 3.014121977034853e-07
3.284384887723718 1.029921184807808e-05 2.968451365055171e-07
3.2861748877330683 1.0043475473879395e-05 3.0379022221893595e-07
3.287964887742419 9.703648171881636e-06 2.92084100101115e-07
3.2897548877517693 1.117108991361285e-05 3.010487918927892e-07
3.2915448877611198 1.2747875504427956e-05 3.319924464366554e-07
3.2933348877704702 1.1070393833951717e-05 3.245333250252389e-07
3.2951248877798207 9.346293109962098e-06 2.9384565162913817e-07
3.296914887789171 9.146563259038981e-06 2.893327230469191e-07
3.2987048877985217 9.457463346429526e-06 3.1185323610821933e-07
3.300494887807872 1.1601851044004242e-05 3.4301431772155363e-07
3.3022848878172226 1.41823938565061e-05 3.730347477887479e-07
3.304074887826573 1.1823865152183277e-05 3.540751073311285e-07
3.3058648878359236 9.422013319738267e-06 3.2377050905020416e-07
3.307654887845274 9.844872657291626e-06 3.111933897827072e-07
3.3094448878546245 1.073938555321288e-05 3.325486226388387e-07
3.311234887863975 1.3055024190339513e-05 3.58999129980775e-07
3.3130248878733255 1.8029101017045328e-05 4.058275130864219e-07
3.314814887882676 1.6282425535302847e-05 4.098716565785287e-07
3.3166048878920265 1.0743440904285887e-05 3.389937942061944e-07
3.318394887901377 9.741822089034932e-06 3.3215778627388884e-07
3.3201848879107274 1.0216188778587199e-05 3.2784950811891133e-07
3.321974887920078 1.108296246347668e-05 3.4728978568344515e-07
3.3237648879294284 1.1852063425728727e-05 3.6227255615331236e-07
3.325554887938779 1.2546301333991867e-05 3.6392516999498356e-07
3.3273448879481293 1.1749101621512765e-05 3.864975461369004e-07
