#Target name PANSTARRS (C/2017 K2)
#Obs. Start 2022-08-21 21:24:50.752
#Obs. End 2022-08-21 21:30:34.329
#Instrument used NIRSPEC
#Grating used G395M/F290LP
#Lower wavelength (um) 3.255
#Upper wavelength (um) 3.328
#Spectral plate scale (um) 0.001790000009350478
#Center pixel for extract (x,y) = 29,25
#Pixel scale (arcsec/pixel) 0.09999908561794624
#Aperture size (arcsec) 0.09999908561794624 0.09999908561794624
#X offset (arcsec) 0.4999954280897312
#Y offset (arcsec) 0.19999817123589247
#Wave (micron) Flux (Jy) Noise (Jy)
3.25574488757411 9.212778543605124e-06 3.75194616741972e-07
3.2575348875834607 9.318725150766484e-06 3.1964555889980523e-07
3.259324887592811 1.1579847424574066e-05 3.7256663515348965e-07
3.2611148876021616 1.1619659441751768e-05 3.407344435958383e-07
3.262904887611512 9.942469168378939e-06 3.32389839236432e-07
3.2646948876208626 9.501195327102955e-06 3.357719229057989e-07
3.266484887630213 1.0002725606331947e-05 3.203015946478112e-07
3.2682748876395635 1.071844620566501e-05 3.200639659137701e-07
3.270064887648914 1.446815847805966e-05 3.7961059974940245e-07
3.2718548876582645 1.3417767857155974e-05 3.6429216223156774e-07
3.273644887667615 1.085551312686418e-05 3.328859708239413e-07
3.2754348876769654 1.0265712837069968e-05 3.128475726857044e-07
3.277224887686316 1.0575354985580247e-05 2.906504263523335e-07
3.2790148876956664 1.1829595364146041e-05 3.642816551244736e-07
3.280804887705017 1.4636349299722527e-05 3.8114379681657967e-07
3.2825948877143674 1.282549741653131e-05 3.235970156978657e-07
3.284384887723718 1.0550328009126378e-05 3.0864349701414854e-07
3.2861748877330683 9.953751167616537e-06 3.076386533295693e-07
3.287964887742419 9.867552318001712e-06 3.1254510809615435e-07
3.2897548877517693 1.15028576200335e-05 3.046465094186802e-07
3.2915448877611198 1.302611132143585e-05 3.9816071520092057e-07
3.2933348877704702 1.1387293115246635e-05 3.2410146891419353e-07
3.2951248877798207 9.79489939896637e-06 2.953842283351476e-07
3.296914887789171 9.807953989199177e-06 3.068619679731703e-07
3.2987048877985217 1.0042050766195335e-05 3.2168575890796514e-07
3.300494887807872 1.3139657565054166e-05 3.8522957647173167e-07
3.3022848878172226 1.4986009684899074e-05 3.7579912563678827e-07
3.304074887826573 1.2072859942318742e-05 3.3154845811928537e-07
3.3058648878359236 1.0328291485785541e-05 2.899371759038309e-07
3.307654887845274 9.888626156520386e-06 3.082774294029886e-07
3.3094448878546245 9.860843011771486e-06 3.056850038649129e-07
3.311234887863975 1.4992918934372565e-05 3.7040267543323697e-07
3.3130248878733255 2.1074968242828998e-05 4.32186706662972e-07
3.314814887882676 1.810804721690787e-05 3.9406451249553125e-07
3.3166048878920265 1.2387556261511874e-05 3.248993926363988e-07
3.318394887901377 1.0759864045034124e-05 3.147296617463116e-07
3.3201848879107274 1.1464700738403171e-05 3.4685308229366036e-07
3.321974887920078 1.2518066299581062e-05 3.495546976886584e-07
3.3237648879294284 1.3462338164880757e-05 4.126113217106837e-07
3.325554887938779 1.3161002178727395e-05 3.952433818925417e-07
3.3273448879481293 1.2853430294561039e-05 3.92396152002695e-07
