#Target name PANSTARRS (C/2017 K2)
#Obs. Start 2022-08-21 21:24:50.752
#Obs. End 2022-08-21 21:30:34.329
#Instrument used NIRSPEC
#Grating used G395M/F290LP
#Lower wavelength (um) 3.255
#Upper wavelength (um) 3.328
#Spectral plate scale (um) 0.001790000009350478
#Center pixel for extract (x,y) = 29,25
#Pixel scale (arcsec/pixel) 0.09999908561794624
#Aperture size (arcsec) 0.09999908561794624 0.09999908561794624
#X offset (arcsec) -0.4999954280897312
#Y offset (arcsec) 0.09999908561794624
#Wave (micron) Flux (Jy) Noise (Jy)
3.25574488757411 1.3532832055531442e-05 4.4369341789762234e-07
3.2575348875834607 1.4485394840878029e-05 4.622315972754815e-07
3.259324887592811 1.7223742185670724e-05 4.894575291209654e-07
3.2611148876021616 1.6765893677152726e-05 5.522909261504067e-07
3.262904887611512 1.460859036334837e-05 4.5658734745822185e-07
3.2646948876208626 1.4391751467725911e-05 4.122318050024433e-07
3.266484887630213 1.355933125981239e-05 4.0965848838980276e-07
3.2682748876395635 1.4964377260548325e-05 4.321168834339624e-07
3.270064887648914 1.890841015702031e-05 4.499774804895345e-07
3.2718548876582645 1.782332983171365e-05 4.323627777589176e-07
3.273644887667615 1.5280867689291995e-05 3.9272377761136644e-07
3.2754348876769654 1.4070573580346448e-05 3.7937756612353056e-07
3.277224887686316 1.44910255295224e-05 3.725760775403983e-07
3.2790148876956664 1.7104054187718976e-05 4.1590657464702463e-07
3.280804887705017 1.9516619570898313e-05 4.3270940021721526e-07
3.2825948877143674 1.7540475594768315e-05 4.0582487930491024e-07
3.284384887723718 1.4774391728763267e-05 3.7606267190166164e-07
3.2861748877330683 1.4025345163471193e-05 3.7630982707946807e-07
3.287964887742419 1.4885764598293376e-05 4.4275904187795446e-07
3.2897548877517693 1.7229493019582344e-05 4.442455873896337e-07
3.2915448877611198 1.8102421907902333e-05 4.066474316861442e-07
3.2933348877704702 1.6205224131634884e-05 3.9078035506428173e-07
3.2951248877798207 1.4349154590846075e-05 3.7261519199774074e-07
3.296914887789171 1.3972821956339473e-05 3.6615192018723087e-07
3.2987048877985217 1.4031676101770222e-05 3.757194397365863e-07
3.300494887807872 1.6948885678455924e-05 4.078725603733211e-07
3.3022848878172226 1.8856934186247927e-05 4.2957618088174216e-07
3.304074887826573 1.653007720894321e-05 4.088715480968799e-07
3.3058648878359236 1.460090106624421e-05 3.6635676674713825e-07
3.307654887845274 1.386500413147098e-05 3.594513278511546e-07
3.3094448878546245 1.4404486866054674e-05 3.6654768788777686e-07
3.311234887863975 2.027106908679086e-05 4.1114248417682715e-07
3.3130248878733255 2.6141382983663652e-05 4.739189466952943e-07
3.314814887882676 2.2804147345876213e-05 4.664393714487344e-07
3.3166048878920265 1.6855568670059624e-05 4.1046053089798897e-07
3.318394887901377 1.532850259793819e-05 3.762031028903439e-07
3.3201848879107274 1.590940855152983e-05 3.9118007343709514e-07
3.321974887920078 1.7550921060167504e-05 4.2780429036033825e-07
3.3237648879294284 1.835507664565664e-05 4.227954263232756e-07
3.325554887938779 1.754695985277406e-05 4.099869265480895e-07
3.3273448879481293 1.7081221207302172e-05 4.155995429682577e-07
