#Target name PANSTARRS (C/2017 K2)
#Obs. Start 2022-08-21 21:24:50.752
#Obs. End 2022-08-21 21:30:34.329
#Instrument used NIRSPEC
#Grating used G395M/F290LP
#Lower wavelength (um) 3.255
#Upper wavelength (um) 3.328
#Spectral plate scale (um) 0.001790000009350478
#Center pixel for extract (x,y) = 29,25
#Pixel scale (arcsec/pixel) 0.09999908561794624
#Aperture size (arcsec) 0.09999908561794624 0.09999908561794624
#X offset (arcsec) 0.19999817123589247
#Y offset (arcsec) -0.5999945137076774
#Wave (micron) Flux (Jy) Noise (Jy)
3.25574488757411 7.738335201933802e-06 2.9444309974798727e-07
3.2575348875834607 8.751756944782604e-06 3.119311848333817e-07
3.259324887592811 9.580800532722448e-06 2.916876879646672e-07
3.2611148876021616 9.952878769519247e-06 4.018929517165688e-07
3.262904887611512 8.288402375919853e-06 3.445197199880978e-07
3.2646948876208626 7.875931120951472e-06 2.95715412350755e-07
3.266484887630213 8.39252259569768e-06 3.099086087461877e-07
3.2682748876395635 9.2350610076481e-06 3.2391519891962854e-07
3.270064887648914 1.206222887937984e-05 3.615153439687279e-07
3.2718548876582645 1.1064540786902283e-05 3.573104277286045e-07
3.273644887667615 8.507671075081521e-06 3.23550616312938e-07
3.2754348876769654 7.913525830323835e-06 3.137924558124664e-07
3.277224887686316 8.866302904617238e-06 3.7838163246576713e-07
3.2790148876956664 1.1230795835192029e-05 3.743285789468444e-07
3.280804887705017 1.2548331251044553e-05 3.7607920308348975e-07
3.2825948877143674 1.0652980484109487e-05 3.593611068249063e-07
3.284384887723718 8.684384141261066e-06 2.9173590858149126e-07
3.2861748877330683 8.279083944856008e-06 3.118026899183584e-07
3.287964887742419 8.229229935191533e-06 3.3802627176601355e-07
3.2897548877517693 1.0961819273220825e-05 3.7951222520804904e-07
3.2915448877611198 1.1812931036256828e-05 3.957627411914671e-07
3.2933348877704702 9.597218293831851e-06 3.6881576603459445e-07
3.2951248877798207 8.341723562811682e-06 3.329172679936057e-07
3.296914887789171 7.968166821942496e-06 3.586962451069412e-07
3.2987048877985217 7.988212252837748e-06 3.6449790539794713e-07
3.300494887807872 1.202762435259171e-05 4.337736440805667e-07
3.3022848878172226 1.420382723422006e-05 4.76847655698287e-07
3.304074887826573 1.0121488306404555e-05 4.0933122702751055e-07
3.3058648878359236 8.618638678486269e-06 3.818209308356307e-07
3.307654887845274 8.50591641621575e-06 3.6760540333525384e-07
3.3094448878546245 9.232791696667382e-06 3.506982351868803e-07
3.311234887863975 1.3702193845246787e-05 4.2555392019134334e-07
3.3130248878733255 1.973393008152506e-05 5.338777673374917e-07
3.314814887882676 1.575627354574535e-05 4.93653647410082e-07
3.3166048878920265 9.739605677836067e-06 3.962290886327335e-07
3.318394887901377 8.374684609936576e-06 3.7388086410882496e-07
3.3201848879107274 9.83771415121891e-06 4.099731972614865e-07
3.321974887920078 1.0185133020215377e-05 4.1402944494096583e-07
3.3237648879294284 1.1629978485638402e-05 4.0259661968340157e-07
3.325554887938779 1.1052719927174992e-05 4.4885899193462505e-07
3.3273448879481293 1.0830721957912455e-05 4.145144249854792e-07
