#Target name PANSTARRS (C/2017 K2)
#Obs. Start 2022-08-21 21:24:50.752
#Obs. End 2022-08-21 21:30:34.329
#Instrument used NIRSPEC
#Grating used G395M/F290LP
#Lower wavelength (um) 3.255
#Upper wavelength (um) 3.328
#Spectral plate scale (um) 0.001790000009350478
#Center pixel for extract (x,y) = 29,25
#Pixel scale (arcsec/pixel) 0.09999908561794624
#Aperture size (arcsec) 0.09999908561794624 0.09999908561794624
#X offset (arcsec) 0.39999634247178495
#Y offset (arcsec) 0.5999945137076774
#Wave (micron) Flux (Jy) Noise (Jy)
3.25574488757411 7.68625581500574e-06 3.979655071605875e-07
3.2575348875834607 7.457373252947692e-06 2.9335901846644205e-07
3.259324887592811 8.236597350572233e-06 3.2437885654147886e-07
3.2611148876021616 9.433848525169108e-06 3.291479063662248e-07
3.262904887611512 7.537865650671258e-06 2.95783722556343e-07
3.2646948876208626 7.622566270871314e-06 2.8500202973014073e-07
3.266484887630213 8.03160441965828e-06 2.9976543982283455e-07
3.2682748876395635 8.893653885046618e-06 3.0265217643535527e-07
3.270064887648914 1.1766252806716295e-05 3.9938267774649314e-07
3.2718548876582645 1.0494487358048134e-05 3.028742266319448e-07
3.273644887667615 8.298902534313836e-06 3.1690017790139107e-07
3.2754348876769654 8.030893410725958e-06 2.997863699801661e-07
3.277224887686316 8.234023193391024e-06 2.880968070631255e-07
3.2790148876956664 9.405227949975328e-06 3.182980994671002e-07
3.280804887705017 1.1427734550167705e-05 3.343486161693503e-07
3.2825948877143674 1.0176193853689203e-05 3.2058579088049357e-07
3.284384887723718 8.692199859877782e-06 2.8479931261060445e-07
3.2861748877330683 8.463346437530075e-06 2.949381385963587e-07
3.287964887742419 7.736077546837221e-06 2.8889346993247943e-07
3.2897548877517693 9.880231230122737e-06 3.3619038595766833e-07
3.2915448877611198 1.129101371906674e-05 3.630309451338914e-07
3.2933348877704702 9.287946443794519e-06 3.1966080120982985e-07
3.2951248877798207 8.016657989769483e-06 2.8450446917606675e-07
3.296914887789171 7.680835828882298e-06 2.771565269671823e-07
3.2987048877985217 7.717743737697082e-06 3.098998107951809e-07
3.300494887807872 1.0719557997690333e-05 3.6068987761645985e-07
3.3022848878172226 1.248029495873371e-05 3.425004501372694e-07
3.304074887826573 9.779125401303886e-06 3.260533531848581e-07
3.3058648878359236 8.251509709415093e-06 2.802484463670374e-07
3.307654887845274 8.062332020061338e-06 2.6749816997462894e-07
3.3094448878546245 8.183364031114661e-06 3.301670397164521e-07
3.311234887863975 1.1483458642404584e-05 3.4423728894940723e-07
3.3130248878733255 1.6726676110065983e-05 3.9904594597834007e-07
3.314814887882676 1.4131636964124287e-05 3.5218046577991285e-07
3.3166048878920265 9.59997804855277e-06 2.89195542256698e-07
3.318394887901377 8.46211808666339e-06 2.866407461714954e-07
3.3201848879107274 8.811641291049717e-06 3.151180604624156e-07
3.321974887920078 9.951437026312217e-06 3.4331000172465895e-07
3.3237648879294284 1.0798912153497653e-05 3.2449000772505876e-07
3.325554887938779 1.0318542683615122e-05 3.0952799929880955e-07
3.3273448879481293 9.94960346607691e-06 3.141344831625949e-07
