#Target name PANSTARRS (C/2017 K2)
#Obs. Start 2022-08-21 21:24:50.752
#Obs. End 2022-08-21 21:30:34.329
#Instrument used NIRSPEC
#Grating used G395M/F290LP
#Lower wavelength (um) 3.255
#Upper wavelength (um) 3.328
#Spectral plate scale (um) 0.001790000009350478
#Center pixel for extract (x,y) = 29,25
#Pixel scale (arcsec/pixel) 0.09999908561794624
#Aperture size (arcsec) 0.09999908561794624 0.09999908561794624
#X offset (arcsec) 0.2999972568538387
#Y offset (arcsec) -0.39999634247178495
#Wave (micron) Flux (Jy) Noise (Jy)
3.25574488757411 1.045938790448744e-05 4.158488556053875e-07
3.2575348875834607 1.077320554933798e-05 4.189090015133899e-07
3.259324887592811 1.1138669520190593e-05 4.2629703884294554e-07
3.2611148876021616 1.2406383204211633e-05 4.327376433210843e-07
3.262904887611512 1.0906974751933012e-05 3.853236080754861e-07
3.2646948876208626 1.056119756938684e-05 3.8200193326717243e-07
3.266484887630213 1.0215603294560963e-05 3.7803408538204516e-07
3.2682748876395635 1.1672094781449229e-05 4.051566833316273e-07
3.270064887648914 1.6404979087539214e-05 5.250055100692938e-07
3.2718548876582645 1.4217376751225432e-05 4.1949683913161684e-07
3.273644887667615 1.1166880346226654e-05 4.152939402560555e-07
3.2754348876769654 1.0644982754378949e-05 3.847860364575976e-07
3.277224887686316 1.1519032400788982e-05 1.0108779582118334e-06
3.2790148876956664 1.214129163808375e-05 3.982314350364022e-07
3.280804887705017 1.708655422259783e-05 4.735270175912066e-07
3.2825948877143674 1.3540320512785867e-05 4.181606993556212e-07
3.284384887723718 1.1191979051198285e-05 4.081020916301617e-07
3.2861748877330683 1.0995658994688312e-05 3.728453676904831e-07
3.287964887742419 1.0795958731778775e-05 3.9201837246949417e-07
3.2897548877517693 1.3330615914861379e-05 4.499054157443448e-07
3.2915448877611198 1.5384133443101977e-05 4.73644473039043e-07
3.2933348877704702 1.280785668419405e-05 4.3430084868612244e-07
3.2951248877798207 1.1035953386147967e-05 4.2448625801581727e-07
3.296914887789171 1.0704477973437201e-05 4.3382379800509614e-07
3.2987048877985217 1.074563848674884e-05 4.2777792452627006e-07
3.300494887807872 1.484365816515374e-05 4.946752744470596e-07
3.3022848878172226 1.7510426725464585e-05 5.301962451254178e-07
3.304074887826573 1.2284659012961899e-05 4.2423148168299846e-07
3.3058648878359236 1.0499721746631867e-05 4.5488981923609227e-07
3.307654887845274 1.1128195363384298e-05 4.118687354191742e-07
3.3094448878546245 1.071220313480024e-05 4.011150895641753e-07
3.311234887863975 1.6582582483945488e-05 4.790547085671019e-07
3.3130248878733255 2.5377384608843947e-05 6.048404710972422e-07
3.314814887882676 1.8912532753578718e-05 5.220596534675232e-07
3.3166048878920265 1.3590875668711472e-05 4.600842527939136e-07
3.318394887901377 1.1772431321915077e-05 4.5477023434788484e-07
3.3201848879107274 1.2158978993957554e-05 4.3561647858907024e-07
3.321974887920078 1.388839480111339e-05 4.440627917451479e-07
3.3237648879294284 1.5279800727590276e-05 4.846434248209998e-07
3.325554887938779 1.4403566947814368e-05 4.5361386416953193e-07
3.3273448879481293 1.3487423420755307e-05 4.6533901115593143e-07
