#Target name PANSTARRS (C/2017 K2)
#Obs. Start 2022-08-21 21:24:50.752
#Obs. End 2022-08-21 21:30:34.329
#Instrument used NIRSPEC
#Grating used G395M/F290LP
#Lower wavelength (um) 3.255
#Upper wavelength (um) 3.328
#Spectral plate scale (um) 0.001790000009350478
#Center pixel for extract (x,y) = 29,25
#Pixel scale (arcsec/pixel) 0.09999908561794624
#Aperture size (arcsec) 0.09999908561794624 0.09999908561794624
#X offset (arcsec) -0.2999972568538387
#Y offset (arcsec) 0.5999945137076774
#Wave (micron) Flux (Jy) Noise (Jy)
3.25574488757411 9.607384018011766e-06 2.7798034020126754e-07
3.2575348875834607 1.0020524141408284e-05 2.871169282650019e-07
3.259324887592811 1.1159190152516021e-05 2.928321781072657e-07
3.2611148876021616 1.1673093601059075e-05 2.8996536296979545e-07
3.262904887611512 1.0653606315426966e-05 2.844644020743477e-07
3.2646948876208626 9.790487198517492e-06 2.744055982162224e-07
3.266484887630213 9.446243213038497e-06 2.6248902574804383e-07
3.2682748876395635 1.0530414379382515e-05 2.8069422789735156e-07
3.270064887648914 1.2615966760262395e-05 3.153154539810242e-07
3.2718548876582645 1.2795497860583543e-05 3.50394845971906e-07
3.273644887667615 1.0201583059157775e-05 3.1230478954269715e-07
3.2754348876769654 9.32793509244721e-06 2.845902912268117e-07
3.277224887686316 9.626468286768997e-06 2.927231003261523e-07
3.2790148876956664 1.1546246200428142e-05 3.173600529646875e-07
3.280804887705017 1.3366344786165439e-05 3.3136216010576813e-07
3.2825948877143674 1.2369742484125514e-05 3.0746384308647507e-07
3.284384887723718 1.0902599312349488e-05 3.080097923710866e-07
3.2861748877330683 1.0346759785896488e-05 3.1989599229502514e-07
3.287964887742419 9.989166226655386e-06 3.056307031354504e-07
3.2897548877517693 1.1447173875087862e-05 3.1213622752595485e-07
3.2915448877611198 1.2721511687724285e-05 3.4691889881249805e-07
3.2933348877704702 1.1244732686193317e-05 3.2654592636543147e-07
3.2951248877798207 9.604814343862918e-06 3.137755043463545e-07
3.296914887789171 9.783244411436407e-06 3.2336810085797466e-07
3.2987048877985217 1.0306934319621705e-05 3.457421868748109e-07
3.300494887807872 1.2734329573848476e-05 3.530788374459381e-07
3.3022848878172226 1.534171678412302e-05 3.9866530851200964e-07
3.304074887826573 1.2595236322022512e-05 3.6602247262783105e-07
3.3058648878359236 1.0290382964147968e-05 3.5261543199465807e-07
3.307654887845274 1.0138849297522538e-05 3.336866123845149e-07
3.3094448878546245 1.0424359282838039e-05 3.3921696516087394e-07
3.311234887863975 1.4094671672495291e-05 3.7645196722423763e-07
3.3130248878733255 2.019085149895097e-05 4.999339834813448e-07
3.314814887882676 1.7114845743216368e-05 4.475222917795844e-07
3.3166048878920265 1.1945348156292031e-05 3.909102509269176e-07
3.318394887901377 1.0450915869933197e-05 3.728074020101829e-07
3.3201848879107274 1.0893745323438159e-05 3.9019660821308344e-07
3.321974887920078 1.1388040885044311e-05 4.0596306877741237e-07
3.3237648879294284 1.3005356674821219e-05 4.124252758677367e-07
3.325554887938779 1.3245567411350174e-05 4.387473443325543e-07
3.3273448879481293 1.2354541417998658e-05 3.990468706037644e-07
