#Target name PANSTARRS (C/2017 K2)
#Obs. Start 2022-08-21 21:24:50.752
#Obs. End 2022-08-21 21:30:34.329
#Instrument used NIRSPEC
#Grating used G395M/F290LP
#Lower wavelength (um) 3.255
#Upper wavelength (um) 3.328
#Spectral plate scale (um) 0.001790000009350478
#Center pixel for extract (x,y) = 29,25
#Pixel scale (arcsec/pixel) 0.09999908561794624
#Aperture size (arcsec) 0.09999908561794624 0.09999908561794624
#X offset (arcsec) -0.19999817123589247
#Y offset (arcsec) -0.2999972568538387
#Wave (micron) Flux (Jy) Noise (Jy)
3.25574488757411 1.3778499539049194e-05 5.649000150424222e-07
3.2575348875834607 1.5162947799303102e-05 5.109830331499266e-07
3.259324887592811 1.713882817313032e-05 5.341185061752327e-07
3.2611148876021616 1.7979645997260904e-05 5.908365987621698e-07
3.262904887611512 1.4857508045327238e-05 4.952695003863998e-07
3.2646948876208626 1.538824886680861e-05 5.066190252989218e-07
3.266484887630213 1.5641129549393868e-05 5.268617656559254e-07
3.2682748876395635 1.693635470640278e-05 5.284911798051327e-07
3.270064887648914 2.344306911784725e-05 6.264215647274694e-07
3.2718548876582645 1.9738197928331937e-05 5.740393489634771e-07
3.273644887667615 1.5802036340077935e-05 5.294416947412972e-07
3.2754348876769654 1.5004825868321168e-05 4.966441101838361e-07
3.277224887686316 1.5218827901066112e-05 5.137896915969138e-07
3.2790148876956664 1.9235165833262295e-05 5.516078801324307e-07
3.280804887705017 2.383198472758237e-05 6.285774549894739e-07
3.2825948877143674 1.9293950939994693e-05 5.694834112895526e-07
3.284384887723718 1.5928217562100148e-05 5.111765880720767e-07
3.2861748877330683 1.5034791353222999e-05 4.596070900370783e-07
3.287964887742419 1.63217166241203e-05 5.245794538813644e-07
3.2897548877517693 1.9916719449765578e-05 5.354490701797303e-07
3.2915448877611198 2.3032477150044254e-05 6.042073548521777e-07
3.2933348877704702 1.6852265571816654e-05 5.313215422857244e-07
3.2951248877798207 1.51045858908255e-05 5.183174422048737e-07
3.296914887789171 1.5501013269583314e-05 5.052213278848305e-07
3.2987048877985217 1.4978400185770926e-05 5.088428335011828e-07
3.300494887807872 2.1675206825170622e-05 5.974825261224042e-07
3.3022848878172226 2.48325975503717e-05 6.57635798293224e-07
3.304074887826573 1.8007058843536857e-05 4.882677323325771e-07
3.3058648878359236 1.6455393476248712e-05 4.944281472882054e-07
3.307654887845274 1.5629333794647798e-05 4.736146608738479e-07
3.3094448878546245 1.619814632014465e-05 4.732092826726797e-07
3.311234887863975 2.316530939887601e-05 5.518996695011731e-07
3.3130248878733255 3.526371186637004e-05 6.8037906202492e-07
3.314814887882676 2.7506217080735353e-05 6.20917521747274e-07
3.3166048878920265 1.8399035467767498e-05 5.00610473064494e-07
3.318394887901377 1.640700003852718e-05 5.237369239871754e-07
3.3201848879107274 1.6910521680730555e-05 4.7519173562025025e-07
3.321974887920078 1.923236483464366e-05 5.18729993257818e-07
3.3237648879294284 2.1161284547891657e-05 5.097033515627168e-07
3.325554887938779 2.0006130840369695e-05 5.275635843719097e-07
3.3273448879481293 2.043069014379403e-05 5.194207164687108e-07
