#Target name PANSTARRS (C/2017 K2)
#Obs. Start 2022-08-21 21:24:50.752
#Obs. End 2022-08-21 21:30:34.329
#Instrument used NIRSPEC
#Grating used G395M/F290LP
#Lower wavelength (um) 3.255
#Upper wavelength (um) 3.328
#Spectral plate scale (um) 0.001790000009350478
#Center pixel for extract (x,y) = 29,25
#Pixel scale (arcsec/pixel) 0.09999908561794624
#Aperture size (arcsec) 0.09999908561794624 0.09999908561794624
#X offset (arcsec) -0.4999954280897312
#Y offset (arcsec) -0.09999908561794624
#Wave (micron) Flux (Jy) Noise (Jy)
3.25574488757411 1.3634131551348254e-05 3.945164581953406e-07
3.2575348875834607 1.312534772576051e-05 3.826383557486027e-07
3.259324887592811 1.4809777199788539e-05 4.015735076419546e-07
3.2611148876021616 1.5511274034049265e-05 3.9548664243598527e-07
3.262904887611512 1.393800852024336e-05 3.9564926443485036e-07
3.2646948876208626 1.353686947447501e-05 3.8139644370902733e-07
3.266484887630213 1.296212410395271e-05 3.9059548601732934e-07
3.2682748876395635 1.4956758795355454e-05 3.9692180118923606e-07
3.270064887648914 1.9081648873120727e-05 4.5344191185956725e-07
3.2718548876582645 1.6568921787737586e-05 4.4891290039875606e-07
3.273644887667615 1.3781815189782772e-05 3.887699111834125e-07
3.2754348876769654 1.299320945033811e-05 3.900807778644776e-07
3.277224887686316 1.34549277123894e-05 4.0777197233473986e-07
3.2790148876956664 1.5129778739476695e-05 4.13203222076987e-07
3.280804887705017 1.7985979625379353e-05 4.555808506554598e-07
3.2825948877143674 1.6913840917890025e-05 4.422546727184834e-07
3.284384887723718 1.4435877955247038e-05 4.0841114067349077e-07
3.2861748877330683 1.3817119966225562e-05 4.0467122696492573e-07
3.287964887742419 1.4165131492100041e-05 4.210597643071324e-07
3.2897548877517693 1.6203014893287792e-05 4.2315538580284485e-07
3.2915448877611198 1.735304897785444e-05 4.8036212891704e-07
3.2933348877704702 1.406805590937298e-05 4.0887401376467803e-07
3.2951248877798207 1.306395170098155e-05 4.20312947153833e-07
3.296914887789171 1.3476468682880003e-05 4.189554849551744e-07
3.2987048877985217 1.4306092375207252e-05 4.385428340000739e-07
3.300494887807872 1.719729946759751e-05 4.6524021633029424e-07
3.3022848878172226 1.7570709165005283e-05 4.743088023969153e-07
3.304074887826573 1.5857968445016327e-05 4.13797756224802e-07
3.3058648878359236 1.4131094517208707e-05 3.920377896034041e-07
3.307654887845274 1.3829626729903956e-05 3.925537305901549e-07
3.3094448878546245 1.4063337069510667e-05 3.8763769334189997e-07
3.311234887863975 1.9360852128511942e-05 4.6652426887405515e-07
3.3130248878733255 2.7901977384277976e-05 5.536741097472318e-07
3.314814887882676 2.2288191565118678e-05 4.99551524783118e-07
3.3166048878920265 1.5918243711705248e-05 4.2617902301606416e-07
3.318394887901377 1.467072698507323e-05 4.060871647169323e-07
3.3201848879107274 1.4141670887152814e-05 3.491589860260169e-07
3.321974887920078 1.6206673047693686e-05 4.418149713008077e-07
3.3237648879294284 1.7647406675835967e-05 4.612525030080209e-07
3.325554887938779 1.7407693555898992e-05 4.1943267573096196e-07
3.3273448879481293 1.690016228955268e-05 4.01924669170517e-07
