#Target name PANSTARRS (C/2017 K2)
#Obs. Start 2022-08-21 21:24:50.752
#Obs. End 2022-08-21 21:30:34.329
#Instrument used NIRSPEC
#Grating used G395M/F290LP
#Lower wavelength (um) 3.255
#Upper wavelength (um) 3.328
#Spectral plate scale (um) 0.001790000009350478
#Center pixel for extract (x,y) = 29,25
#Pixel scale (arcsec/pixel) 0.09999908561794624
#Aperture size (arcsec) 0.09999908561794624 0.09999908561794624
#X offset (arcsec) -0.09999908561794624
#Y offset (arcsec) -0.2999972568538387
#Wave (micron) Flux (Jy) Noise (Jy)
3.25574488757411 1.6186861631087636e-05 4.35891904889698e-07
3.2575348875834607 1.6135360555334037e-05 4.753346883146351e-07
3.259324887592811 1.936373023528717e-05 5.440740321753606e-07
3.2611148876021616 2.0728777724699215e-05 5.339942701409515e-07
3.262904887611512 1.707927915768375e-05 4.7546139001671425e-07
3.2646948876208626 1.6679188244881204e-05 4.7159740838758167e-07
3.266484887630213 1.663329095957781e-05 4.5351061433048684e-07
3.2682748876395635 1.78994033044398e-05 4.61991699006308e-07
3.270064887648914 2.6702258748670062e-05 6.043595538008053e-07
3.2718548876582645 2.2360402457163305e-05 5.906053303302897e-07
3.273644887667615 1.768543354952785e-05 5.017085918411171e-07
3.2754348876769654 1.7020158720130805e-05 5.291301800301701e-07
3.277224887686316 1.679810874769289e-05 5.253570918821398e-07
3.2790148876956664 2.1145900574044508e-05 5.717549637864493e-07
3.280804887705017 2.7948473602704686e-05 6.779941448472155e-07
3.2825948877143674 2.2015397252789557e-05 5.906999783509937e-07
3.284384887723718 1.7452444978131126e-05 5.022059282435731e-07
3.2861748877330683 1.8248880781896055e-05 5.712978065615212e-07
3.287964887742419 1.7645747953862706e-05 5.203600238239749e-07
3.2897548877517693 2.2211393634363123e-05 6.453356463687286e-07
3.2915448877611198 2.597243721935133e-05 7.104045074845673e-07
3.2933348877704702 1.9204937642664156e-05 5.902006245839756e-07
3.2951248877798207 1.6655476590121808e-05 5.978856067694877e-07
3.296914887789171 1.5967499684852877e-05 5.781068602617613e-07
3.2987048877985217 1.5018174545476804e-05 4.725737567977215e-07
3.300494887807872 2.496117988452602e-05 8.033353586809407e-07
3.3022848878172226 2.8820712104041212e-05 7.569249342860228e-07
3.304074887826573 2.0337977448159885e-05 6.355067660327754e-07
3.3058648878359236 1.752333068581009e-05 5.761524262664419e-07
3.307654887845274 1.690424005578749e-05 5.64559472696763e-07
3.3094448878546245 1.910843768129214e-05 5.876650214810649e-07
3.311234887863975 2.876900480879904e-05 7.243860206957433e-07
3.3130248878733255 4.139149348453901e-05 8.665132767472609e-07
3.314814887882676 2.9771122137248442e-05 6.720738523123787e-07
3.3166048878920265 2.142657067762397e-05 6.0650922385541e-07
3.318394887901377 1.97743724130526e-05 5.682346065877235e-07
3.3201848879107274 1.902549440977727e-05 5.529284133520224e-07
3.321974887920078 2.160975455271218e-05 6.154917637196682e-07
3.3237648879294284 2.475509130050324e-05 6.092544087211584e-07
3.325554887938779 2.164528886041181e-05 5.517151927195523e-07
3.3273448879481293 2.2240590727518422e-05 5.822513676408315e-07
