#Target name PANSTARRS (C/2017 K2)
#Obs. Start 2022-08-21 21:24:50.752
#Obs. End 2022-08-21 21:30:34.329
#Instrument used NIRSPEC
#Grating used G395M/F290LP
#Lower wavelength (um) 3.255
#Upper wavelength (um) 3.328
#Spectral plate scale (um) 0.001790000009350478
#Center pixel for extract (x,y) = 29,25
#Pixel scale (arcsec/pixel) 0.09999908561794624
#Aperture size (arcsec) 0.09999908561794624 0.09999908561794624
#X offset (arcsec) -0.2999972568538387
#Y offset (arcsec) -0.2999972568538387
#Wave (micron) Flux (Jy) Noise (Jy)
3.25574488757411 1.402023271336766e-05 5.587773696344282e-07
3.2575348875834607 1.4126257325292086e-05 5.534773046266204e-07
3.259324887592811 1.5844214501735336e-05 5.608827697444763e-07
3.2611148876021616 1.645392483484752e-05 6.617476355739694e-07
3.262904887611512 1.4144442297757868e-05 5.418991450637299e-07
3.2646948876208626 1.5384474153561348e-05 5.912985192089805e-07
3.266484887630213 1.3881811019789246e-05 5.544140342382774e-07
3.2682748876395635 1.689526861142832e-05 5.776319390211062e-07
3.270064887648914 2.1190488813898733e-05 6.745301057425143e-07
3.2718548876582645 1.823648250760078e-05 6.063551196180293e-07
3.273644887667615 1.4068089980418917e-05 5.25224842427515e-07
3.2754348876769654 1.4413918269533995e-05 5.792935749654021e-07
3.277224887686316 1.4387281884462825e-05 5.944540136114932e-07
3.2790148876956664 1.785896635255109e-05 5.825031459457594e-07
3.280804887705017 2.1460643516774185e-05 7.672012212515207e-07
3.2825948877143674 1.7512643136663453e-05 5.976603343933893e-07
3.284384887723718 1.5466651723149105e-05 5.410822244918985e-07
3.2861748877330683 1.415356975164317e-05 5.04375715905894e-07
3.287964887742419 1.4507488120955405e-05 5.123528797254801e-07
3.2897548877517693 1.9240572370288656e-05 6.304654840679582e-07
3.2915448877611198 2.0520008287325063e-05 6.559171157621448e-07
3.2933348877704702 1.553749977335624e-05 5.56348406663785e-07
3.2951248877798207 1.4212379066750315e-05 5.700133057145243e-07
3.296914887789171 1.422041983359151e-05 5.282584543877355e-07
3.2987048877985217 1.3573580129865948e-05 4.908984877973323e-07
3.300494887807872 1.9620760412625e-05 6.19028091721177e-07
3.3022848878172226 2.174070572116561e-05 6.552811976218551e-07
3.304074887826573 1.656253436323082e-05 4.848917287758486e-07
3.3058648878359236 1.5171286239493011e-05 4.97391431678276e-07
3.307654887845274 1.5043166554278263e-05 4.987225000239141e-07
3.3094448878546245 1.5358009916932812e-05 4.440589531486894e-07
3.311234887863975 2.163082301159202e-05 5.586185021751647e-07
3.3130248878733255 3.073245283728505e-05 6.282259292145322e-07
3.314814887882676 2.455184137257092e-05 5.797862041838799e-07
3.3166048878920265 1.65738746418891e-05 4.5378242618627423e-07
3.318394887901377 1.5109153204194037e-05 4.942389072847018e-07
3.3201848879107274 1.4979405281626074e-05 4.3038926285711523e-07
3.321974887920078 1.7891036172842786e-05 4.65951477433187e-07
3.3237648879294284 1.8691890453301895e-05 4.4444132779005947e-07
3.325554887938779 1.8528517994819736e-05 4.614748894320375e-07
3.3273448879481293 1.8251610051996927e-05 4.3991158783648973e-07
