#Target name PANSTARRS (C/2017 K2)
#Obs. Start 2022-08-21 21:24:50.752
#Obs. End 2022-08-21 21:30:34.329
#Instrument used NIRSPEC
#Grating used G395M/F290LP
#Lower wavelength (um) 3.255
#Upper wavelength (um) 3.328
#Spectral plate scale (um) 0.001790000009350478
#Center pixel for extract (x,y) = 29,25
#Pixel scale (arcsec/pixel) 0.09999908561794624
#Aperture size (arcsec) 0.09999908561794624 0.09999908561794624
#X offset (arcsec) -0.5999945137076774
#Y offset (arcsec) -0.7999926849435699
#Wave (micron) Flux (Jy) Noise (Jy)
3.25574488757411 5.182930993391579e-06 3.751423333770715e-07
3.2575348875834607 5.949510698244267e-06 3.629139940271956e-07
3.259324887592811 6.8738200687473724e-06 3.9102689382513866e-07
3.2611148876021616 6.9315830441016556e-06 3.7251491216763425e-07
3.262904887611512 5.661773542452237e-06 3.750104761877781e-07
3.2646948876208626 5.600295926484319e-06 3.84161185803447e-07
3.266484887630213 5.986342843812166e-06 3.928199106365398e-07
3.2682748876395635 6.114914418688819e-06 3.751533728442584e-07
3.270064887648914 7.958521129516361e-06 4.4492815708542135e-07
3.2718548876582645 7.79739198042723e-06 4.367031656331748e-07
3.273644887667615 7.117219137890878e-06 4.0941564813064293e-07
3.2754348876769654 5.813159717313017e-06 3.5887906877037927e-07
3.277224887686316 5.618367478231389e-06 3.286400628566746e-07
3.2790148876956664 6.9375082679720886e-06 3.9023793616765377e-07
3.280804887705017 8.479783027375392e-06 4.4826885676231357e-07
3.2825948877143674 7.352448328861214e-06 3.8017380870860076e-07
3.284384887723718 7.096765302747614e-06 5.504772593711966e-07
3.2861748877330683 6.361516166150427e-06 4.037320036665184e-07
3.287964887742419 6.182676349419218e-06 3.7192303982028314e-07
3.2897548877517693 7.450331305716341e-06 3.9660846524621267e-07
3.2915448877611198 7.967745416900641e-06 3.790775111638741e-07
3.2933348877704702 6.6170109049049e-06 3.850099078860834e-07
3.2951248877798207 5.436665245338214e-06 3.2884171525602534e-07
3.296914887789171 5.83719370209911e-06 3.412826063776778e-07
3.2987048877985217 6.012137315406097e-06 3.22640336592206e-07
3.300494887807872 7.765862813838174e-06 3.36765811180048e-07
3.3022848878172226 8.813812871924984e-06 3.4448444412721376e-07
3.304074887826573 6.654095445194675e-06 2.832739888690098e-07
3.3058648878359236 5.8040945775775225e-06 2.801780627589828e-07
3.307654887845274 6.169307050314728e-06 2.857280007829654e-07
3.3094448878546245 6.88871135733814e-06 3.125525331185009e-07
3.311234887863975 9.0305056206925e-06 3.3504925808933993e-07
3.3130248878733255 1.1887059769545136e-05 3.863136297343246e-07
3.314814887882676 9.368474257473732e-06 3.3723465230806477e-07
3.3166048878920265 6.377278956232011e-06 2.696041024447698e-07
3.318394887901377 5.770920586415521e-06 2.4888784179472337e-07
3.3201848879107274 6.700568800156349e-06 2.8558084524574283e-07
3.321974887920078 7.4256477295412595e-06 2.96353151722941e-07
3.3237648879294284 7.528747162850678e-06 3.548294055446789e-07
3.325554887938779 7.295312978037354e-06 2.917635072494585e-07
3.3273448879481293 7.220089488246691e-06 2.8062362013767894e-07
