#Target name PANSTARRS (C/2017 K2)
#Obs. Start 2022-08-21 21:24:50.752
#Obs. End 2022-08-21 21:30:34.329
#Instrument used NIRSPEC
#Grating used G395M/F290LP
#Lower wavelength (um) 3.255
#Upper wavelength (um) 3.328
#Spectral plate scale (um) 0.001790000009350478
#Center pixel for extract (x,y) = 29,25
#Pixel scale (arcsec/pixel) 0.09999908561794624
#Aperture size (arcsec) 0.09999908561794624 0.09999908561794624
#X offset (arcsec) -0.19999817123589247
#Y offset (arcsec) 0.5999945137076774
#Wave (micron) Flux (Jy) Noise (Jy)
3.25574488757411 9.681701038659202e-06 3.570024994433655e-07
3.2575348875834607 9.79910627653315e-06 3.8890389781307693e-07
3.259324887592811 1.1581911412672688e-05 4.29397924307521e-07
3.2611148876021616 1.1125775422516278e-05 3.9457498978659303e-07
3.262904887611512 9.921043860123228e-06 3.6383730256072423e-07
3.2646948876208626 9.962278791772046e-06 3.574681744297779e-07
3.266484887630213 1.058685127376466e-05 3.65533625967907e-07
3.2682748876395635 1.1660674704814939e-05 3.942845453275587e-07
3.270064887648914 1.3714424454131793e-05 4.049802760082547e-07
3.2718548876582645 1.346401930201582e-05 3.897272347249739e-07
3.273644887667615 1.1253746271056668e-05 3.6058699202379397e-07
3.2754348876769654 1.0071724853993753e-05 3.6432390770446815e-07
3.277224887686316 9.984600706499793e-06 3.5215527674183915e-07
3.2790148876956664 1.211981791307855e-05 3.713253395308639e-07
3.280804887705017 1.4088318319034463e-05 3.992632889909514e-07
3.2825948877143674 1.2765108280820439e-05 3.8461103008183755e-07
3.284384887723718 1.0871513069357617e-05 3.649373266261003e-07
3.2861748877330683 1.061853196684749e-05 3.56559351694563e-07
3.287964887742419 1.0595192403773987e-05 3.5993381420891764e-07
3.2897548877517693 1.2126496734688727e-05 3.703999295759163e-07
3.2915448877611198 1.3464498986478358e-05 3.6651185164784776e-07
3.2933348877704702 1.1351269260413276e-05 3.7062817196095333e-07
3.2951248877798207 1.0017247044753e-05 3.4718297743746416e-07
3.296914887789171 1.00838227651209e-05 3.1139955323337035e-07
3.2987048877985217 9.992120544980736e-06 3.1642122193161173e-07
3.300494887807872 1.2552389291936975e-05 3.568125029281512e-07
3.3022848878172226 1.4522892716751412e-05 3.817505192086238e-07
3.304074887826573 1.2520267468469905e-05 3.5981240808881383e-07
3.3058648878359236 1.0798823389456922e-05 3.2975227516627987e-07
3.307654887845274 1.0561103425707276e-05 3.0435124569985866e-07
3.3094448878546245 1.0857578908175745e-05 3.151485170635125e-07
3.311234887863975 1.5141072394598428e-05 3.6264103339436585e-07
3.3130248878733255 2.047449654280464e-05 4.1345205839192854e-07
3.314814887882676 1.790565444476282e-05 3.905170889889309e-07
3.3166048878920265 1.2287832103266425e-05 3.132400901877893e-07
3.318394887901377 1.1059622003796707e-05 2.8997463724299055e-07
3.3201848879107274 1.1548242943041361e-05 3.279727634898637e-07
3.321974887920078 1.272623142419307e-05 3.5337384899418933e-07
3.3237648879294284 1.422390225312889e-05 3.6835443398578105e-07
3.325554887938779 1.3346397085375639e-05 3.601289381923939e-07
3.3273448879481293 1.2651579969331566e-05 3.4252087595346044e-07
