#Target name PANSTARRS (C/2017 K2)
#Obs. Start 2022-08-21 21:24:50.752
#Obs. End 2022-08-21 21:30:34.329
#Instrument used NIRSPEC
#Grating used G395M/F290LP
#Lower wavelength (um) 3.255
#Upper wavelength (um) 3.328
#Spectral plate scale (um) 0.001790000009350478
#Center pixel for extract (x,y) = 29,25
#Pixel scale (arcsec/pixel) 0.09999908561794624
#Aperture size (arcsec) 0.09999908561794624 0.09999908561794624
#X offset (arcsec) 0.4999954280897312
#Y offset (arcsec) 0.5999945137076774
#Wave (micron) Flux (Jy) Noise (Jy)
3.25574488757411 6.605765218229419e-06 4.0916798861169597e-07
3.2575348875834607 7.034335490706397e-06 3.45517306764044e-07
3.259324887592811 7.723593198320628e-06 3.927581568657785e-07
3.2611148876021616 8.90635790214886e-06 4.0441342458526386e-07
3.262904887611512 6.585972182056045e-06 3.502966395442661e-07
3.2646948876208626 6.881861283891804e-06 3.383063211937627e-07
3.266484887630213 7.589765716304916e-06 3.5219710903755e-07
3.2682748876395635 7.918014242322834e-06 3.6477812293940986e-07
3.270064887648914 1.1316598384746214e-05 5.959005200404057e-07
3.2718548876582645 9.90396709325688e-06 3.930646842034049e-07
3.273644887667615 7.695792121442286e-06 3.823343220977266e-07
3.2754348876769654 7.503089423743733e-06 3.7595589167463285e-07
3.277224887686316 7.83945268663679e-06 3.891270407488043e-07
3.2790148876956664 8.90073259314332e-06 4.277252208770858e-07
3.280804887705017 1.0838240899786927e-05 4.739200674533843e-07
3.2825948877143674 1.0303537077699171e-05 4.090281180020587e-07
3.284384887723718 7.926244193129628e-06 3.853768440847631e-07
3.2861748877330683 7.91253149374635e-06 3.6069587367224156e-07
3.287964887742419 7.354538318547524e-06 3.9494088928403943e-07
3.2897548877517693 9.560128373903243e-06 4.602479395129642e-07
3.2915448877611198 9.931852451143591e-06 5.119675070562193e-07
3.2933348877704702 7.788984501538973e-06 3.812844799758322e-07
3.2951248877798207 6.864151512856199e-06 3.7995150634144096e-07
3.296914887789171 7.2893958236251686e-06 3.27861192022e-07
3.2987048877985217 8.1201694137528e-06 4.2349985080181916e-07
3.300494887807872 1.0192624167289216e-05 4.661639451481066e-07
3.3022848878172226 1.1479198865055951e-05 5.151377954655206e-07
3.304074887826573 8.685288817191348e-06 4.2999982743977794e-07
3.3058648878359236 6.648540071493955e-06 3.5623138985846447e-07
3.307654887845274 7.048843031727135e-06 3.7752355205307887e-07
3.3094448878546245 7.55390235403005e-06 4.33064400342236e-07
3.311234887863975 1.0869097611521958e-05 4.951343369607407e-07
3.3130248878733255 1.533446144455132e-05 5.259524385795701e-07
3.314814887882676 1.2508683312851232e-05 4.298131371609292e-07
3.3166048878920265 9.015363730592799e-06 4.039989962625186e-07
3.318394887901377 8.027641419051891e-06 4.663661299075502e-07
3.3201848879107274 8.135988241738885e-06 4.005238336337737e-07
3.321974887920078 9.01510461132238e-06 4.5114228437251495e-07
3.3237648879294284 1.0125408269900284e-05 4.817777584605719e-07
3.325554887938779 9.712585545194867e-06 4.6056147158865336e-07
3.3273448879481293 9.209214532878791e-06 4.5971888565656e-07
