#Target name PANSTARRS (C/2017 K2)
#Obs. Start 2022-08-21 21:24:50.752
#Obs. End 2022-08-21 21:30:34.329
#Instrument used NIRSPEC
#Grating used G395M/F290LP
#Lower wavelength (um) 3.255
#Upper wavelength (um) 3.328
#Spectral plate scale (um) 0.001790000009350478
#Center pixel for extract (x,y) = 29,25
#Pixel scale (arcsec/pixel) 0.09999908561794624
#Aperture size (arcsec) 0.09999908561794624 0.09999908561794624
#X offset (arcsec) -0.4999954280897312
#Y offset (arcsec) -0.7999926849435699
#Wave (micron) Flux (Jy) Noise (Jy)
3.25574488757411 5.862736675577634e-06 2.905394993203716e-07
3.2575348875834607 5.741718561924627e-06 2.601088998111743e-07
3.259324887592811 6.78494126238764e-06 2.700753251837279e-07
3.2611148876021616 6.852609497741713e-06 2.811426712281295e-07
3.262904887611512 6.099600380146488e-06 2.619102662703463e-07
3.2646948876208626 6.364093909757523e-06 2.7639401920062237e-07
3.266484887630213 5.9806050106943884e-06 2.5745741032175336e-07
3.2682748876395635 6.337413142665987e-06 2.8706013384878904e-07
3.270064887648914 8.215227631917786e-06 3.1631130358193087e-07
3.2718548876582645 7.796646003842497e-06 2.9650383764814716e-07
3.273644887667615 6.765335616966921e-06 2.565197841036244e-07
3.2754348876769654 6.2170078595366155e-06 2.648603257149543e-07
3.277224887686316 5.91693160547646e-06 2.5863429037315404e-07
3.2790148876956664 7.555351270088856e-06 2.583690349521934e-07
3.280804887705017 8.898525148009175e-06 2.7254530790046655e-07
3.2825948877143674 7.797007336250727e-06 2.38080903892543e-07
3.284384887723718 6.648433375323784e-06 2.283684142842406e-07
3.2861748877330683 5.9239493443330665e-06 2.1458408444953118e-07
3.287964887742419 6.211218919849932e-06 2.20572449028862e-07
3.2897548877517693 7.34577354198016e-06 2.3774848704303654e-07
3.2915448877611198 8.126099568958828e-06 2.425385510819708e-07
3.2933348877704702 6.603443904073325e-06 2.30121392012875e-07
3.2951248877798207 5.51475159959408e-06 2.1530840238417297e-07
3.296914887789171 5.827154399431751e-06 2.217294356241644e-07
3.2987048877985217 6.29672065793275e-06 2.0970936114637044e-07
3.300494887807872 8.441844917724242e-06 2.3201405822795698e-07
3.3022848878172226 8.973155980921825e-06 2.3157607997584477e-07
3.304074887826573 6.931370996671019e-06 2.0485419507188094e-07
3.3058648878359236 6.378154044148715e-06 2.1956233778125956e-07
3.307654887845274 6.698094166293536e-06 2.2060866352464647e-07
3.3094448878546245 6.943638366421381e-06 2.283732475535039e-07
3.311234887863975 9.778002850000899e-06 2.490301780721587e-07
3.3130248878733255 1.2537617700310224e-05 2.6945153924976285e-07
3.314814887882676 9.936590119741817e-06 2.5553872850950627e-07
3.3166048878920265 7.20027583012446e-06 2.1996851452256683e-07
3.318394887901377 6.571130206821239e-06 2.1033155000005716e-07
3.3201848879107274 7.034724169612024e-06 2.2034726070962035e-07
3.321974887920078 7.816659156904756e-06 2.3824450655473681e-07
3.3237648879294284 8.049645935088536e-06 2.791513642916477e-07
3.325554887938779 7.881758166413217e-06 2.526632274968383e-07
3.3273448879481293 7.645829622394695e-06 2.575933302591232e-07
