#Target name PANSTARRS (C/2017 K2)
#Obs. Start 2022-08-21 21:24:50.752
#Obs. End 2022-08-21 21:30:34.329
#Instrument used NIRSPEC
#Grating used G395M/F290LP
#Lower wavelength (um) 3.255
#Upper wavelength (um) 3.328
#Spectral plate scale (um) 0.001790000009350478
#Center pixel for extract (x,y) = 29,25
#Pixel scale (arcsec/pixel) 0.09999908561794624
#Aperture size (arcsec) 0.09999908561794624 0.09999908561794624
#X offset (arcsec) -0.09999908561794624
#Y offset (arcsec) -0.6999935993256237
#Wave (micron) Flux (Jy) Noise (Jy)
3.25574488757411 6.3225980656253436e-06 2.9186336679528125e-07
3.2575348875834607 7.2791283346106785e-06 2.9755115806433896e-07
3.259324887592811 8.600751379369201e-06 3.1722133113209255e-07
3.2611148876021616 8.832095574496216e-06 3.326472213318101e-07
3.262904887611512 7.011876395188431e-06 3.3538545749740027e-07
3.2646948876208626 7.5404263587553865e-06 3.461888369926448e-07
3.266484887630213 7.640475985150183e-06 3.456567570893974e-07
3.2682748876395635 8.7349832309038e-06 3.4448517261997226e-07
3.270064887648914 1.1135334144114627e-05 4.0941057670028553e-07
3.2718548876582645 1.0510669311655394e-05 4.0604362326513414e-07
3.273644887667615 7.681184608799918e-06 3.376727006075576e-07
3.2754348876769654 7.095081924096372e-06 3.574758796416469e-07
3.277224887686316 7.88780039742825e-06 3.899793772762811e-07
3.2790148876956664 9.912672245493852e-06 4.183582049500388e-07
3.280804887705017 1.2124860427877266e-05 4.5237733176878885e-07
3.2825948877143674 8.753018470088754e-06 4.3873885459002224e-07
3.284384887723718 8.210512378481361e-06 3.9751283296801966e-07
3.2861748877330683 8.001341261407735e-06 4.5779955940841115e-07
3.287964887742419 7.252141376408943e-06 4.039563794361448e-07
3.2897548877517693 9.934908982606754e-06 4.354014051115912e-07
3.2915448877611198 1.1657990265037672e-05 4.808256184251769e-07
3.2933348877704702 7.96021392253556e-06 4.371448563964603e-07
3.2951248877798207 7.590950133454472e-06 4.319697839346444e-07
3.296914887789171 7.402817438943873e-06 4.080679365273677e-07
3.2987048877985217 7.48207072652309e-06 3.982359460877146e-07
3.300494887807872 1.1695329441565503e-05 5.148647227568818e-07
3.3022848878172226 1.2054924226452184e-05 4.929058215745016e-07
3.304074887826573 9.08849274766479e-06 4.214272048469526e-07
3.3058648878359236 7.299644483903747e-06 3.8826055465044074e-07
3.307654887845274 8.059008299869511e-06 4.1046700327595897e-07
3.3094448878546245 8.184426509784022e-06 3.8007254821516545e-07
3.311234887863975 1.2355239874440374e-05 5.213663525130234e-07
3.3130248878733255 1.9539653391164853e-05 6.146297326347125e-07
3.314814887882676 1.2451098762184884e-05 5.038543392424066e-07
3.3166048878920265 8.734499960015375e-06 3.8216281809099795e-07
3.318394887901377 7.46467880248182e-06 3.9887374149780517e-07
3.3201848879107274 7.899311031316217e-06 3.946754657493653e-07
3.321974887920078 9.804321836380969e-06 4.413690776946846e-07
3.3237648879294284 1.0447558975301904e-05 4.4071276175715607e-07
3.325554887938779 9.579243127280523e-06 4.5532974480538594e-07
3.3273448879481293 9.918598814273992e-06 4.0503202701306243e-07
