#Target name PANSTARRS (C/2017 K2)
#Obs. Start 2022-08-21 21:24:50.752
#Obs. End 2022-08-21 21:30:34.329
#Instrument used NIRSPEC
#Grating used G395M/F290LP
#Lower wavelength (um) 3.255
#Upper wavelength (um) 3.328
#Spectral plate scale (um) 0.001790000009350478
#Center pixel for extract (x,y) = 29,25
#Pixel scale (arcsec/pixel) 0.09999908561794624
#Aperture size (arcsec) 0.09999908561794624 0.09999908561794624
#X offset (arcsec) 0.19999817123589247
#Y offset (arcsec) -0.2999972568538387
#Wave (micron) Flux (Jy) Noise (Jy)
3.25574488757411 1.4811789184711783e-05 5.117086679753241e-07
3.2575348875834607 1.4488469304470632e-05 5.208343286476806e-07
3.259324887592811 1.7632679017926345e-05 5.853400088232731e-07
3.2611148876021616 1.9049532429292488e-05 6.276442557658005e-07
3.262904887611512 1.5255522417540553e-05 5.291738335577772e-07
3.2646948876208626 1.535685867422272e-05 5.5723133988712e-07
3.266484887630213 1.6310534148201098e-05 5.554798191440027e-07
3.2682748876395635 1.6726790875694404e-05 5.600177126126775e-07
3.270064887648914 2.310332520025139e-05 6.708607997936219e-07
3.2718548876582645 2.0620214819852464e-05 6.258839370716763e-07
3.273644887667615 1.523541870722462e-05 5.592828875709416e-07
3.2754348876769654 1.550932481157906e-05 5.846366770838675e-07
3.277224887686316 1.4390153714992748e-05 5.705340659610623e-07
3.2790148876956664 1.8886446884881376e-05 6.596598874038396e-07
3.280804887705017 2.4314364389175197e-05 7.469969228970054e-07
3.2825948877143674 1.8684981203828405e-05 6.05048147571327e-07
3.284384887723718 1.562557880674292e-05 5.760945951489958e-07
3.2861748877330683 1.5182257116284812e-05 6.274057024063351e-07
3.287964887742419 1.3797697676828373e-05 5.803774601142815e-07
3.2897548877517693 1.989038073804312e-05 7.169723180059258e-07
3.2915448877611198 2.298619253074494e-05 7.353800971800085e-07
3.2933348877704702 1.8248063076793563e-05 6.42225598706767e-07
3.2951248877798207 1.49057275413932e-05 6.290685711845301e-07
3.296914887789171 1.5017610580005894e-05 6.549004200607634e-07
3.2987048877985217 1.3981921615424143e-05 6.636675502201155e-07
3.300494887807872 2.0911556333662068e-05 7.26133226520214e-07
3.3022848878172226 2.3158948872563402e-05 7.308636101908535e-07
3.304074887826573 1.7003799238442084e-05 5.790654446561741e-07
3.3058648878359236 1.492681751882837e-05 5.428285897478016e-07
3.307654887845274 1.4756681957727662e-05 5.613268140997508e-07
3.3094448878546245 1.5248878563582786e-05 5.448814823413313e-07
3.311234887863975 2.414280950002926e-05 6.791682510223433e-07
3.3130248878733255 3.411626718129462e-05 8.528941046265953e-07
3.314814887882676 2.5860133672303254e-05 6.500099360969615e-07
3.3166048878920265 1.853926471999353e-05 5.955934883616388e-07
3.318394887901377 1.6764326409039612e-05 5.64160370740899e-07
3.3201848879107274 1.675565622445505e-05 5.222167837517472e-07
3.321974887920078 1.925948180078384e-05 5.620469011726027e-07
3.3237648879294284 1.960143495672679e-05 5.339085321470634e-07
3.325554887938779 1.900182579212853e-05 5.454569916205677e-07
3.3273448879481293 1.8107200820398272e-05 5.265986676942881e-07
