#Target name PANSTARRS (C/2017 K2)
#Obs. Start 2022-08-21 21:24:50.752
#Obs. End 2022-08-21 21:30:34.329
#Instrument used NIRSPEC
#Grating used G395M/F290LP
#Lower wavelength (um) 3.255
#Upper wavelength (um) 3.328
#Spectral plate scale (um) 0.001790000009350478
#Center pixel for extract (x,y) = 29,25
#Pixel scale (arcsec/pixel) 0.09999908561794624
#Aperture size (arcsec) 0.09999908561794624 0.09999908561794624
#X offset (arcsec) -0.09999908561794624
#Y offset (arcsec) 0.19999817123589247
#Wave (micron) Flux (Jy) Noise (Jy)
3.25574488757411 2.5939329128765024e-05 5.52154025549708e-07
3.2575348875834607 2.6749879311612703e-05 5.743419536477884e-07
3.259324887592811 3.123416154120198e-05 6.319944222543934e-07
3.2611148876021616 3.1045809626408964e-05 5.783549961028966e-07
3.262904887611512 2.825863309314933e-05 5.401144498811473e-07
3.2646948876208626 2.6806582498117043e-05 5.322438141180197e-07
3.266484887630213 2.661500997287649e-05 5.34891997371075e-07
3.2682748876395635 2.972081354810265e-05 5.627785880916865e-07
3.270064887648914 3.746832013763888e-05 6.425667014314713e-07
3.2718548876582645 3.673040225187769e-05 6.154055774225439e-07
3.273644887667615 2.966058490495027e-05 5.404683292480781e-07
3.2754348876769654 2.777109615112936e-05 5.080247361333566e-07
3.277224887686316 2.7756606990541305e-05 5.014992342298973e-07
3.2790148876956664 3.3007032277631384e-05 5.568663089771934e-07
3.280804887705017 4.051985212311286e-05 6.334910265699307e-07
3.2825948877143674 3.548762678026978e-05 5.645783574705801e-07
3.284384887723718 2.89484874923707e-05 5.010081740727455e-07
3.2861748877330683 2.7943565578876776e-05 5.072837469221255e-07
3.287964887742419 2.819526812055778e-05 5.178921145097027e-07
3.2897548877517693 3.384950882373523e-05 5.728220375639782e-07
3.2915448877611198 3.7498198651712924e-05 6.061786002188477e-07
3.2933348877704702 3.323455513597459e-05 5.756729659555221e-07
3.2951248877798207 2.864321092077275e-05 5.485433352489249e-07
3.296914887789171 2.7565441524639052e-05 5.30213672913718e-07
3.2987048877985217 2.8710234047770193e-05 5.356995035749502e-07
3.300494887807872 3.5946344997065656e-05 6.248854536892581e-07
3.3022848878172226 4.028528552432535e-05 6.507019481796577e-07
3.304074887826573 3.412276937142981e-05 5.758345792721061e-07
3.3058648878359236 2.8412754366053048e-05 5.137114066443243e-07
3.307654887845274 2.775275158271156e-05 4.927126589176828e-07
3.3094448878546245 2.9702494084666062e-05 5.148791244983389e-07
3.311234887863975 4.148016786462312e-05 6.217007635384998e-07
3.3130248878733255 5.624097152230272e-05 7.38062575630619e-07
3.314814887882676 4.939240796126606e-05 7.002358132957133e-07
3.3166048878920265 3.3729786754737546e-05 5.767343799046962e-07
3.318394887901377 2.981096553565267e-05 5.396194110327759e-07
3.3201848879107274 3.007215776023368e-05 5.377677505543134e-07
3.321974887920078 3.293711131851632e-05 5.616735206149052e-07
3.3237648879294284 3.648284203209748e-05 6.178807156264968e-07
3.325554887938779 3.568736918368351e-05 6.211876244469742e-07
3.3273448879481293 3.370254785011717e-05 6.127196246218542e-07
