#Target name PANSTARRS (C/2017 K2)
#Obs. Start 2022-08-21 21:24:50.752
#Obs. End 2022-08-21 21:30:34.329
#Instrument used NIRSPEC
#Grating used G395M/F290LP
#Lower wavelength (um) 3.255
#Upper wavelength (um) 3.328
#Spectral plate scale (um) 0.001790000009350478
#Center pixel for extract (x,y) = 29,25
#Pixel scale (arcsec/pixel) 0.09999908561794624
#Aperture size (arcsec) 0.09999908561794624 0.09999908561794624
#X offset (arcsec) 0.09999908561794624
#Y offset (arcsec) 0.5999945137076774
#Wave (micron) Flux (Jy) Noise (Jy)
3.25574488757411 8.821750529021894e-06 3.6036202785617034e-07
3.2575348875834607 9.719841781373034e-06 4.0901903986152944e-07
3.259324887592811 1.052984324105983e-05 4.077978898655721e-07
3.2611148876021616 1.0843038641018778e-05 4.121672773554091e-07
3.262904887611512 9.156425033624878e-06 4.681578578471478e-07
3.2646948876208626 9.156334476371203e-06 3.615744079200731e-07
3.266484887630213 9.247952415502995e-06 4.4977238175905687e-07
3.2682748876395635 1.0402579815025873e-05 3.988408472478624e-07
3.270064887648914 1.360550021687681e-05 4.430601335388442e-07
3.2718548876582645 1.3558714394559632e-05 4.7016748917840174e-07
3.273644887667615 1.11139061460395e-05 4.4001018652946115e-07
3.2754348876769654 1.0482643186552572e-05 4.279712833157545e-07
3.277224887686316 9.894676456993668e-06 4.287801064103854e-07
3.2790148876956664 1.2193785257201892e-05 4.6348962021260117e-07
3.280804887705017 1.4542979391544377e-05 6.092403992450329e-07
3.2825948877143674 1.3916989374719479e-05 7.33100643338577e-07
3.284384887723718 9.328390568535004e-06 5.889152831684111e-07
3.2861748877330683 9.888395728657074e-06 4.5424967023401265e-07
3.287964887742419 9.674833929689898e-06 4.126594022327465e-07
3.2897548877517693 1.1993419712290107e-05 4.199434612304985e-07
3.2915448877611198 1.380211884334197e-05 4.359226696992697e-07
3.2933348877704702 1.1604523827897372e-05 3.982411576128333e-07
3.2951248877798207 9.871759195568493e-06 4.207453636439234e-07
3.296914887789171 8.092507310877624e-06 3.618085342850828e-07
3.2987048877985217 8.764231430628006e-06 3.423434039099023e-07
3.300494887807872 1.24762557465772e-05 4.428333761582765e-07
3.3022848878172226 1.4917257004017078e-05 4.6135314708450664e-07
3.304074887826573 1.263284717031137e-05 3.9507885460492355e-07
3.3058648878359236 1.0179173276995771e-05 3.496611136693079e-07
3.307654887845274 9.706946787092248e-06 3.506953212158462e-07
3.3094448878546245 1.0109855734036392e-05 3.5513963138400247e-07
3.311234887863975 1.481069891124179e-05 4.0015619696128776e-07
3.3130248878733255 2.068012068467491e-05 4.633023415357551e-07
3.314814887882676 1.785087537574746e-05 4.428815967751005e-07
3.3166048878920265 1.186840587189448e-05 3.7311415349942737e-07
3.318394887901377 1.0301494608155878e-05 3.361915907726151e-07
3.3201848879107274 1.0757705016649467e-05 3.2610686938365756e-07
3.321974887920078 1.2050069999012595e-05 3.491349737839377e-07
3.3237648879294284 1.271397840014626e-05 3.7612871257211735e-07
3.325554887938779 1.2590987303951544e-05 3.547115298125588e-07
3.3273448879481293 1.2521690382941022e-05 3.6587114226672315e-07
