#Target name PANSTARRS (C/2017 K2)
#Obs. Start 2022-08-21 21:24:50.752
#Obs. End 2022-08-21 21:30:34.329
#Instrument used NIRSPEC
#Grating used G395M/F290LP
#Lower wavelength (um) 3.255
#Upper wavelength (um) 3.328
#Spectral plate scale (um) 0.001790000009350478
#Center pixel for extract (x,y) = 29,25
#Pixel scale (arcsec/pixel) 0.09999908561794624
#Aperture size (arcsec) 0.09999908561794624 0.09999908561794624
#X offset (arcsec) 0.19999817123589247
#Y offset (arcsec) 0.4999954280897312
#Wave (micron) Flux (Jy) Noise (Jy)
3.25574488757411 9.520693828050267e-06 3.5423092072459663e-07
3.2575348875834607 1.0246443867379497e-05 3.257279130544622e-07
3.259324887592811 1.244814713367895e-05 3.561748195938696e-07
3.2611148876021616 1.2209478560281893e-05 3.590739686022375e-07
3.262904887611512 1.0808654679422767e-05 3.261644203115812e-07
3.2646948876208626 1.0419086340176009e-05 3.07207469673378e-07
3.266484887630213 1.0875407031265658e-05 3.1621875698264567e-07
3.2682748876395635 1.214769340829407e-05 3.4695924610373956e-07
3.270064887648914 1.5667487986458707e-05 3.9997264480509117e-07
3.2718548876582645 1.4614243467154541e-05 3.7967019606084045e-07
3.273644887667615 1.1623348977384186e-05 3.489903119334656e-07
3.2754348876769654 1.0062012812688688e-05 3.593316869250426e-07
3.277224887686316 1.0232065885993968e-05 3.3280841436411034e-07
3.2790148876956664 1.249094843683441e-05 3.668948427061673e-07
3.280804887705017 1.5143606204488395e-05 5.490123164717029e-07
3.2825948877143674 1.344013460220732e-05 5.08996433397423e-07
3.284384887723718 1.123361835236599e-05 4.299621699679525e-07
3.2861748877330683 1.0574404582719891e-05 3.848481264557859e-07
3.287964887742419 1.0478849644569399e-05 3.5735629475343943e-07
3.2897548877517693 1.3295411558343456e-05 4.0148031660676766e-07
3.2915448877611198 1.5039600750338987e-05 4.1693080744656157e-07
3.2933348877704702 1.2714049232057552e-05 3.8585862996871986e-07
3.2951248877798207 1.0633574333628795e-05 3.807774490158973e-07
3.296914887789171 9.774263104406048e-06 3.65405607375072e-07
3.2987048877985217 1.0412110741823588e-05 3.865324017135007e-07
3.300494887807872 1.4524150655631676e-05 4.490706190809772e-07
3.3022848878172226 1.6476474487619164e-05 4.6090574045496196e-07
3.304074887826573 1.2844972605710348e-05 4.0963209453678227e-07
3.3058648878359236 1.0362866424560097e-05 3.671845866913954e-07
3.307654887845274 1.0632541442973013e-05 3.595305934670728e-07
3.3094448878546245 1.0816443499845323e-05 3.7472916590717764e-07
3.311234887863975 1.5280727818682356e-05 4.415237983490149e-07
3.3130248878733255 2.183642204848107e-05 5.258411473012289e-07
3.314814887882676 1.9696615113371973e-05 5.03570899521435e-07
3.3166048878920265 1.3464174414935482e-05 4.2027887610789575e-07
3.318394887901377 1.1485788026018926e-05 3.994871324004851e-07
3.3201848879107274 1.1713166530720137e-05 4.221125764379654e-07
3.321974887920078 1.3872093598845348e-05 4.698713568720605e-07
3.3237648879294284 1.47490697687801e-05 4.61557097037942e-07
3.325554887938779 1.3850381376518586e-05 4.4327896155592485e-07
3.3273448879481293 1.3821598515553367e-05 4.4334654326875436e-07
