#Target name PANSTARRS (C/2017 K2)
#Obs. Start 2022-08-21 21:24:50.752
#Obs. End 2022-08-21 21:30:34.329
#Instrument used NIRSPEC
#Grating used G395M/F290LP
#Lower wavelength (um) 3.255
#Upper wavelength (um) 3.328
#Spectral plate scale (um) 0.001790000009350478
#Center pixel for extract (x,y) = 29,25
#Pixel scale (arcsec/pixel) 0.09999908561794624
#Aperture size (arcsec) 0.09999908561794624 0.09999908561794624
#X offset (arcsec) -0.5999945137076774
#Y offset (arcsec) 0.0
#Wave (micron) Flux (Jy) Noise (Jy)
3.25574488757411 1.1047584165303184e-05 4.522301482126141e-07
3.2575348875834607 1.1383033337898005e-05 4.836776115369064e-07
3.259324887592811 1.3853792964144674e-05 5.125626296020315e-07
3.2611148876021616 1.349095067061629e-05 4.963096759697677e-07
3.262904887611512 1.2314360895560951e-05 4.665209626376895e-07
3.2646948876208626 1.1527357391881812e-05 4.49622396307657e-07
3.266484887630213 1.1882888756237237e-05 4.582978484552437e-07
3.2682748876395635 1.340123533041815e-05 4.429121374330542e-07
3.270064887648914 1.612126590159367e-05 5.014471750166148e-07
3.2718548876582645 1.5061724515036412e-05 4.939393846851381e-07
3.273644887667615 1.2706091849618255e-05 4.493953307186146e-07
3.2754348876769654 1.1975902711645988e-05 4.484730308673669e-07
3.277224887686316 1.1878600287481502e-05 4.326996776407842e-07
3.2790148876956664 1.413058434812612e-05 4.7627466812475314e-07
3.280804887705017 1.6303156870149208e-05 4.814434363223125e-07
3.2825948877143674 1.4220262030852434e-05 4.5612251304037705e-07
3.284384887723718 1.2606722747535732e-05 4.1299963636993095e-07
3.2861748877330683 1.2278215998853867e-05 4.1536443593991914e-07
3.287964887742419 1.2189642935301098e-05 3.874080219902981e-07
3.2897548877517693 1.36371020085901e-05 4.1790953746764284e-07
3.2915448877611198 1.4641592654370979e-05 4.464110321143557e-07
3.2933348877704702 1.2892109897764562e-05 3.9286992446630793e-07
3.2951248877798207 1.2317051611583524e-05 3.9465218200004466e-07
3.296914887789171 1.2181325117060043e-05 3.8402209972447285e-07
3.2987048877985217 1.2873258746690058e-05 4.046315521285382e-07
3.300494887807872 1.5884077625481942e-05 4.384262751587096e-07
3.3022848878172226 1.645322906822522e-05 4.5359044032545005e-07
3.304074887826573 1.4283240566054534e-05 3.938306383010918e-07
3.3058648878359236 1.3047290062911752e-05 3.717477812739529e-07
3.307654887845274 1.2523540978699298e-05 3.5282860018338403e-07
3.3094448878546245 1.3204910790875817e-05 3.51152226270204e-07
3.311234887863975 1.776405159142163e-05 3.9895163418506305e-07
3.3130248878733255 2.337002079535774e-05 4.662905347743769e-07
3.314814887882676 2.0116033275285666e-05 4.0435663016905095e-07
3.3166048878920265 1.4720147933811715e-05 3.591814773220248e-07
3.318394887901377 1.3045625961299658e-05 3.4978663857539254e-07
3.3201848879107274 1.358648319360498e-05 3.433090210613301e-07
3.321974887920078 1.432048828872222e-05 3.646838952029896e-07
3.3237648879294284 1.532732087060805e-05 4.140847823716617e-07
3.325554887938779 1.5339683280644447e-05 3.8883654025186543e-07
3.3273448879481293 1.4807581410538531e-05 4.288461470808411e-07
