#Target name PANSTARRS (C/2017 K2)
#Obs. Start 2022-08-21 21:24:50.752
#Obs. End 2022-08-21 21:30:34.329
#Instrument used NIRSPEC
#Grating used G395M/F290LP
#Lower wavelength (um) 3.255
#Upper wavelength (um) 3.328
#Spectral plate scale (um) 0.001790000009350478
#Center pixel for extract (x,y) = 29,25
#Pixel scale (arcsec/pixel) 0.09999908561794624
#Aperture size (arcsec) 0.09999908561794624 0.09999908561794624
#X offset (arcsec) -0.6999935993256237
#Y offset (arcsec) 0.39999634247178495
#Wave (micron) Flux (Jy) Noise (Jy)
3.25574488757411 8.804784044751605e-06 2.6238664449651855e-07
3.2575348875834607 9.230499970524864e-06 2.59168443678868e-07
3.259324887592811 1.0401900187320072e-05 2.7149992079198003e-07
3.2611148876021616 1.0860464187802748e-05 3.090860563649538e-07
3.262904887611512 1.0055944580085965e-05 3.1465706464102916e-07
3.2646948876208626 9.743561505590679e-06 2.969332561103467e-07
3.266484887630213 9.328220213305318e-06 2.9617284976520554e-07
3.2682748876395635 9.961516676270819e-06 3.198687298544849e-07
3.270064887648914 1.1568677501145475e-05 3.5008775825523453e-07
3.2718548876582645 1.1487418953191555e-05 3.482323992750748e-07
3.273644887667615 9.681716280969226e-06 3.3355929426548613e-07
3.2754348876769654 9.119181793989552e-06 3.5481800183111275e-07
3.277224887686316 9.217271438636484e-06 3.4136428162348957e-07
3.2790148876956664 1.0380847867356726e-05 3.400361272488855e-07
3.280804887705017 1.1873315688935337e-05 3.4561576536225416e-07
3.2825948877143674 1.1479987878751342e-05 3.709135730085825e-07
3.284384887723718 9.545403405813038e-06 3.5903373338680505e-07
3.2861748877330683 9.219171347750722e-06 3.330096184602251e-07
3.287964887742419 9.278695258216079e-06 3.6366341694305426e-07
3.2897548877517693 1.0613214193861859e-05 3.7289683850576827e-07
3.2915448877611198 1.1060168933744647e-05 3.7751660335292064e-07
3.2933348877704702 1.0464751404403146e-05 3.778786082160041e-07
3.2951248877798207 8.183389136095879e-06 3.672063854362467e-07
3.296914887789171 8.048859611212564e-06 3.7680326884756127e-07
3.2987048877985217 9.590343115404298e-06 3.9861613525080906e-07
3.300494887807872 1.0794881907405863e-05 4.216903308275422e-07
3.3022848878172226 1.2098588065033741e-05 4.324027888227321e-07
3.304074887826573 9.837913197855704e-06 3.7434625890571485e-07
3.3058648878359236 8.90455930956596e-06 3.603662587179603e-07
3.307654887845274 9.331673044829119e-06 3.5555061337562087e-07
3.3094448878546245 9.967504214291058e-06 3.6309320324579327e-07
3.311234887863975 1.3066132247921534e-05 3.82344184768919e-07
3.3130248878733255 1.723766110454257e-05 4.599741943494715e-07
3.314814887882676 1.4867840538310954e-05 4.370047055973005e-07
3.3166048878920265 1.0921573298510662e-05 3.622247558207721e-07
3.318394887901377 9.894290019604222e-06 3.631672293176405e-07
3.3201848879107274 9.62574651855901e-06 4.095397160512106e-07
3.321974887920078 1.0605262191061396e-05 3.5799411818248224e-07
3.3237648879294284 1.1892844674502696e-05 3.8395115573737315e-07
3.325554887938779 1.1722486754996926e-05 3.7290445966078055e-07
3.3273448879481293 1.1075951897471851e-05 4.4717687413623355e-07
