#Target name PANSTARRS (C/2017 K2)
#Obs. Start 2022-08-21 21:24:50.752
#Obs. End 2022-08-21 21:30:34.329
#Instrument used NIRSPEC
#Grating used G395M/F290LP
#Lower wavelength (um) 3.255
#Upper wavelength (um) 3.328
#Spectral plate scale (um) 0.001790000009350478
#Center pixel for extract (x,y) = 29,25
#Pixel scale (arcsec/pixel) 0.09999908561794624
#Aperture size (arcsec) 0.09999908561794624 0.09999908561794624
#X offset (arcsec) 0.6999935993256237
#Y offset (arcsec) 0.0
#Wave (micron) Flux (Jy) Noise (Jy)
3.25574488757411 7.829978246046814e-06 3.31406570145086e-07
3.2575348875834607 7.640343287392324e-06 3.54576506481661e-07
3.259324887592811 8.871730960198926e-06 3.6522586579638157e-07
3.2611148876021616 8.954271655407856e-06 3.682845827378192e-07
3.262904887611512 7.710929528509628e-06 3.0909611516881194e-07
3.2646948876208626 7.679551888414345e-06 3.3498747629962643e-07
3.266484887630213 7.0990628568322e-06 3.15223019457548e-07
3.2682748876395635 8.429338154045847e-06 3.390785515367538e-07
3.270064887648914 1.1564890235407606e-05 4.063508790955191e-07
3.2718548876582645 1.1175565773121241e-05 4.059946741555516e-07
3.273644887667615 8.744551815173343e-06 3.536355740271664e-07
3.2754348876769654 8.390451434747283e-06 3.5596257603056793e-07
3.277224887686316 8.148799851617772e-06 3.7745823987538167e-07
3.2790148876956664 8.879143205903229e-06 4.6654519903138665e-07
3.280804887705017 1.2268025169692734e-05 5.504974330168173e-07
3.2825948877143674 9.685111729678818e-06 4.1288349781285036e-07
3.284384887723718 8.050753244081498e-06 3.46335292056061e-07
3.2861748877330683 7.909637248054626e-06 3.422315242335639e-07
3.287964887742419 8.124831767407373e-06 3.3309916703161946e-07
3.2897548877517693 9.944123407319841e-06 3.68701644842076e-07
3.2915448877611198 1.1207171151260419e-05 3.854831479896036e-07
3.2933348877704702 8.567356374711845e-06 3.666532632998588e-07
3.2951248877798207 8.159061512690194e-06 3.875032303900472e-07
3.296914887789171 7.5575345068482566e-06 3.386095703139758e-07
3.2987048877985217 7.75652196761253e-06 3.907477410038615e-07
3.300494887807872 1.0198131124240444e-05 4.3883591224061985e-07
3.3022848878172226 1.1996417964332584e-05 4.4640663313885226e-07
3.304074887826573 9.922950045482772e-06 4.2589723641327537e-07
3.3058648878359236 8.888270659788529e-06 4.0041433556837666e-07
3.307654887845274 8.369444841714013e-06 3.8594481626584407e-07
3.3094448878546245 8.782256807141767e-06 3.804462089623854e-07
3.311234887863975 1.1812589429190984e-05 4.572555714504571e-07
3.3130248878733255 1.6640682583333256e-05 5.233840533025258e-07
3.314814887882676 1.4072823165984781e-05 4.602134762016954e-07
3.3166048878920265 9.545044763224224e-06 3.9468373134027936e-07
3.318394887901377 8.901045508802063e-06 4.257844040925604e-07
3.3201848879107274 8.804910466264163e-06 4.2223499124035025e-07
3.321974887920078 9.415267252642687e-06 4.38396743183037e-07
3.3237648879294284 1.0611929356787435e-05 4.599245727850349e-07
3.325554887938779 1.0029087629822676e-05 4.402089809956823e-07
3.3273448879481293 9.908419640996998e-06 4.281748129849061e-07
