#Target name PANSTARRS (C/2017 K2)
#Obs. Start 2022-08-21 21:24:50.752
#Obs. End 2022-08-21 21:30:34.329
#Instrument used NIRSPEC
#Grating used G395M/F290LP
#Lower wavelength (um) 3.255
#Upper wavelength (um) 3.328
#Spectral plate scale (um) 0.001790000009350478
#Center pixel for extract (x,y) = 29,25
#Pixel scale (arcsec/pixel) 0.09999908561794624
#Aperture size (arcsec) 0.09999908561794624 0.09999908561794624
#X offset (arcsec) 0.4999954280897312
#Y offset (arcsec) -0.7999926849435699
#Wave (micron) Flux (Jy) Noise (Jy)
3.25574488757411 5.318643142211507e-06 2.9226846480692683e-07
3.2575348875834607 5.466220981082325e-06 2.9264644047279343e-07
3.259324887592811 6.461108074941251e-06 2.992029593563948e-07
3.2611148876021616 7.008464359259107e-06 3.267342137245585e-07
3.262904887611512 5.710337783706692e-06 2.8944538725392056e-07
3.2646948876208626 5.658565036192065e-06 2.8381665993620806e-07
3.266484887630213 5.428174382048058e-06 2.7152945276765264e-07
3.2682748876395635 5.766864338736042e-06 2.8360895544317103e-07
3.270064887648914 8.339361004757874e-06 3.4160168620591267e-07
3.2718548876582645 7.692463021611627e-06 3.491974280285053e-07
3.273644887667615 5.0957678435160835e-06 2.7812727158687204e-07
3.2754348876769654 5.436491751985876e-06 2.917026500851693e-07
3.277224887686316 5.848280241125803e-06 3.62167709233989e-07
3.2790148876956664 7.291642271140849e-06 4.080901555565028e-07
3.280804887705017 8.228657900262375e-06 3.679244831634888e-07
3.2825948877143674 6.786589225083238e-06 3.406327067802148e-07
3.284384887723718 6.106171160676785e-06 3.1625669464399356e-07
3.2861748877330683 6.250576357546312e-06 3.5813354048888346e-07
3.287964887742419 5.904761069225078e-06 3.3235772951715233e-07
3.2897548877517693 7.329392990039345e-06 4.056383291208228e-07
3.2915448877611198 7.212192626744257e-06 3.6853955520330365e-07
3.2933348877704702 5.7808948851136565e-06 3.5959097430917385e-07
3.2951248877798207 5.055290992639369e-06 3.753691467955437e-07
3.296914887789171 5.22517640053438e-06 3.750165843193688e-07
3.2987048877985217 5.5983583598982554e-06 4.029330152241276e-07
3.300494887807872 7.93565407805362e-06 4.3513763469509986e-07
3.3022848878172226 9.00769236561808e-06 5.068309046158441e-07
3.304074887826573 6.224855407683088e-06 3.784510914483975e-07
3.3058648878359236 5.266328844387772e-06 3.465416236204377e-07
3.307654887845274 5.392898745315609e-06 3.1681130178485077e-07
3.3094448878546245 6.495934511831211e-06 3.48239011747806e-07
3.311234887863975 8.62647501905184e-06 4.01395195029829e-07
3.3130248878733255 1.3140477959976076e-05 4.6586767274700413e-07
3.314814887882676 1.0330573349256867e-05 4.252769248293895e-07
3.3166048878920265 6.518881361269962e-06 3.742815071070627e-07
3.318394887901377 6.065423086342281e-06 3.4804304719576226e-07
3.3201848879107274 6.658656930621145e-06 6.767786266606607e-07
3.321974887920078 7.879606310880336e-06 3.876778445004757e-07
3.3237648879294284 7.829702091253427e-06 3.730146301810317e-07
3.325554887938779 8.41560034968135e-06 3.6003162837122606e-07
3.3273448879481293 8.139400725971446e-06 3.8573708375385484e-07
