#Target name PANSTARRS (C/2017 K2)
#Obs. Start 2022-08-21 21:24:50.752
#Obs. End 2022-08-21 21:30:34.329
#Instrument used NIRSPEC
#Grating used G395M/F290LP
#Lower wavelength (um) 3.255
#Upper wavelength (um) 3.328
#Spectral plate scale (um) 0.001790000009350478
#Center pixel for extract (x,y) = 29,25
#Pixel scale (arcsec/pixel) 0.09999908561794624
#Aperture size (arcsec) 0.09999908561794624 0.09999908561794624
#X offset (arcsec) -0.6999935993256237
#Y offset (arcsec) 0.6999935993256237
#Wave (micron) Flux (Jy) Noise (Jy)
3.25574488757411 6.487850259576121e-06 2.781319787708502e-07
3.2575348875834607 6.4735785260575275e-06 3.068774624537652e-07
3.259324887592811 7.678220427803375e-06 3.3309815834933844e-07
3.2611148876021616 8.276132316350075e-06 3.4640234140879774e-07
3.262904887611512 7.287014436835448e-06 3.019718762746999e-07
3.2646948876208626 6.606383428391887e-06 2.911136356709478e-07
3.266484887630213 7.306431346593804e-06 3.4021872676070557e-07
3.2682748876395635 8.56779122885078e-06 3.536259074886398e-07
3.270064887648914 9.55331864774815e-06 3.858714626488508e-07
3.2718548876582645 9.517254445623548e-06 3.851656932605992e-07
3.273644887667615 7.47256266319041e-06 3.642877912750166e-07
3.2754348876769654 7.206132463599782e-06 3.5681348359147994e-07
3.277224887686316 6.862768945676324e-06 3.456391051494793e-07
3.2790148876956664 7.977319380809014e-06 3.6546002018034354e-07
3.280804887705017 1.0042337680266385e-05 4.0510756610833124e-07
3.2825948877143674 9.006169031222096e-06 4.1487783079617527e-07
3.284384887723718 7.424411757519562e-06 3.4945041114838e-07
3.2861748877330683 7.075641254266506e-06 3.659156363628978e-07
3.287964887742419 7.092709055068135e-06 3.8987985395788536e-07
3.2897548877517693 7.938990350736056e-06 4.091661393608474e-07
3.2915448877611198 9.225923691091607e-06 3.939239133931355e-07
3.2933348877704702 8.452952975306264e-06 3.6280323510894715e-07
3.2951248877798207 7.553040715210425e-06 3.9712098792078874e-07
3.296914887789171 7.677995379578896e-06 4.6164944750456155e-07
3.2987048877985217 7.2805539389012115e-06 3.508069767405666e-07
3.300494887807872 8.063559474321552e-06 3.794643688376043e-07
3.3022848878172226 9.18865355326212e-06 4.117729106024757e-07
3.304074887826573 8.394645759823456e-06 3.6498414629531177e-07
3.3058648878359236 7.520265713928478e-06 3.770750526843964e-07
3.307654887845274 6.884457407931577e-06 3.431600162732591e-07
3.3094448878546245 7.74759804339638e-06 4.2491732959619957e-07
3.311234887863975 9.896354904309315e-06 4.1322670195897343e-07
3.3130248878733255 1.3106672309554528e-05 4.7517755803041116e-07
3.314814887882676 1.214019329515551e-05 4.7109743820361396e-07
3.3166048878920265 8.569671412622635e-06 3.9928024045706336e-07
3.318394887901377 7.240544219996427e-06 7.792916793373693e-07
3.3201848879107274 8.573229147103664e-06 4.20453574275181e-07
3.321974887920078 9.573373941314594e-06 5.206769181739343e-07
3.3237648879294284 9.151111743671607e-06 3.650255583067388e-07
3.325554887938779 9.03201012635257e-06 3.524480187549581e-07
3.3273448879481293 9.325898002542752e-06 4.066417718577895e-07
