#Target name PANSTARRS (C/2017 K2)
#Obs. Start 2022-08-21 21:24:50.752
#Obs. End 2022-08-21 21:30:34.329
#Instrument used NIRSPEC
#Grating used G395M/F290LP
#Lower wavelength (um) 3.255
#Upper wavelength (um) 3.328
#Spectral plate scale (um) 0.001790000009350478
#Center pixel for extract (x,y) = 29,25
#Pixel scale (arcsec/pixel) 0.09999908561794624
#Aperture size (arcsec) 0.09999908561794624 0.09999908561794624
#X offset (arcsec) 0.0
#Y offset (arcsec) 0.19999817123589247
#Wave (micron) Flux (Jy) Noise (Jy)
3.25574488757411 2.6558177675040176e-05 4.3964736911676236e-07
3.2575348875834607 2.7252391374928572e-05 4.533983984267214e-07
3.259324887592811 3.163709290330792e-05 5.008459443392119e-07
3.2611148876021616 3.184613132262369e-05 4.926752255974754e-07
3.262904887611512 2.9038729140567923e-05 4.5914144306961813e-07
3.2646948876208626 2.7937474034505778e-05 4.5277951580940033e-07
3.266484887630213 2.734136522157434e-05 4.5005747459821124e-07
3.2682748876395635 3.055508614498739e-05 4.807713737336189e-07
3.270064887648914 3.8744255703008464e-05 5.683106500241328e-07
3.2718548876582645 3.780668148805486e-05 5.42609201351676e-07
3.273644887667615 3.085628495035053e-05 4.888269345816034e-07
3.2754348876769654 2.8388866976425133e-05 4.694623081881475e-07
3.277224887686316 2.8226536374663476e-05 4.561626081610483e-07
3.2790148876956664 3.3506721823773293e-05 5.091849449081679e-07
3.280804887705017 4.0664309771461e-05 5.839361472396868e-07
3.2825948877143674 3.55083563219032e-05 5.272537507979176e-07
3.284384887723718 2.925735407628267e-05 4.75829671125102e-07
3.2861748877330683 2.8123089506346143e-05 4.781656111742716e-07
3.287964887742419 2.8473684155466553e-05 4.894151084272574e-07
3.2897548877517693 3.4518682098072676e-05 5.606597388845578e-07
3.2915448877611198 3.833027814916707e-05 6.080326703272038e-07
3.2933348877704702 3.349547120576222e-05 5.725457146568783e-07
3.2951248877798207 2.906027638730383e-05 5.481979736434785e-07
3.296914887789171 2.8065068308327913e-05 5.35894347368904e-07
3.2987048877985217 2.8788803672914482e-05 5.433030626852209e-07
3.300494887807872 3.666596493794559e-05 6.472733250306019e-07
3.3022848878172226 4.2173033068377576e-05 6.808511813703501e-07
3.304074887826573 3.566515486173241e-05 5.931850352640434e-07
3.3058648878359236 2.8915877914982844e-05 5.121232924307351e-07
3.307654887845274 2.8794387738022312e-05 5.014823668206421e-07
3.3094448878546245 3.05867291805984e-05 5.289504104325274e-07
3.311234887863975 4.236596484902974e-05 6.323884247609475e-07
3.3130248878733255 5.8578474804856355e-05 7.745827021462497e-07
3.314814887882676 5.18567595410571e-05 7.529471957107509e-07
3.3166048878920265 3.5851577279397603e-05 6.076872526838529e-07
3.318394887901377 3.092709534308585e-05 5.607541627536439e-07
3.3201848879107274 3.09121793978171e-05 5.561856165512065e-07
3.321974887920078 3.4615759474012684e-05 5.877883609088741e-07
3.3237648879294284 3.72735234155249e-05 6.178157676951787e-07
3.325554887938779 3.642520816807516e-05 6.068007890725345e-07
3.3273448879481293 3.514890678726499e-05 6.088203391128852e-07
