#Target name PANSTARRS (C/2017 K2)
#Obs. Start 2022-08-21 21:24:50.752
#Obs. End 2022-08-21 21:30:34.329
#Instrument used NIRSPEC
#Grating used G395M/F290LP
#Lower wavelength (um) 3.255
#Upper wavelength (um) 3.328
#Spectral plate scale (um) 0.001790000009350478
#Center pixel for extract (x,y) = 29,25
#Pixel scale (arcsec/pixel) 0.09999908561794624
#Aperture size (arcsec) 0.09999908561794624 0.09999908561794624
#X offset (arcsec) 0.0
#Y offset (arcsec) -0.4999954280897312
#Wave (micron) Flux (Jy) Noise (Jy)
3.25574488757411 1.0053816036321358e-05 3.39378130174222e-07
3.2575348875834607 1.0460167055511639e-05 3.3769657275487546e-07
3.259324887592811 1.1298610665704279e-05 3.605187658750627e-07
3.2611148876021616 1.2207189523958793e-05 3.7552386744987404e-07
3.262904887611512 1.0766359062317534e-05 3.551207466101853e-07
3.2646948876208626 9.914298689634121e-06 3.294175047247844e-07
3.266484887630213 1.039574857031545e-05 3.37509910494979e-07
3.2682748876395635 1.2791054278908145e-05 4.1455426793558017e-07
3.270064887648914 1.741918805087046e-05 4.756640230793939e-07
3.2718548876582645 1.4234600561553194e-05 4.007946928451846e-07
3.273644887667615 1.111474805951674e-05 3.5160515263334215e-07
3.2754348876769654 1.0650563233060886e-05 3.344815660977815e-07
3.277224887686316 1.0987776927192667e-05 3.573501866218487e-07
3.2790148876956664 1.3039085217086175e-05 4.23630531195118e-07
3.280804887705017 1.718342179262338e-05 4.643424050433139e-07
3.2825948877143674 1.2861514995119365e-05 3.891496800622231e-07
3.284384887723718 1.0236452084855156e-05 3.4755142665956544e-07
3.2861748877330683 1.004887932108634e-05 3.744308201036085e-07
3.287964887742419 1.1695677324876654e-05 3.809288354149097e-07
3.2897548877517693 1.3974449297086215e-05 4.2420455546988523e-07
3.2915448877611198 1.5985910602149613e-05 4.6117040747792536e-07
3.2933348877704702 1.1907889731103419e-05 3.9964728873155204e-07
3.2951248877798207 1.0043654795173803e-05 4.108992516523358e-07
3.296914887789171 9.897186058508891e-06 3.726321434638526e-07
3.2987048877985217 1.1262162716009647e-05 4.0318330852458616e-07
3.300494887807872 1.6600606067246303e-05 4.877396311205494e-07
3.3022848878172226 1.758185936309149e-05 5.039458491404585e-07
3.304074887826573 1.271897429140843e-05 4.500719323775728e-07
3.3058648878359236 1.0935745957014093e-05 3.818561786775625e-07
3.307654887845274 1.1237458517885709e-05 3.800160900263796e-07
3.3094448878546245 1.1939908444826206e-05 3.61182646929699e-07
3.311234887863975 1.6957450063476786e-05 4.466103869596219e-07
3.3130248878733255 2.5229109210137887e-05 5.669013527638098e-07
3.314814887882676 1.846959839711653e-05 4.710790577709373e-07
3.3166048878920265 1.3557837513429984e-05 4.216692325564971e-07
3.318394887901377 1.1012003234067012e-05 3.589615565658063e-07
3.3201848879107274 1.1992847677360949e-05 3.902170340292744e-07
3.321974887920078 1.3792157545437677e-05 4.290943949977854e-07
3.3237648879294284 1.4919673358459207e-05 4.2899321856120687e-07
3.325554887938779 1.370843960593097e-05 4.1097952595053504e-07
3.3273448879481293 1.4524361358152602e-05 4.1618427048278474e-07
