#Target name PANSTARRS (C/2017 K2)
#Obs. Start 2022-08-21 21:24:50.752
#Obs. End 2022-08-21 21:30:34.329
#Instrument used NIRSPEC
#Grating used G395M/F290LP
#Lower wavelength (um) 3.255
#Upper wavelength (um) 3.328
#Spectral plate scale (um) 0.001790000009350478
#Center pixel for extract (x,y) = 29,25
#Pixel scale (arcsec/pixel) 0.09999908561794624
#Aperture size (arcsec) 0.09999908561794624 0.09999908561794624
#X offset (arcsec) -0.39999634247178495
#Y offset (arcsec) -0.4999954280897312
#Wave (micron) Flux (Jy) Noise (Jy)
3.25574488757411 8.067489300488475e-06 3.683844703025942e-07
3.2575348875834607 8.79402297387426e-06 3.858737602029354e-07
3.259324887592811 1.0442221476973889e-05 4.1625145993028277e-07
3.2611148876021616 1.0357435679158989e-05 4.13524095118166e-07
3.262904887611512 9.581099999284105e-06 3.8601416317266535e-07
3.2646948876208626 8.728897066171639e-06 3.518112320271486e-07
3.266484887630213 8.821643832851723e-06 3.4419273881532807e-07
3.2682748876395635 9.30192364208705e-06 3.631777084057824e-07
3.270064887648914 1.3044680938078134e-05 4.259386484247024e-07
3.2718548876582645 1.1540013888841037e-05 4.221821194774525e-07
3.273644887667615 9.407695410986364e-06 3.4597516446277837e-07
3.2754348876769654 8.893722923744965e-06 3.505599056196169e-07
3.277224887686316 9.315574475623759e-06 3.520021531677872e-07
3.2790148876956664 1.1713959130841414e-05 4.065455267568071e-07
3.280804887705017 1.3609845171840284e-05 3.817318025485201e-07
3.2825948877143674 1.0356578523371726e-05 3.5165384957235444e-07
3.284384887723718 9.210194523752724e-06 3.571280243494502e-07
3.2861748877330683 9.060038044668339e-06 3.32391296221949e-07
3.287964887742419 9.482167544553462e-06 3.5916354519258415e-07
3.2897548877517693 1.2037480747538773e-05 3.6676021164060107e-07
3.2915448877611198 1.2478933013502691e-05 3.666619771940089e-07
3.2933348877704702 9.973285532822729e-06 3.374091543426843e-07
3.2951248877798207 8.78045552473945e-06 3.0222923035112574e-07
3.296914887789171 9.164827132874304e-06 2.9581193764125983e-07
3.2987048877985217 9.338074815039437e-06 3.5317600717234475e-07
3.300494887807872 1.2504245110814667e-05 3.592039205027779e-07
3.3022848878172226 1.3339486939295677e-05 3.4575420700532656e-07
3.304074887826573 1.0235760801265218e-05 2.9984518176094107e-07
3.3058648878359236 8.89301101820617e-06 2.636846504785005e-07
3.307654887845274 9.01975620569929e-06 2.7165402502936077e-07
3.3094448878546245 9.797640324951375e-06 2.902173374073891e-07
3.311234887863975 1.3988452496966433e-05 3.3129978991805733e-07
3.3130248878733255 1.894599052068912e-05 3.8427396208625745e-07
3.314814887882676 1.474155262011857e-05 3.161511472508639e-07
3.3166048878920265 1.062041484043876e-05 2.891852032633173e-07
3.318394887901377 9.625668513795943e-06 2.7161614340591733e-07
3.3201848879107274 9.942701389455195e-06 2.769571160840116e-07
3.321974887920078 1.1274297388002149e-05 2.8666789653622665e-07
3.3237648879294284 1.2102499062464752e-05 3.104254183204583e-07
3.325554887938779 1.2264883460614728e-05 3.025564636944657e-07
3.3273448879481293 1.1237783986035057e-05 3.0307705582729014e-07
