#Target name PANSTARRS (C/2017 K2)
#Obs. Start 2022-08-21 21:24:50.752
#Obs. End 2022-08-21 21:30:34.329
#Instrument used NIRSPEC
#Grating used G395M/F290LP
#Lower wavelength (um) 3.255
#Upper wavelength (um) 3.328
#Spectral plate scale (um) 0.001790000009350478
#Center pixel for extract (x,y) = 29,25
#Pixel scale (arcsec/pixel) 0.09999908561794624
#Aperture size (arcsec) 0.09999908561794624 0.09999908561794624
#X offset (arcsec) -0.09999908561794624
#Y offset (arcsec) -0.4999954280897312
#Wave (micron) Flux (Jy) Noise (Jy)
3.25574488757411 9.53381745698142e-06 4.502880985941896e-07
3.2575348875834607 1.017096753456372e-05 4.6358261511512235e-07
3.259324887592811 1.1927771083014288e-05 5.343561068903216e-07
3.2611148876021616 1.1287932979228832e-05 4.792540353934157e-07
3.262904887611512 9.655900290819969e-06 4.865017538100982e-07
3.2646948876208626 9.247408175374471e-06 4.5222530093387465e-07
3.266484887630213 1.0590634953076642e-05 5.541147357903317e-07
3.2682748876395635 1.2042283868409457e-05 5.829513931438715e-07
3.270064887648914 1.554540963565252e-05 6.119034325427812e-07
3.2718548876582645 1.2889796653066716e-05 4.963036238760813e-07
3.273644887667615 1.1530450684210329e-05 5.145802183157248e-07
3.2754348876769654 1.0076818475361376e-05 4.3259788478725613e-07
3.277224887686316 1.0284003609099451e-05 4.6255336692313246e-07
3.2790148876956664 1.3336085214340783e-05 5.644874079515732e-07
3.280804887705017 1.617897508055963e-05 5.691357521300216e-07
3.2825948877143674 1.2057672325288966e-05 4.672245185287132e-07
3.284384887723718 9.499981321939824e-06 4.706077789940747e-07
3.2861748877330683 1.0595665811991221e-05 4.4340723231933014e-07
3.287964887742419 1.1134587270923423e-05 4.6860677750011405e-07
3.2897548877517693 1.2971288318703364e-05 4.7487977260588716e-07
3.2915448877611198 1.3887751037666468e-05 5.034105750766545e-07
3.2933348877704702 1.1873327344819473e-05 4.926428356886733e-07
3.2951248877798207 1.099735089110104e-05 4.198302646634042e-07
3.296914887789171 1.0490802305448077e-05 4.428905348208686e-07
3.2987048877985217 1.051786816501935e-05 4.322788049590212e-07
3.300494887807872 1.6173859044030208e-05 5.265017221194996e-07
3.3022848878172226 1.6297474178329458e-05 5.019288768437147e-07
3.304074887826573 1.1573220606139268e-05 4.363215194845633e-07
3.3058648878359236 1.0268729917848359e-05 3.71866105309309e-07
3.307654887845274 1.0804062261073013e-05 3.7152858901049295e-07
3.3094448878546245 1.168385467193642e-05 4.086523278144678e-07
3.311234887863975 1.7521446019005875e-05 4.6750479210808044e-07
3.3130248878733255 2.2837420412053374e-05 5.012214543372803e-07
3.314814887882676 1.776808094090695e-05 4.1904766730808033e-07
3.3166048878920265 1.265715148194878e-05 3.8620570073025355e-07
3.318394887901377 1.1059331503299768e-05 3.602973881333272e-07
3.3201848879107274 1.1151191526179011e-05 3.441684183647742e-07
3.321974887920078 1.3279503069710166e-05 3.8443868550654133e-07
3.3237648879294284 1.3849419317774094e-05 3.793266556872904e-07
3.325554887938779 1.3177537395284635e-05 3.669139796505548e-07
3.3273448879481293 1.3361495938364682e-05 4.086354043673081e-07
