#Target name PANSTARRS (C/2017 K2)
#Obs. Start 2022-08-21 21:24:50.752
#Obs. End 2022-08-21 21:30:34.329
#Instrument used NIRSPEC
#Grating used G395M/F290LP
#Lower wavelength (um) 3.255
#Upper wavelength (um) 3.328
#Spectral plate scale (um) 0.001790000009350478
#Center pixel for extract (x,y) = 29,25
#Pixel scale (arcsec/pixel) 0.09999908561794624
#Aperture size (arcsec) 0.09999908561794624 0.09999908561794624
#X offset (arcsec) 0.5999945137076774
#Y offset (arcsec) 0.0
#Wave (micron) Flux (Jy) Noise (Jy)
3.25574488757411 8.083216674614413e-06 2.9377246612585847e-07
3.2575348875834607 8.67548352881319e-06 3.300500045528994e-07
3.259324887592811 1.023783016900267e-05 3.3011671767820917e-07
3.2611148876021616 1.079127037653651e-05 3.39593764030746e-07
3.262904887611512 9.181804376422257e-06 2.8938298904725745e-07
3.2646948876208626 8.686840842994437e-06 3.049525043962138e-07
3.266484887630213 8.655426442033803e-06 3.0496617764491237e-07
3.2682748876395635 9.285823279668744e-06 3.1080204907661685e-07
3.270064887648914 1.2804957058863495e-05 3.556619606918665e-07
3.2718548876582645 1.2078357036598778e-05 3.552191771894432e-07
3.273644887667615 9.892632194237431e-06 3.088673124047299e-07
3.2754348876769654 9.353076834529502e-06 3.139756997601882e-07
3.277224887686316 8.960044904481279e-06 3.353140652070646e-07
3.2790148876956664 1.0743592430779659e-05 3.4298167564218116e-07
3.280804887705017 1.3230884583764154e-05 3.50468844024801e-07
3.2825948877143674 1.1045476243487436e-05 3.3141259421982005e-07
3.284384887723718 9.118362295674113e-06 2.8705077551873724e-07
3.2861748877330683 8.817069346631409e-06 2.872432377017496e-07
3.287964887742419 9.31844989257957e-06 2.766463018466908e-07
3.2897548877517693 1.0865056606152505e-05 3.0961244842089424e-07
3.2915448877611198 1.2397740814427702e-05 3.1287130473826104e-07
3.2933348877704702 9.77218746042329e-06 2.8327973275422123e-07
3.2951248877798207 9.118980954139815e-06 2.790493472865017e-07
3.296914887789171 8.968578804882091e-06 2.671473166545414e-07
3.2987048877985217 8.826773318478226e-06 2.876986297326859e-07
3.300494887807872 1.2088118391259805e-05 3.2575895805355636e-07
3.3022848878172226 1.3819287960674939e-05 3.2628495784416523e-07
3.304074887826573 1.1214510771840486e-05 2.8055755144827093e-07
3.3058648878359236 9.816669900713813e-06 2.704496303668496e-07
3.307654887845274 9.635443317554051e-06 2.7084150343303274e-07
3.3094448878546245 9.866481769874105e-06 2.702795273077335e-07
3.311234887863975 1.4172943624290869e-05 3.2464629744071505e-07
3.3130248878733255 1.951816890688199e-05 3.6980046409250524e-07
3.314814887882676 1.6850762859369525e-05 3.1832331652412617e-07
3.3166048878920265 1.1489543910530274e-05 2.765738168172173e-07
3.318394887901377 9.93051112786143e-06 2.6517576307939656e-07
3.3201848879107274 1.041700083352206e-05 2.723260035611976e-07
3.321974887920078 1.1378241872911458e-05 2.8601763269238443e-07
3.3237648879294284 1.2164416912210437e-05 2.7606230282492225e-07
3.325554887938779 1.1802849593085282e-05 2.854991139620266e-07
3.3273448879481293 1.1704647872629348e-05 2.8445016844660417e-07
