#Target name PANSTARRS (C/2017 K2)
#Obs. Start 2022-08-21 21:24:50.752
#Obs. End 2022-08-21 21:30:34.329
#Instrument used NIRSPEC
#Grating used G395M/F290LP
#Lower wavelength (um) 3.255
#Upper wavelength (um) 3.328
#Spectral plate scale (um) 0.001790000009350478
#Center pixel for extract (x,y) = 29,25
#Pixel scale (arcsec/pixel) 0.09999908561794624
#Aperture size (arcsec) 0.09999908561794624 0.09999908561794624
#X offset (arcsec) -0.5999945137076774
#Y offset (arcsec) -0.19999817123589247
#Wave (micron) Flux (Jy) Noise (Jy)
3.25574488757411 1.1025542888401187e-05 3.5766147718135785e-07
3.2575348875834607 1.0511451152499007e-05 3.4817574495362315e-07
3.259324887592811 1.20282851515616e-05 3.6491014824241676e-07
3.2611148876021616 1.2300250999510561e-05 3.5685537192509526e-07
3.262904887611512 1.0994045103038653e-05 3.352480245366089e-07
3.2646948876208626 1.0657960236455162e-05 3.322694978365138e-07
3.266484887630213 1.050867436225512e-05 3.2732734692476083e-07
3.2682748876395635 1.1920965839891554e-05 3.509133366833116e-07
3.270064887648914 1.4313642698308246e-05 3.549878247007064e-07
3.2718548876582645 1.3382939178749834e-05 3.5356039917827684e-07
3.273644887667615 1.094000842418214e-05 3.310215897411567e-07
3.2754348876769654 1.01848084486725e-05 3.0408621443051603e-07
3.277224887686316 1.1031016670912951e-05 3.1120162735466895e-07
3.2790148876956664 1.3505983174726401e-05 3.6859856311674436e-07
3.280804887705017 1.5408343611059825e-05 3.7650102840962925e-07
3.2825948877143674 1.3445759911212858e-05 3.178170700948543e-07
3.284384887723718 1.1354841340597858e-05 2.871623189676486e-07
3.2861748877330683 1.1185788880115367e-05 2.957341009919064e-07
3.287964887742419 1.0936592353523693e-05 2.895521114430448e-07
3.2897548877517693 1.2551521376872047e-05 3.272404601538304e-07
3.2915448877611198 1.3639118476545704e-05 3.7627054450841213e-07
3.2933348877704702 1.1461490887233293e-05 3.4350170739596056e-07
3.2951248877798207 1.0490820237577516e-05 3.1051544321404093e-07
3.296914887789171 1.0766907785478419e-05 3.3098807907426446e-07
3.2987048877985217 1.1538470829102669e-05 3.6121573731230745e-07
3.300494887807872 1.3961895909871275e-05 3.977207896316269e-07
3.3022848878172226 1.4299227059450892e-05 3.97107959107992e-07
3.304074887826573 1.2245572350420073e-05 3.6417263338126476e-07
3.3058648878359236 1.1091593197376474e-05 3.349342402903494e-07
3.307654887845274 1.1055524512219514e-05 3.4145198094403533e-07
3.3094448878546245 1.183248243698599e-05 3.6884339272151403e-07
3.311234887863975 1.6389270542149188e-05 4.1350857261861893e-07
3.3130248878733255 2.071493770719691e-05 4.356358957229802e-07
3.314814887882676 1.721962496875114e-05 4.167745737688098e-07
3.3166048878920265 1.266501741052793e-05 3.7359795674794614e-07
3.318394887901377 1.1206891410041145e-05 3.7431877231355653e-07
3.3201848879107274 1.118702081740794e-05 3.737990487682519e-07
3.321974887920078 1.3225751511711762e-05 4.1361863106306105e-07
3.3237648879294284 1.3769073515208704e-05 4.385031591636864e-07
3.325554887938779 1.3285726415232552e-05 4.164612098068341e-07
3.3273448879481293 1.3502385092954131e-05 4.1829432173890646e-07
