#Target name PANSTARRS (C/2017 K2)
#Obs. Start 2022-08-21 21:24:50.752
#Obs. End 2022-08-21 21:30:34.329
#Instrument used NIRSPEC
#Grating used G395M/F290LP
#Lower wavelength (um) 3.255
#Upper wavelength (um) 3.328
#Spectral plate scale (um) 0.001790000009350478
#Center pixel for extract (x,y) = 29,25
#Pixel scale (arcsec/pixel) 0.09999908561794624
#Aperture size (arcsec) 0.09999908561794624 0.09999908561794624
#X offset (arcsec) 0.2999972568538387
#Y offset (arcsec) 0.5999945137076774
#Wave (micron) Flux (Jy) Noise (Jy)
3.25574488757411 8.47108235817078e-06 4.123815102643206e-07
3.2575348875834607 7.909550277226838e-06 3.824121307281277e-07
3.259324887592811 8.71398112090289e-06 3.9657167636190706e-07
3.2611148876021616 9.940424009016232e-06 4.1183270304657936e-07
3.262904887611512 9.096300396823258e-06 3.96141753558567e-07
3.2646948876208626 9.117423548697894e-06 3.588848126555907e-07
3.266484887630213 8.757639579845615e-06 4.0163584981071325e-07
3.2682748876395635 9.632896955173479e-06 3.8867218107796083e-07
3.270064887648914 1.2978686218704112e-05 4.658862773312988e-07
3.2718548876582645 1.1300099929054327e-05 4.08480039277076e-07
3.273644887667615 9.137631265364584e-06 3.8033458145661726e-07
3.2754348876769654 8.936369113980763e-06 3.941828925687919e-07
3.277224887686316 8.09587855121247e-06 3.861859193499643e-07
3.2790148876956664 1.0027106129519482e-05 4.488285913714327e-07
3.280804887705017 1.3158732867746676e-05 4.844192732029914e-07
3.2825948877143674 1.1387680449242555e-05 4.327203836464977e-07
3.284384887723718 9.75180311228161e-06 4.2467373282532893e-07
3.2861748877330683 9.038243334546147e-06 4.3625402182859053e-07
3.287964887742419 8.419131185968218e-06 3.9626139448467893e-07
3.2897548877517693 1.046645137027412e-05 4.4352040086747213e-07
3.2915448877611198 1.1208135899824328e-05 4.4243744034401694e-07
3.2933348877704702 9.26630953641141e-06 4.066091858163215e-07
3.2951248877798207 8.617674826528834e-06 4.626111420026741e-07
3.296914887789171 7.738732398600913e-06 4.6099685808768236e-07
3.2987048877985217 7.52941782449176e-06 3.972033356214546e-07
3.300494887807872 1.1549323353840161e-05 4.691528108415824e-07
3.3022848878172226 1.3654026352356205e-05 5.274927524606191e-07
3.304074887826573 1.002093209735306e-05 4.240342282591511e-07
3.3058648878359236 8.619731641775678e-06 4.13410029963552e-07
3.307654887845274 8.973042111899876e-06 3.964738902185509e-07
3.3094448878546245 8.800303702210855e-06 3.881199275290927e-07
3.311234887863975 1.284960806117076e-05 4.750657624109295e-07
3.3130248878733255 1.8306471608807708e-05 5.575034039134776e-07
3.314814887882676 1.570801459899462e-05 5.421323748222677e-07
3.3166048878920265 1.0580371498791274e-05 4.3740190226441134e-07
3.318394887901377 9.168853792540205e-06 4.0917126682910935e-07
3.3201848879107274 9.249877429598453e-06 4.1558032196701344e-07
3.321974887920078 1.049288063925025e-05 4.103312794712549e-07
3.3237648879294284 1.1660862095567595e-05 4.772015911031223e-07
3.325554887938779 1.1395523066053431e-05 4.493779869871711e-07
3.3273448879481293 1.1573866162799133e-05 4.210478002145212e-07
