#Target name PANSTARRS (C/2017 K2)
#Obs. Start 2022-08-21 21:24:50.752
#Obs. End 2022-08-21 21:30:34.329
#Instrument used NIRSPEC
#Grating used G395M/F290LP
#Lower wavelength (um) 3.255
#Upper wavelength (um) 3.328
#Spectral plate scale (um) 0.001790000009350478
#Center pixel for extract (x,y) = 29,25
#Pixel scale (arcsec/pixel) 0.09999908561794624
#Aperture size (arcsec) 0.09999908561794624 0.09999908561794624
#X offset (arcsec) 0.2999972568538387
#Y offset (arcsec) -0.6999935993256237
#Wave (micron) Flux (Jy) Noise (Jy)
3.25574488757411 6.643237092515113e-06 3.4820110210541037e-07
3.2575348875834607 7.061945142102959e-06 3.730995836442568e-07
3.259324887592811 8.176329256735088e-06 4.4094436641646327e-07
3.2611148876021616 8.173186651050611e-06 4.011230189276623e-07
3.262904887611512 6.953706360495845e-06 3.8478303842970674e-07
3.2646948876208626 7.134508400491099e-06 4.0641509853407853e-07
3.266484887630213 6.76472233814005e-06 4.329269673814446e-07
3.2682748876395635 8.339796755503282e-06 4.7477044265420354e-07
3.270064887648914 1.0782209271530141e-05 4.830545260767475e-07
3.2718548876582645 9.285428772821051e-06 4.646302717587412e-07
3.273644887667615 7.0636195546894814e-06 4.113713149598614e-07
3.2754348876769654 6.891323171991174e-06 4.171184783887391e-07
3.277224887686316 6.81276385782131e-06 4.77718540772154e-07
3.2790148876956664 8.142496708119377e-06 4.867072448059073e-07
3.280804887705017 1.0391554245239277e-05 4.638538385729125e-07
3.2825948877143674 9.296012315616933e-06 4.6746357622931917e-07
3.284384887723718 7.019504723052492e-06 3.9383775511496354e-07
3.2861748877330683 6.682459590937453e-06 4.316345651899129e-07
3.287964887742419 6.182232977518799e-06 3.71691323085167e-07
3.2897548877517693 8.703063143892939e-06 4.5133866920884254e-07
3.2915448877611198 1.0080402211430093e-05 5.204449772872e-07
3.2933348877704702 8.226272927046766e-06 4.2199562533126956e-07
3.2951248877798207 6.380039607559403e-06 3.7896369817983036e-07
3.296914887789171 6.375424325744611e-06 3.9925096065196096e-07
3.2987048877985217 7.837261380419141e-06 4.599736059514742e-07
3.300494887807872 9.733439715127892e-06 4.81283784332386e-07
3.3022848878172226 1.0020423721483416e-05 4.6599305755832757e-07
3.304074887826573 7.415596770989766e-06 4.3280449654115534e-07
3.3058648878359236 6.894915874124612e-06 3.588953477816371e-07
3.307654887845274 7.86012305224305e-06 3.6723992412209116e-07
3.3094448878546245 7.141324851194733e-06 3.5969088989290106e-07
3.311234887863975 1.2064447980398123e-05 4.787047518534862e-07
3.3130248878733255 1.781252751693859e-05 6.890814684045722e-07
3.314814887882676 1.2016276901081654e-05 4.5275813734883274e-07
3.3166048878920265 7.328706189481767e-06 3.7896621988553293e-07
3.318394887901377 7.650612121316523e-06 3.5617658478786145e-07
3.3201848879107274 7.827660518316606e-06 3.483456798990258e-07
3.321974887920078 8.740737651241312e-06 3.841388827174552e-07
3.3237648879294284 9.838399158563544e-06 3.828837177134651e-07
3.325554887938779 9.237541917756215e-06 3.134666794546435e-07
3.3273448879481293 8.597826649057428e-06 3.2494094474258704e-07
