#Target name PANSTARRS (C/2017 K2)
#Obs. Start 2022-08-21 21:24:50.752
#Obs. End 2022-08-21 21:30:34.329
#Instrument used NIRSPEC
#Grating used G395M/F290LP
#Lower wavelength (um) 3.255
#Upper wavelength (um) 3.328
#Spectral plate scale (um) 0.001790000009350478
#Center pixel for extract (x,y) = 29,25
#Pixel scale (arcsec/pixel) 0.09999908561794624
#Aperture size (arcsec) 0.09999908561794624 0.09999908561794624
#X offset (arcsec) -0.7999926849435699
#Y offset (arcsec) -0.2999972568538387
#Wave (micron) Flux (Jy) Noise (Jy)
3.25574488757411 7.066953137552503e-06 3.242994788497517e-07
3.2575348875834607 7.585654775630642e-06 3.6473057477743985e-07
3.259324887592811 9.041894316100267e-06 3.4895587664114903e-07
3.2611148876021616 8.746885681820047e-06 3.237169368135002e-07
3.262904887611512 7.547274638988778e-06 2.954109303966429e-07
3.2646948876208626 7.269028062703221e-06 3.4813649040151947e-07
3.266484887630213 7.823422259523304e-06 3.3563384550910573e-07
3.2682748876395635 8.827371354995073e-06 3.25623542457327e-07
3.270064887648914 1.1173838909056103e-05 3.6998726644716296e-07
3.2718548876582645 1.0499892998468024e-05 3.3819029471249113e-07
3.273644887667615 8.686301085898273e-06 3.044613601822053e-07
3.2754348876769654 7.894895244441451e-06 2.895756753818879e-07
3.277224887686316 8.006113897658368e-06 2.9036410067928004e-07
3.2790148876956664 9.09765965223486e-06 2.8009196051871533e-07
3.280804887705017 1.1231200204710916e-05 3.153060956509724e-07
3.2825948877143674 9.642758729759373e-06 3.024622639769977e-07
3.284384887723718 8.226599291802587e-06 2.8776761239312796e-07
3.2861748877330683 8.113640325423452e-06 2.5760714360258295e-07
3.287964887742419 7.958933568493496e-06 2.6708074362399295e-07
3.2897548877517693 9.526458111058972e-06 2.958263393827169e-07
3.2915448877611198 1.0803153998716841e-05 3.0923632200587617e-07
3.2933348877704702 9.368312868308766e-06 2.8260360741745125e-07
3.2951248877798207 8.351499263176262e-06 2.67752638098973e-07
3.296914887789171 7.847796506465535e-06 2.580733509490881e-07
3.2987048877985217 7.966531411737507e-06 2.512566760938358e-07
3.300494887807872 1.026041837585261e-05 2.928650443382561e-07
3.3022848878172226 1.078343044954505e-05 2.970497869327587e-07
3.304074887826573 9.068939553722685e-06 2.5570687024196484e-07
3.3058648878359236 8.199580055767859e-06 2.529801778847021e-07
3.307654887845274 8.524976476598238e-06 2.409226420677485e-07
3.3094448878546245 8.734056139811719e-06 2.480491224780406e-07
3.311234887863975 1.1551473416160096e-05 2.8396667340656017e-07
3.3130248878733255 1.4452167501630941e-05 3.0672190123086735e-07
3.314814887882676 1.2526376944970341e-05 2.939225916720196e-07
3.3166048878920265 9.634135168711356e-06 2.694007969272362e-07
3.318394887901377 8.470802616951505e-06 2.54404745474002e-07
3.3201848879107274 8.780711954190452e-06 2.547466607483215e-07
3.321974887920078 9.723893546020153e-06 2.729485846802158e-07
3.3237648879294284 1.0111466935866637e-05 2.660024062276592e-07
3.325554887938779 9.96594411902972e-06 2.7197643911291355e-07
3.3273448879481293 9.625223796985816e-06 2.7408279186733817e-07
