#Target name PANSTARRS (C/2017 K2)
#Obs. Start 2022-08-21 21:24:50.752
#Obs. End 2022-08-21 21:30:34.329
#Instrument used NIRSPEC
#Grating used G395M/F290LP
#Lower wavelength (um) 3.255
#Upper wavelength (um) 3.328
#Spectral plate scale (um) 0.001790000009350478
#Center pixel for extract (x,y) = 29,25
#Pixel scale (arcsec/pixel) 0.09999908561794624
#Aperture size (arcsec) 0.09999908561794624 0.09999908561794624
#X offset (arcsec) -0.19999817123589247
#Y offset (arcsec) 0.2999972568538387
#Wave (micron) Flux (Jy) Noise (Jy)
3.25574488757411 1.708037301757963e-05 3.595308456376431e-07
3.2575348875834607 1.7400004258794834e-05 3.7790556244806965e-07
3.259324887592811 2.0343991884374285e-05 4.1798737411699627e-07
3.2611148876021616 2.0451837504043412e-05 3.8491657675613514e-07
3.262904887611512 1.860837694007081e-05 3.810179917209725e-07
3.2646948876208626 1.7616098971045503e-05 3.8473277242936833e-07
3.266484887630213 1.7923276348364162e-05 3.959229815793908e-07
3.2682748876395635 1.984003987106433e-05 4.2197461111708125e-07
3.270064887648914 2.4840977234459328e-05 4.633742942051359e-07
3.2718548876582645 2.3539002423928943e-05 4.5128100620510987e-07
3.273644887667615 1.8889527624719284e-05 4.395240577079055e-07
3.2754348876769654 1.8159781410344203e-05 4.213187434827888e-07
3.277224887686316 1.875713112663294e-05 4.023029250259061e-07
3.2790148876956664 2.2133467772665752e-05 4.4439467623456147e-07
3.280804887705017 2.577694652382799e-05 4.7624261444337795e-07
3.2825948877143674 2.3781729934824896e-05 4.6846225574440313e-07
3.284384887723718 2.0071511384310377e-05 4.405492151328667e-07
3.2861748877330683 1.913930246248542e-05 4.3008066211702217e-07
3.287964887742419 1.971002296655476e-05 4.44516166411522e-07
3.2897548877517693 2.258464194260593e-05 4.93883122629018e-07
3.2915448877611198 2.4235411016460878e-05 5.357283070578643e-07
3.2933348877704702 2.1174383968448065e-05 5.048113545754934e-07
3.2951248877798207 1.8029690984103926e-05 4.681697378829023e-07
3.296914887789171 1.7143271754805716e-05 4.64429459927958e-07
3.2987048877985217 1.8598734834070563e-05 4.819750679223238e-07
3.300494887807872 2.387797346674591e-05 5.644717173383126e-07
3.3022848878172226 2.6225915041846965e-05 5.972894755413946e-07
3.304074887826573 2.1102411573724997e-05 5.311733220283163e-07
3.3058648878359236 1.8363402533355942e-05 5.037925854716452e-07
3.307654887845274 1.891852567123779e-05 4.979726007858672e-07
3.3094448878546245 1.936053831624673e-05 4.853714132383865e-07
3.311234887863975 2.6719376759434126e-05 5.560219298321559e-07
3.3130248878733255 3.593301425203946e-05 6.462083246555396e-07
3.314814887882676 3.186094326154168e-05 6.31542476554584e-07
3.3166048878920265 2.256230209574874e-05 5.592629941148433e-07
3.318394887901377 2.018167562831618e-05 5.318154043381013e-07
3.3201848879107274 2.0368401098968924e-05 5.110607016855665e-07
3.321974887920078 2.2070565449013774e-05 5.412128488472929e-07
3.3237648879294284 2.402759915479885e-05 5.877042480142163e-07
3.325554887938779 2.513834035733511e-05 5.994289466973798e-07
3.3273448879481293 2.4091191865434297e-05 5.779511869630545e-07
