#Target name PANSTARRS (C/2017 K2)
#Obs. Start 2022-08-21 21:24:50.752
#Obs. End 2022-08-21 21:30:34.329
#Instrument used NIRSPEC
#Grating used G395M/F290LP
#Lower wavelength (um) 3.255
#Upper wavelength (um) 3.328
#Spectral plate scale (um) 0.001790000009350478
#Center pixel for extract (x,y) = 29,25
#Pixel scale (arcsec/pixel) 0.09999908561794624
#Aperture size (arcsec) 0.09999908561794624 0.09999908561794624
#X offset (arcsec) -0.19999817123589247
#Y offset (arcsec) 0.0
#Wave (micron) Flux (Jy) Noise (Jy)
3.25574488757411 3.559327212765654e-05 5.352872327115284e-07
3.2575348875834607 3.799176616886379e-05 5.917153851805715e-07
3.259324887592811 4.273877740652713e-05 6.099877767773773e-07
3.2611148876021616 4.2412853781091195e-05 6.04606624921755e-07
3.262904887611512 3.852300191711772e-05 5.544270910700264e-07
3.2646948876208626 3.544422744059748e-05 5.113076046928027e-07
3.266484887630213 3.615102949535322e-05 5.272860286309108e-07
3.2682748876395635 4.1396855191241764e-05 5.834221675795937e-07
3.270064887648914 5.120088114748697e-05 6.843211604929285e-07
3.2718548876582645 4.675006206464693e-05 6.2618345967124e-07
3.273644887667615 3.8110311890170164e-05 5.625266977109496e-07
3.2754348876769654 3.657461149772304e-05 5.564778542231849e-07
3.277224887686316 3.782034577068865e-05 5.483745490805645e-07
3.2790148876956664 4.374105433092856e-05 6.161020164996959e-07
3.280804887705017 5.246798693231997e-05 7.134793073045969e-07
3.2825948877143674 4.3595535100517524e-05 6.427544284115533e-07
3.284384887723718 3.8226634027425894e-05 5.646755832348913e-07
3.2861748877330683 3.770174266656807e-05 5.685793517762205e-07
3.287964887742419 3.7252689867540726e-05 5.6448101963046e-07
3.2897548877517693 4.243093654041916e-05 6.438351754377805e-07
3.2915448877611198 4.5462621245028205e-05 6.982700596436846e-07
3.2933348877704702 3.991363138238983e-05 6.434797270095237e-07
3.2951248877798207 3.56772769812343e-05 6.237927705893718e-07
3.296914887789171 3.497485395248797e-05 6.378487581756312e-07
3.2987048877985217 3.665340886091123e-05 6.678678153141652e-07
3.300494887807872 4.52908924142267e-05 7.77181011664298e-07
3.3022848878172226 4.861530119982522e-05 7.78375683750378e-07
3.304074887826573 4.0773961156564804e-05 6.620126948622643e-07
3.3058648878359236 3.5729355471555894e-05 6.075310750440057e-07
3.307654887845274 3.630816515921592e-05 6.0960257222183e-07
3.3094448878546245 3.7897855606983e-05 6.273719115499203e-07
3.311234887863975 5.3424095796263455e-05 7.812616358322357e-07
3.3130248878733255 6.951125299444803e-05 9.059928770754558e-07
3.314814887882676 5.9438847616142e-05 8.317863631756973e-07
3.3166048878920265 4.253448382866137e-05 7.08792296972042e-07
3.318394887901377 3.8374911219344895e-05 6.941962160621915e-07
3.3201848879107274 4.023574980995845e-05 7.018924058286041e-07
3.321974887920078 4.26810897461165e-05 7.094929388920317e-07
3.3237648879294284 4.536491265813189e-05 7.228187525826289e-07
3.325554887938779 4.606037084780347e-05 7.253220218146417e-07
3.3273448879481293 4.269251609899609e-05 7.183649159707071e-07
