#Target name PANSTARRS (C/2017 K2)
#Obs. Start 2022-08-21 21:24:50.752
#Obs. End 2022-08-21 21:30:34.329
#Instrument used NIRSPEC
#Grating used G395M/F290LP
#Lower wavelength (um) 3.255
#Upper wavelength (um) 3.328
#Spectral plate scale (um) 0.001790000009350478
#Center pixel for extract (x,y) = 29,25
#Pixel scale (arcsec/pixel) 0.09999908561794624
#Aperture size (arcsec) 0.09999908561794624 0.09999908561794624
#X offset (arcsec) 0.5999945137076774
#Y offset (arcsec) 0.39999634247178495
#Wave (micron) Flux (Jy) Noise (Jy)
3.25574488757411 6.989156387187103e-06 3.741275709833954e-07
3.2575348875834607 6.800882028853923e-06 4.523306241753863e-07
3.259324887592811 8.99372861642263e-06 4.2314420624089667e-07
3.2611148876021616 9.294298004042405e-06 4.08738514111592e-07
3.262904887611512 8.68446573245002e-06 4.2215925601241567e-07
3.2646948876208626 7.805295566478204e-06 4.073743273643931e-07
3.266484887630213 6.9154145395914766e-06 3.326749881134909e-07
3.2682748876395635 8.756851462756698e-06 4.152824244666804e-07
3.270064887648914 1.096788391939766e-05 4.2972807162189505e-07
3.2718548876582645 1.093814258611384e-05 4.018420412803286e-07
3.273644887667615 8.088765772069827e-06 3.2887354478578256e-07
3.2754348876769654 7.569505099856376e-06 3.325169892417472e-07
3.277224887686316 7.662674168184788e-06 3.518662332304174e-07
3.2790148876956664 9.146623331672608e-06 3.4456163634066534e-07
3.280804887705017 1.1444613167003734e-05 3.963877039214267e-07
3.2825948877143674 9.526805097763647e-06 3.6551902809378426e-07
3.284384887723718 7.945315909396252e-06 3.176924137762894e-07
3.2861748877330683 7.804346956830792e-06 3.1525532530949346e-07
3.287964887742419 8.167862601819677e-06 3.3272749563000935e-07
3.2897548877517693 9.821666688582456e-06 3.884193660717996e-07
3.2915448877611198 1.0510568891730527e-05 3.4878347602794837e-07
3.2933348877704702 8.663065529175527e-06 3.373539570067497e-07
3.2951248877798207 7.718969398744353e-06 3.3518237613148466e-07
3.296914887789171 7.113504497277243e-06 3.0203136051032885e-07
3.2987048877985217 7.363124670426953e-06 3.216806314397032e-07
3.300494887807872 9.881807464300571e-06 3.4749552884982454e-07
3.3022848878172226 1.0952106335309288e-05 3.5148343830476356e-07
3.304074887826573 8.540941451439266e-06 3.0908487956895926e-07
3.3058648878359236 7.935970580138247e-06 3.261802230006508e-07
3.307654887845274 7.978922513181009e-06 3.3281256116904353e-07
3.3094448878546245 8.176678933259179e-06 4.400233554370191e-07
3.311234887863975 1.1205071298902917e-05 3.59420114738347e-07
3.3130248878733255 1.618858311551394e-05 4.5167898740288377e-07
3.314814887882676 1.3832940587424591e-05 3.871355937175612e-07
3.3166048878920265 9.719195328106697e-06 3.1617008806258563e-07
3.318394887901377 8.418746541791716e-06 3.21414983753411e-07
3.3201848879107274 8.729485240017293e-06 4.095662219800401e-07
3.321974887920078 9.764456022814945e-06 4.1930513346031517e-07
3.3237648879294284 1.0434154708545003e-05 3.644306879314969e-07
3.325554887938779 9.85535936658853e-06 3.4743405526858576e-07
3.3273448879481293 9.702721080789554e-06 3.3003904914256925e-07
