#Target name PANSTARRS (C/2017 K2)
#Obs. Start 2022-08-21 21:24:50.752
#Obs. End 2022-08-21 21:30:34.329
#Instrument used NIRSPEC
#Grating used G395M/F290LP
#Lower wavelength (um) 3.255
#Upper wavelength (um) 3.328
#Spectral plate scale (um) 0.001790000009350478
#Center pixel for extract (x,y) = 29,25
#Pixel scale (arcsec/pixel) 0.09999908561794624
#Aperture size (arcsec) 0.09999908561794624 0.09999908561794624
#X offset (arcsec) 0.39999634247178495
#Y offset (arcsec) 0.09999908561794624
#Wave (micron) Flux (Jy) Noise (Jy)
3.25574488757411 1.181680347960954e-05 3.679014796036906e-07
3.2575348875834607 1.2392910795362859e-05 3.619441740329301e-07
3.259324887592811 1.3854386517629158e-05 3.8040462883724484e-07
3.2611148876021616 1.5103520722336721e-05 4.162862874879308e-07
3.262904887611512 1.3200681498147234e-05 3.829358049456998e-07
3.2646948876208626 1.3053501752549999e-05 3.457316517487645e-07
3.266484887630213 1.293046492942521e-05 3.496880959203256e-07
3.2682748876395635 1.5120627973823123e-05 3.8028347488771135e-07
3.270064887648914 1.8937228882244407e-05 4.1558886774745003e-07
3.2718548876582645 1.7324420333202413e-05 3.850965705053959e-07
3.273644887667615 1.3927922594039455e-05 3.350548618797902e-07
3.2754348876769654 1.2770538129615075e-05 3.317218954337193e-07
3.277224887686316 1.3070642178475862e-05 3.274832723940379e-07
3.2790148876956664 1.5470718730106246e-05 3.72996698051591e-07
3.280804887705017 1.926431988930693e-05 4.0602633557159523e-07
3.2825948877143674 1.6658819139049548e-05 3.557323723188734e-07
3.284384887723718 1.3868734014394638e-05 3.1879285812594925e-07
3.2861748877330683 1.3240860227371998e-05 3.1095999191045596e-07
3.287964887742419 1.3515367058062703e-05 3.204571278517568e-07
3.2897548877517693 1.5866271020947357e-05 3.523291343405569e-07
3.2915448877611198 1.7873746013636093e-05 4.1353334137240886e-07
3.2933348877704702 1.513809745432422e-05 3.61411673845399e-07
3.2951248877798207 1.3180741866815682e-05 3.986612737828855e-07
3.296914887789171 1.3054411808119114e-05 3.5110977755754367e-07
3.2987048877985217 1.3019152758606398e-05 3.1691205793714555e-07
3.300494887807872 1.7112372902566503e-05 3.690870455302891e-07
3.3022848878172226 1.9404290918869018e-05 3.720243283326707e-07
3.304074887826573 1.599946011915498e-05 3.1967803286546425e-07
3.3058648878359236 1.3509615327544608e-05 3.0279840734715347e-07
3.307654887845274 1.3216503015952737e-05 2.9748556569711924e-07
3.3094448878546245 1.3541287054562718e-05 3.105686231854134e-07
3.311234887863975 1.976270038999967e-05 3.650281640692982e-07
3.3130248878733255 2.760488682976969e-05 4.1677874859269517e-07
3.314814887882676 2.4134031722668054e-05 3.900385813223876e-07
3.3166048878920265 1.670663874862898e-05 3.3263881564613477e-07
3.318394887901377 1.3863662808188818e-05 3.062323540971371e-07
3.3201848879107274 1.4018244040212689e-05 3.0323785659425885e-07
3.321974887920078 1.622668709736242e-05 3.356490598001781e-07
3.3237648879294284 1.7672798571123954e-05 3.4253875204499663e-07
3.325554887938779 1.7259622583468556e-05 3.301743526629896e-07
3.3273448879481293 1.6136990585900192e-05 3.223968238781922e-07
