#Target name PANSTARRS (C/2017 K2)
#Obs. Start 2022-08-21 21:24:50.752
#Obs. End 2022-08-21 21:30:34.329
#Instrument used NIRSPEC
#Grating used G395M/F290LP
#Lower wavelength (um) 3.255
#Upper wavelength (um) 3.328
#Spectral plate scale (um) 0.001790000009350478
#Center pixel for extract (x,y) = 29,25
#Pixel scale (arcsec/pixel) 0.09999908561794624
#Aperture size (arcsec) 0.09999908561794624 0.09999908561794624
#X offset (arcsec) -0.2999972568538387
#Y offset (arcsec) -0.5999945137076774
#Wave (micron) Flux (Jy) Noise (Jy)
3.25574488757411 7.693692269084783e-06 4.02977593377159e-07
3.2575348875834607 8.208158786492274e-06 3.532442053021238e-07
3.259324887592811 8.996332361617416e-06 4.039408289176454e-07
3.2611148876021616 9.610420824132544e-06 3.9293663759161763e-07
3.262904887611512 7.933654645620985e-06 3.837647176290947e-07
3.2646948876208626 7.657170797659447e-06 4.382783631097763e-07
3.266484887630213 7.565531339972324e-06 4.1188428593767356e-07
3.2682748876395635 8.722470190980103e-06 4.608044239236222e-07
3.270064887648914 1.2588219479772378e-05 5.498224004191851e-07
3.2718548876582645 1.0473923688612046e-05 5.183470302184508e-07
3.273644887667615 7.766204420904019e-06 4.4299899618503244e-07
3.2754348876769654 8.099326003097437e-06 4.5006400301408574e-07
3.277224887686316 8.067717038532371e-06 5.020456598366971e-07
3.2790148876956664 9.88138785247166e-06 4.952794190954966e-07
3.280804887705017 1.3569570505723013e-05 6.272134923938929e-07
3.2825948877143674 1.0045124333181466e-05 4.6667128431651634e-07
3.284384887723718 8.775845174260254e-06 5.047381130343091e-07
3.2861748877330683 8.38618179472746e-06 4.811133170268906e-07
3.287964887742419 7.782805986340189e-06 4.663478615506825e-07
3.2897548877517693 1.0126730764446535e-05 5.598791308748438e-07
3.2915448877611198 1.1283533331270564e-05 5.221739707927075e-07
3.2933348877704702 8.486965741822852e-06 4.846051509322249e-07
3.2951248877798207 8.727253586508401e-06 4.852624755520344e-07
3.296914887789171 6.655399559308247e-06 4.370599309521873e-07
3.2987048877985217 7.771501571940791e-06 4.983792118209343e-07
3.300494887807872 1.2220323015561139e-05 5.844821805811552e-07
3.3022848878172226 1.377246268767299e-05 5.930435955930801e-07
3.304074887826573 9.145296354093997e-06 4.7325321638980943e-07
3.3058648878359236 7.972882075378921e-06 4.590435168315007e-07
3.307654887845274 7.858362117131975e-06 4.0495037978620283e-07
3.3094448878546245 8.317007708803607e-06 4.288777804779326e-07
3.311234887863975 1.17143186700367e-05 4.786707368454534e-07
3.3130248878733255 1.8638802384092796e-05 6.184022604036977e-07
3.314814887882676 1.3510464413873624e-05 4.918123539439523e-07
3.3166048878920265 1.0535966166657347e-05 4.4908042571426503e-07
3.318394887901377 9.06353122348338e-06 4.072896540906904e-07
3.3201848879107274 8.790621248919365e-06 4.0393769079499335e-07
3.321974887920078 1.0012135491255937e-05 4.149927085004046e-07
3.3237648879294284 1.084562714390354e-05 4.3005194269096487e-07
3.325554887938779 1.0475167281788757e-05 4.5132608869928187e-07
3.3273448879481293 1.0034252083101588e-05 4.182715423307264e-07
