#Target name PANSTARRS (C/2017 K2)
#Obs. Start 2022-08-21 21:24:50.752
#Obs. End 2022-08-21 21:30:34.329
#Instrument used NIRSPEC
#Grating used G395M/F290LP
#Lower wavelength (um) 3.255
#Upper wavelength (um) 3.328
#Spectral plate scale (um) 0.001790000009350478
#Center pixel for extract (x,y) = 29,25
#Pixel scale (arcsec/pixel) 0.09999908561794624
#Aperture size (arcsec) 0.09999908561794624 0.09999908561794624
#X offset (arcsec) -0.6999935993256237
#Y offset (arcsec) -0.09999908561794624
#Wave (micron) Flux (Jy) Noise (Jy)
3.25574488757411 9.718793648407226e-06 3.218257696123636e-07
3.2575348875834607 1.048692717227595e-05 3.171651811517815e-07
3.259324887592811 1.1368611422795347e-05 3.424715065595941e-07
3.2611148876021616 1.1293299168963953e-05 3.384285959013863e-07
3.262904887611512 9.849676674768783e-06 3.2017766682200487e-07
3.2646948876208626 9.449843088023713e-06 2.936049408103495e-07
3.266484887630213 9.664717518865945e-06 3.097843166740021e-07
3.2682748876395635 1.1160849771095755e-05 3.166661636121904e-07
3.270064887648914 1.3120776825966087e-05 3.5938943398563205e-07
3.2718548876582645 1.241540306532029e-05 3.4120104320767494e-07
3.273644887667615 1.0001542982395335e-05 3.154038817943285e-07
3.2754348876769654 9.597648664938427e-06 2.6921438683791e-07
3.277224887686316 1.0213957125078308e-05 2.9614830516303363e-07
3.2790148876956664 1.1133203807137077e-05 3.162299645635461e-07
3.280804887705017 1.3450933330556492e-05 3.353797976690455e-07
3.2825948877143674 1.206247992919201e-05 3.2662124130908227e-07
3.284384887723718 1.0950795496647174e-05 3.118553935675426e-07
3.2861748877330683 9.833288501672954e-06 2.873848735053787e-07
3.287964887742419 1.0065194869057933e-05 2.707028936762468e-07
3.2897548877517693 1.1882174160879028e-05 3.077798408299623e-07
3.2915448877611198 1.2898054398674144e-05 3.393533334014798e-07
3.2933348877704702 1.114197082522062e-05 3.6472659608622017e-07
3.2951248877798207 9.319465747712383e-06 3.2153711836627333e-07
3.296914887789171 9.147544146519385e-06 2.78863105310889e-07
3.2987048877985217 9.805381625230913e-06 3.0514516271189205e-07
3.300494887807872 1.2526940013834779e-05 3.4285668309618925e-07
3.3022848878172226 1.3310175080511959e-05 3.5509300784745677e-07
3.304074887826573 1.1338302537614729e-05 3.1535358777503786e-07
3.3058648878359236 1.0197592263750754e-05 3.0671660564889193e-07
3.307654887845274 9.967979415721236e-06 2.96452478908671e-07
3.3094448878546245 1.0852120367974006e-05 3.0040774628423753e-07
3.311234887863975 1.4943619924114278e-05 3.468739283941351e-07
3.3130248878733255 1.946393497460163e-05 3.981493114873544e-07
3.314814887882676 1.6569777150311908e-05 3.741511629411908e-07
3.3166048878920265 1.1799535735564647e-05 3.1359326908091377e-07
3.318394887901377 1.0382783640729847e-05 2.8972510045424275e-07
3.3201848879107274 1.0768189036126954e-05 3.06243393564324e-07
3.321974887920078 1.1914116663051691e-05 3.115230047369885e-07
3.3237648879294284 1.2781622875428824e-05 3.3129096394809827e-07
3.325554887938779 1.2778510754364396e-05 3.48693591229127e-07
3.3273448879481293 1.2468269672730796e-05 3.27197226910507e-07
