#Target name PANSTARRS (C/2017 K2)
#Obs. Start 2022-08-21 21:24:50.752
#Obs. End 2022-08-21 21:30:34.329
#Instrument used NIRSPEC
#Grating used G395M/F290LP
#Lower wavelength (um) 3.255
#Upper wavelength (um) 3.328
#Spectral plate scale (um) 0.001790000009350478
#Center pixel for extract (x,y) = 29,25
#Pixel scale (arcsec/pixel) 0.09999908561794624
#Aperture size (arcsec) 0.09999908561794624 0.09999908561794624
#X offset (arcsec) 0.0
#Y offset (arcsec) -0.39999634247178495
#Wave (micron) Flux (Jy) Noise (Jy)
3.25574488757411 1.223049142956047e-05 4.3729890459593646e-07
3.2575348875834607 1.2805475297404331e-05 4.082388241171468e-07
3.259324887592811 1.4579551072932152e-05 4.5900473860158535e-07
3.2611148876021616 1.5593634511357313e-05 4.705577931832588e-07
3.262904887611512 1.2963742478634731e-05 4.170051417268836e-07
3.2646948876208626 1.2750959830691752e-05 4.1991734756700055e-07
3.266484887630213 1.239662364276355e-05 3.9086343125770607e-07
3.2682748876395635 1.4334531835893681e-05 4.50747637430059e-07
3.270064887648914 2.046977680633586e-05 5.613116278276308e-07
3.2718548876582645 1.74769492330118e-05 5.256469759621292e-07
3.273644887667615 1.267546735895948e-05 4.3691734250418177e-07
3.2754348876769654 1.3138514391802323e-05 4.175349801139509e-07
3.277224887686316 1.3949581019977895e-05 4.3307703688970123e-07
3.2790148876956664 1.5143842908597012e-05 4.991417195874943e-07
3.280804887705017 2.1806961353022997e-05 5.691954885362209e-07
3.2825948877143674 1.6073347665302312e-05 4.78242439141344e-07
3.284384887723718 1.2423962070702319e-05 4.160779665779443e-07
3.2861748877330683 1.2332392548320016e-05 4.292229459507132e-07
3.287964887742419 1.402721279475244e-05 4.370258038683456e-07
3.2897548877517693 1.6594046494296908e-05 4.7607057807655656e-07
3.2915448877611198 2.010151004365167e-05 5.229907232508255e-07
3.2933348877704702 1.5044753547733764e-05 4.5327388220291774e-07
3.2951248877798207 1.1915426605107333e-05 4.4829746411256186e-07
3.296914887789171 1.2634226151065356e-05 4.162998486608203e-07
3.2987048877985217 1.3810537978114364e-05 4.254624102932914e-07
3.300494887807872 1.996139197062817e-05 5.276855788900107e-07
3.3022848878172226 2.273135724605065e-05 5.603182438945222e-07
3.304074887826573 1.6269155759516755e-05 4.7551434583646874e-07
3.3058648878359236 1.3991440886337721e-05 4.203066148706243e-07
3.307654887845274 1.3994325269358252e-05 4.062381028127087e-07
3.3094448878546245 1.4198138266155009e-05 3.9411379783254083e-07
3.311234887863975 2.0849052103283673e-05 4.999256898714785e-07
3.3130248878733255 3.3577636222859356e-05 6.483640468038306e-07
3.314814887882676 2.358776884994284e-05 5.277348922459725e-07
3.3166048878920265 1.5990563989739464e-05 4.3260133111838297e-07
3.318394887901377 1.379407269686194e-05 4.116655699964019e-07
3.3201848879107274 1.438269843217779e-05 4.210731293473561e-07
3.321974887920078 1.700532884908337e-05 4.764909744361312e-07
3.3237648879294284 1.8140676519638116e-05 4.863056771822453e-07
3.325554887938779 1.589328756716267e-05 5.329763416056711e-07
3.3273448879481293 1.770380142971393e-05 4.6073359201233156e-07
