#Target name PANSTARRS (C/2017 K2)
#Obs. Start 2022-08-21 21:24:50.752
#Obs. End 2022-08-21 21:30:34.329
#Instrument used NIRSPEC
#Grating used G395M/F290LP
#Lower wavelength (um) 3.255
#Upper wavelength (um) 3.328
#Spectral plate scale (um) 0.001790000009350478
#Center pixel for extract (x,y) = 29,25
#Pixel scale (arcsec/pixel) 0.09999908561794624
#Aperture size (arcsec) 0.09999908561794624 0.09999908561794624
#X offset (arcsec) -0.09999908561794624
#Y offset (arcsec) 0.4999954280897312
#Wave (micron) Flux (Jy) Noise (Jy)
3.25574488757411 1.1762406364951271e-05 2.919669248428011e-07
3.2575348875834607 1.1579001028064468e-05 3.092512000695215e-07
3.259324887592811 1.3326305927550314e-05 2.960624270743842e-07
3.2611148876021616 1.3971234066277503e-05 3.017281113901158e-07
3.262904887611512 1.2476995446916627e-05 2.878548073725332e-07
3.2646948876208626 1.1890480323235944e-05 2.8719966823099927e-07
3.266484887630213 1.2157528284685803e-05 2.8790249562926446e-07
3.2682748876395635 1.339239030757154e-05 3.023927769754151e-07
3.270064887648914 1.6545459389577416e-05 3.314889738836564e-07
3.2718548876582645 1.6500195108443278e-05 3.331746220700315e-07
3.273644887667615 1.3551016131390753e-05 3.1578463133646796e-07
3.2754348876769654 1.2679476983102413e-05 3.0995142170522736e-07
3.277224887686316 1.2453379729049737e-05 2.8941030752570226e-07
3.2790148876956664 1.4437089270590756e-05 3.1337144303594215e-07
3.280804887705017 1.8147096221977872e-05 3.5056032590390067e-07
3.2825948877143674 1.6562484153268388e-05 3.332384492432594e-07
3.284384887723718 1.3209713015140027e-05 3.059358855633688e-07
3.2861748877330683 1.2523268410331801e-05 2.9614312165686716e-07
3.287964887742419 1.2653197447407112e-05 2.97651942235586e-07
3.2897548877517693 1.4864688966561757e-05 3.2072902376440096e-07
3.2915448877611198 1.6435868973713713e-05 3.406971783893444e-07
3.2933348877704702 1.4498845731171475e-05 3.3423455101473635e-07
3.2951248877798207 1.2580210094157701e-05 3.277745013837353e-07
3.296914887789171 1.1840622727145581e-05 3.199428680021411e-07
3.2987048877985217 1.191879874204865e-05 3.2306395513128956e-07
3.300494887807872 1.6158485829460724e-05 3.742469877578894e-07
3.3022848878172226 1.913748593777308e-05 3.9704956761150087e-07
3.304074887826573 1.5503416174928362e-05 3.6344374835740605e-07
3.3058648878359236 1.2160880696284736e-05 3.3621969378172287e-07
3.307654887845274 1.1785284175691676e-05 3.440742186473062e-07
3.3094448878546245 1.2881443867173252e-05 3.519059921236616e-07
3.311234887863975 1.7675031121239316e-05 3.7207083979340745e-07
3.3130248878733255 2.4295155492118354e-05 4.3630888293709805e-07
3.314814887882676 2.2109456651344696e-05 4.182476421644562e-07
3.3166048878920265 1.5191207042088649e-05 3.659391162448842e-07
3.318394887901377 1.3187586560623187e-05 3.4461663754393417e-07
3.3201848879107274 1.3662180091612876e-05 3.3426399893355215e-07
3.321974887920078 1.5960907834070488e-05 3.638656577404023e-07
3.3237648879294284 1.720951662738544e-05 3.707746550433218e-07
3.325554887938779 1.6457446705069668e-05 3.711429641706618e-07
3.3273448879481293 1.5912742134392852e-05 3.8536958717613007e-07
