#Target name PANSTARRS (C/2017 K2)
#Obs. Start 2022-08-21 21:24:50.752
#Obs. End 2022-08-21 21:30:34.329
#Instrument used NIRSPEC
#Grating used G395M/F290LP
#Lower wavelength (um) 3.255
#Upper wavelength (um) 3.328
#Spectral plate scale (um) 0.001790000009350478
#Center pixel for extract (x,y) = 29,25
#Pixel scale (arcsec/pixel) 0.09999908561794624
#Aperture size (arcsec) 0.09999908561794624 0.09999908561794624
#X offset (arcsec) -0.7999926849435699
#Y offset (arcsec) 0.5999945137076774
#Wave (micron) Flux (Jy) Noise (Jy)
3.25574488757411 6.821436732225291e-06 3.3159589420544637e-07
3.2575348875834607 7.200707097837508e-06 3.3513569655703446e-07
3.259324887592811 7.677306785808372e-06 3.5413932676968794e-07
3.2611148876021616 8.2688635276813e-06 3.77689312174596e-07
3.262904887611512 7.60258987867441e-06 3.55815028228014e-07
3.2646948876208626 7.066659947236147e-06 3.4986433512998466e-07
3.266484887630213 7.109188233720874e-06 3.7946781516873114e-07
3.2682748876395635 8.09711766135682e-06 3.755429203374047e-07
3.270064887648914 1.0068557143328059e-05 4.146504009607535e-07
3.2718548876582645 9.937727913354826e-06 4.440322510871942e-07
3.273644887667615 7.447568861176006e-06 4.275559864054895e-07
3.2754348876769654 6.751211375212978e-06 3.7050236686534617e-07
3.277224887686316 7.300287350744196e-06 3.8978736339650466e-07
3.2790148876956664 8.404813277216316e-06 5.545747509483894e-07
3.280804887705017 1.0408630115499156e-05 8.693617394710067e-07
3.2825948877143674 8.432353441611295e-06 3.7234419269156865e-07
3.284384887723718 7.585520284659838e-06 4.0594519268587623e-07
3.2861748877330683 7.5479327481392505e-06 3.6363360477785913e-07
3.287964887742419 7.576575738494831e-06 3.992674357958846e-07
3.2897548877517693 8.004595046294744e-06 4.034982135289357e-07
3.2915448877611198 9.205485546561603e-06 4.040420333731762e-07
3.2933348877704702 8.255383049374276e-06 4.103239945436696e-07
3.2951248877798207 6.729724201110696e-06 4.037872850593097e-07
3.296914887789171 6.571856009760351e-06 3.731426487738667e-07
3.2987048877985217 8.370460696846826e-06 4.3731501549348084e-07
3.300494887807872 9.188797010297645e-06 4.732749030588517e-07
3.3022848878172226 1.060487127063959e-05 4.553182009970585e-07
3.304074887826573 8.119994575490753e-06 3.916608506387708e-07
3.3058648878359236 7.396063302390045e-06 3.8908778619670055e-07
3.307654887845274 7.769866161735802e-06 3.7427898540136006e-07
3.3094448878546245 8.614276687999825e-06 3.6916863671924415e-07
3.311234887863975 9.901786546316894e-06 4.199529316363593e-07
3.3130248878733255 1.2726005479362117e-05 4.4533081744822117e-07
3.314814887882676 1.137211805070747e-05 4.5265690487434973e-07
3.3166048878920265 8.619919929134804e-06 3.64862403947781e-07
3.318394887901377 7.74442315987891e-06 3.6906600329714854e-07
3.3201848879107274 7.227386071716099e-06 3.556025605130943e-07
3.321974887920078 9.31109951272184e-06 5.676091114976712e-07
3.3237648879294284 1.0407599018056317e-05 3.817544978998435e-07
3.325554887938779 8.791817321953058e-06 4.21043653409588e-07
3.3273448879481293 8.749201616337309e-06 3.833653915216128e-07
