#Target name PANSTARRS (C/2017 K2)
#Obs. Start 2022-08-21 21:24:50.752
#Obs. End 2022-08-21 21:30:34.329
#Instrument used NIRSPEC
#Grating used G395M/F290LP
#Lower wavelength (um) 3.255
#Upper wavelength (um) 3.328
#Spectral plate scale (um) 0.001790000009350478
#Center pixel for extract (x,y) = 29,25
#Pixel scale (arcsec/pixel) 0.09999908561794624
#Aperture size (arcsec) 0.09999908561794624 0.09999908561794624
#X offset (arcsec) 0.5999945137076774
#Y offset (arcsec) -0.19999817123589247
#Wave (micron) Flux (Jy) Noise (Jy)
3.25574488757411 8.796554093944811e-06 4.137999697220298e-07
3.2575348875834607 9.624416851160985e-06 3.9983529590115654e-07
3.259324887592811 9.931637265590302e-06 4.4969185529028735e-07
3.2611148876021616 1.0846529130014405e-05 4.4264388398420263e-07
3.262904887611512 9.20976146282673e-06 3.847488553079604e-07
3.2646948876208626 8.612987367893041e-06 4.18516259859687e-07
3.266484887630213 8.650834023684046e-06 3.8929773220591763e-07
3.2682748876395635 8.901266073994182e-06 4.2453489891692506e-07
3.270064887648914 1.3327335231780208e-05 5.118399647855725e-07
3.2718548876582645 1.1940987959018534e-05 4.82499638746368e-07
3.273644887667615 9.597894335111764e-06 4.384077826502239e-07
3.2754348876769654 9.17370622676685e-06 3.9980643638033793e-07
3.277224887686316 8.477334395100269e-06 4.1161311851778796e-07
3.2790148876956664 1.0021220804637054e-05 4.217024350149146e-07
3.280804887705017 1.3154204108456438e-05 5.845074536760856e-07
3.2825948877143674 1.1374615099732082e-05 4.814182192652866e-07
3.284384887723718 9.842366642202293e-06 4.6295924946544115e-07
3.2861748877330683 9.065675009558011e-06 4.6882938807574857e-07
3.287964887742419 8.84167850446931e-06 4.2771558235751147e-07
3.2897548877517693 1.085784071726558e-05 5.120600816744567e-07
3.2915448877611198 1.2220868152296135e-05 5.569586034059083e-07
3.2933348877704702 1.0933611137004183e-05 5.058368482278815e-07
3.2951248877798207 9.268213928558008e-06 4.4321748797468606e-07
3.296914887789171 8.901409531029707e-06 4.363847582597939e-07
3.2987048877985217 9.986401988902107e-06 4.793169099222672e-07
3.300494887807872 1.2110622317101374e-05 5.163405370098489e-07
3.3022848878172226 1.3580830089798809e-05 5.176916108873944e-07
3.304074887826573 1.1023489659580231e-05 4.304959029893827e-07
3.3058648878359236 8.88755247800443e-06 4.335991700648995e-07
3.307654887845274 8.626625648939144e-06 4.0315528957233516e-07
3.3094448878546245 9.828800089673955e-06 4.53467661276686e-07
3.311234887863975 1.3414375994872272e-05 5.148547480098804e-07
3.3130248878733255 1.845444754095211e-05 5.398904663768525e-07
3.314814887882676 1.5415346107606405e-05 4.815365152816904e-07
3.3166048878920265 1.1120879054572505e-05 4.2350251260228305e-07
3.318394887901377 9.36449601455732e-06 3.854043026579691e-07
3.3201848879107274 9.372940254310932e-06 3.832482442822512e-07
3.321974887920078 1.1119696430635893e-05 4.14555360674718e-07
3.3237648879294284 1.1683739009701529e-05 4.2033934100685356e-07
3.325554887938779 1.0850364812501764e-05 3.9100159271125595e-07
3.3273448879481293 1.148292785137314e-05 3.9839047060937913e-07
