#Target name PANSTARRS (C/2017 K2)
#Obs. Start 2022-08-21 21:24:50.752
#Obs. End 2022-08-21 21:30:34.329
#Instrument used NIRSPEC
#Grating used G395M/F290LP
#Lower wavelength (um) 3.255
#Upper wavelength (um) 3.328
#Spectral plate scale (um) 0.001790000009350478
#Center pixel for extract (x,y) = 29,25
#Pixel scale (arcsec/pixel) 0.09999908561794624
#Aperture size (arcsec) 0.09999908561794624 0.09999908561794624
#X offset (arcsec) -0.19999817123589247
#Y offset (arcsec) -0.5999945137076774
#Wave (micron) Flux (Jy) Noise (Jy)
3.25574488757411 7.60224199536326e-06 4.6371113804909785e-07
3.2575348875834607 7.86551972659822e-06 4.2839551827178756e-07
3.259324887592811 9.691084921995504e-06 4.636171905022001e-07
3.2611148876021616 1.0289751753191656e-05 5.197176613246674e-07
3.262904887611512 8.684734714391631e-06 4.078268614621997e-07
3.2646948876208626 7.57124451641212e-06 3.7520806583905247e-07
3.266484887630213 7.513471230083409e-06 3.982272041746123e-07
3.2682748876395635 9.00214595798208e-06 4.474647128327085e-07
3.270064887648914 1.3811015869363958e-05 4.91104595210091e-07
3.2718548876582645 1.0964544060289337e-05 4.318149231855529e-07
3.273644887667615 8.63051781763424e-06 3.9453539900706227e-07
3.2754348876769654 8.317794929286054e-06 3.954181080787792e-07
3.277224887686316 8.85476985556747e-06 3.8911871911998576e-07
3.2790148876956664 1.0874281790143257e-05 4.3955997800469137e-07
3.280804887705017 1.3301097836589093e-05 4.381735161904529e-07
3.2825948877143674 1.0652339410481985e-05 4.0783621979225154e-07
3.284384887723718 8.329351290104091e-06 3.658491754081583e-07
3.2861748877330683 8.747678281941324e-06 4.131102271744658e-07
3.287964887742419 8.518099504957742e-06 3.676009763407982e-07
3.2897548877517693 1.1017265417451375e-05 4.100654076333447e-07
3.2915448877611198 1.1836439161347072e-05 4.3260334848294506e-07
3.2933348877704702 9.643238414221912e-06 3.5161919012841993e-07
3.2951248877798207 8.29103839894763e-06 3.4899916592237695e-07
3.296914887789171 8.296687019721442e-06 3.2668585301297317e-07
3.2987048877985217 8.623375450478021e-06 3.785827525050251e-07
3.300494887807872 1.2182865486978998e-05 4.244873787739073e-07
3.3022848878172226 1.2533573108514881e-05 3.8701746581487084e-07
3.304074887826573 9.862663122909714e-06 3.5603343596081087e-07
3.3058648878359236 8.73417628507897e-06 3.2882949899284394e-07
3.307654887845274 8.615624287527294e-06 3.5427182839488313e-07
3.3094448878546245 8.430805002234093e-06 2.945558480118455e-07
3.311234887863975 1.3792985113211365e-05 3.881175739371036e-07
3.3130248878733255 1.9634182611511337e-05 4.3498622027713526e-07
3.314814887882676 1.429373265499027e-05 3.5417891754921865e-07
3.3166048878920265 1.0081722912763399e-05 2.869724905661478e-07
3.318394887901377 9.139144737089377e-06 3.21487861048216e-07
3.3201848879107274 9.033408832448943e-06 3.115464005621181e-07
3.321974887920078 1.1172415994584987e-05 3.186824914730323e-07
3.3237648879294284 1.1694729611835714e-05 3.16046468445254e-07
3.325554887938779 1.1170898039827834e-05 3.533469788189806e-07
3.3273448879481293 1.0659839523620543e-05 3.096039866973144e-07
