#Target name PANSTARRS (C/2017 K2)
#Obs. Start 2022-08-21 21:24:50.752
#Obs. End 2022-08-21 21:30:34.329
#Instrument used NIRSPEC
#Grating used G395M/F290LP
#Lower wavelength (um) 3.255
#Upper wavelength (um) 3.328
#Spectral plate scale (um) 0.001790000009350478
#Center pixel for extract (x,y) = 29,25
#Pixel scale (arcsec/pixel) 0.09999908561794624
#Aperture size (arcsec) 0.09999908561794624 0.09999908561794624
#X offset (arcsec) 0.5999945137076774
#Y offset (arcsec) 0.6999935993256237
#Wave (micron) Flux (Jy) Noise (Jy)
3.25574488757411 5.027149653604892e-06 3.0000909263160964e-07
3.2575348875834607 5.697265261344445e-06 2.9468260575182916e-07
3.259324887592811 6.054743158350654e-06 3.289141722665466e-07
3.2611148876021616 7.2758350990388985e-06 3.339572474443077e-07
3.262904887611512 6.280723405258729e-06 3.27974920949187e-07
3.2646948876208626 6.0029560651324736e-06 3.158746562300506e-07
3.266484887630213 6.240867902667135e-06 3.1754329691240935e-07
3.2682748876395635 5.900437184513697e-06 3.0724165279512423e-07
3.270064887648914 8.422263032375032e-06 3.401868692119961e-07
3.2718548876582645 8.437291053452783e-06 3.3498431015802206e-07
3.273644887667615 6.451223436890318e-06 3.1940266260274095e-07
3.2754348876769654 6.295314330681366e-06 3.0654305625864893e-07
3.277224887686316 6.1269352216593714e-06 2.956446925152733e-07
3.2790148876956664 7.159398196154747e-06 3.437328077141272e-07
3.280804887705017 9.468475467119039e-06 3.6939158352230574e-07
3.2825948877143674 8.162271363860076e-06 3.3865327987948745e-07
3.284384887723718 6.444422676799944e-06 3.19886605946021e-07
3.2861748877330683 6.128004424877271e-06 2.949569953512237e-07
3.287964887742419 6.077242152856625e-06 2.9589176363622304e-07
3.2897548877517693 7.491511544370366e-06 3.142090696134872e-07
3.2915448877611198 8.081190343987618e-06 3.9330844908798905e-07
3.2933348877704702 7.210709191336277e-06 3.0727575186001376e-07
3.2951248877798207 6.663600370404702e-06 2.9857172038113105e-07
3.296914887789171 6.159372202301362e-06 2.9078696270665287e-07
3.2987048877985217 6.406619058119598e-06 3.096391785013417e-07
3.300494887807872 8.528671391869489e-06 3.4012564780132763e-07
3.3022848878172226 1.018532399739392e-05 3.996275633891673e-07
3.304074887826573 7.069973804756783e-06 3.184981547861727e-07
3.3058648878359236 6.023038705196315e-06 2.7687594517934036e-07
3.307654887845274 6.648255398939085e-06 2.41491791044824e-07
3.3094448878546245 6.369223395384026e-06 2.7644988899141097e-07
3.311234887863975 8.82276728076118e-06 3.0135204101300225e-07
3.3130248878733255 1.3555848840275013e-05 3.9428967279582064e-07
3.314814887882676 1.167606316169445e-05 3.6153383647721357e-07
3.3166048878920265 8.275125427281982e-06 3.0661545723126563e-07
3.318394887901377 7.484302828335216e-06 2.8863345405558976e-07
3.3201848879107274 7.4112025026703294e-06 3.0073649265099904e-07
3.321974887920078 8.002557059783812e-06 2.8876626388925966e-07
3.3237648879294284 8.128552684266313e-06 3.2077475069447464e-07
3.325554887938779 8.139434797017383e-06 2.929748225931757e-07
3.3273448879481293 7.583192694258439e-06 2.8313717232516795e-07
