#Target name PANSTARRS (C/2017 K2)
#Obs. Start 2022-08-21 21:24:50.752
#Obs. End 2022-08-21 21:30:34.329
#Instrument used NIRSPEC
#Grating used G395M/F290LP
#Lower wavelength (um) 3.255
#Upper wavelength (um) 3.328
#Spectral plate scale (um) 0.001790000009350478
#Center pixel for extract (x,y) = 29,25
#Pixel scale (arcsec/pixel) 0.09999908561794624
#Aperture size (arcsec) 0.09999908561794624 0.09999908561794624
#X offset (arcsec) -0.2999972568538387
#Y offset (arcsec) 0.6999935993256237
#Wave (micron) Flux (Jy) Noise (Jy)
3.25574488757411 8.389759254550875e-06 3.030691264638031e-07
3.2575348875834607 8.486243077006394e-06 3.2994314026901397e-07
3.259324887592811 9.865990429527429e-06 3.5648056240083304e-07
3.2611148876021616 1.010433891441397e-05 3.357967757164456e-07
3.262904887611512 8.90954085512458e-06 3.623572854649195e-07
3.2646948876208626 8.337551652897311e-06 3.450068855108867e-07
3.266484887630213 8.563547590418646e-06 3.101311352649656e-07
3.2682748876395635 9.748042744737902e-06 3.324002062487649e-07
3.270064887648914 1.2167748701860513e-05 3.731091381069744e-07
3.2718548876582645 1.1723823595246728e-05 3.4367954368589795e-07
3.273644887667615 9.300542868120117e-06 3.268510247364931e-07
3.2754348876769654 8.261361621329795e-06 3.195537407932786e-07
3.277224887686316 8.227413410479192e-06 3.027363453679174e-07
3.2790148876956664 1.0064075007574364e-05 3.177795807367424e-07
3.280804887705017 1.1864307483710818e-05 3.3959087807866416e-07
3.2825948877143674 1.1027562942782678e-05 3.265372965281381e-07
3.284384887723718 9.347701678729662e-06 3.0429974686562127e-07
3.2861748877330683 8.626248177614417e-06 3.0026145933453483e-07
3.287964887742419 9.06310354219622e-06 3.016755198167406e-07
3.2897548877517693 1.0756376245857913e-05 3.216945288400197e-07
3.2915448877611198 1.199667618699653e-05 3.389043296916568e-07
3.2933348877704702 1.0585291178503322e-05 3.21213639562535e-07
3.2951248877798207 8.62557034312156e-06 3.0156932798770915e-07
3.296914887789171 8.298620999881618e-06 2.9909276081719147e-07
3.2987048877985217 8.383442661955398e-06 2.9234974778740715e-07
3.300494887807872 1.0778917829171305e-05 3.43553318306007e-07
3.3022848878172226 1.2837233995250228e-05 3.8168716835758425e-07
3.304074887826573 1.037698259685579e-05 3.2371396680456157e-07
3.3058648878359236 8.294898289809735e-06 2.9479098305913627e-07
3.307654887845274 8.598939337689222e-06 3.0043170248841215e-07
3.3094448878546245 9.145924875230893e-06 3.076280621656184e-07
3.311234887863975 1.2764987238946715e-05 3.6086939504353226e-07
3.3130248878733255 1.7317129129371838e-05 4.258588784676437e-07
3.314814887882676 1.502925749807761e-05 4.0191180847143373e-07
3.3166048878920265 1.0722272025481178e-05 3.5162061909498473e-07
3.318394887901377 9.07721343824661e-06 3.2963193376636163e-07
3.3201848879107274 9.402054859670801e-06 3.3766345435331476e-07
3.321974887920078 1.0592856743914341e-05 3.7267980370163164e-07
3.3237648879294284 1.1661088937005019e-05 3.8899254977799926e-07
3.325554887938779 1.129157768453765e-05 3.733829673273239e-07
3.3273448879481293 1.1077069069136006e-05 3.9006203318542166e-07
