#Target name PANSTARRS (C/2017 K2)
#Obs. Start 2022-08-21 21:24:50.752
#Obs. End 2022-08-21 21:30:34.329
#Instrument used NIRSPEC
#Grating used G395M/F290LP
#Lower wavelength (um) 3.255
#Upper wavelength (um) 3.328
#Spectral plate scale (um) 0.001790000009350478
#Center pixel for extract (x,y) = 29,25
#Pixel scale (arcsec/pixel) 0.09999908561794624
#Aperture size (arcsec) 0.09999908561794624 0.09999908561794624
#X offset (arcsec) -0.5999945137076774
#Y offset (arcsec) 0.09999908561794624
#Wave (micron) Flux (Jy) Noise (Jy)
3.25574488757411 1.1562879147090834e-05 3.6125911065039207e-07
3.2575348875834607 1.161167426451184e-05 3.6201761170678014e-07
3.259324887592811 1.3329991876756843e-05 3.7615821652883765e-07
3.2611148876021616 1.3750258228393083e-05 3.6863613653171303e-07
3.262904887611512 1.248610586527896e-05 3.3678273462720767e-07
3.2646948876208626 1.2042212139891693e-05 3.4632021785974997e-07
3.266484887630213 1.184350621355964e-05 3.4847790133469847e-07
3.2682748876395635 1.3809325766164174e-05 3.7569481107755765e-07
3.270064887648914 1.6306987172997734e-05 3.793471935792904e-07
3.2718548876582645 1.4505938784971733e-05 3.4137736647419083e-07
3.273644887667615 1.2244215784827886e-05 3.2798915457693057e-07
3.2754348876769654 1.1791714637309102e-05 3.415513641676698e-07
3.277224887686316 1.2354627492219974e-05 3.566048264540664e-07
3.2790148876956664 1.3733189530984982e-05 3.4740149724607004e-07
3.280804887705017 1.580601547960082e-05 3.7579831308717296e-07
3.2825948877143674 1.4648040151511369e-05 3.647920763776309e-07
3.284384887723718 1.245305426090039e-05 3.300006351590331e-07
3.2861748877330683 1.2015124761765092e-05 3.1773332144657594e-07
3.287964887742419 1.255368668150201e-05 4.2595288205244595e-07
3.2897548877517693 1.3971632159551086e-05 4.125357545964626e-07
3.2915448877611198 1.488622186759411e-05 3.66866011204301e-07
3.2933348877704702 1.3754927754899434e-05 3.5304936150817e-07
3.2951248877798207 1.2011790282295598e-05 3.199235909629924e-07
3.296914887789171 1.14050297844764e-05 3.1018266211815523e-07
3.2987048877985217 1.1752116909078215e-05 3.1727812554830546e-07
3.300494887807872 1.4386811166065007e-05 3.490641979105516e-07
3.3022848878172226 1.5541715616987745e-05 3.590440443612334e-07
3.304074887826573 1.338083932639233e-05 4.010785528504399e-07
3.3058648878359236 1.1894329454820384e-05 3.873336036531194e-07
3.307654887845274 1.1880362119199047e-05 3.067024000401006e-07
3.3094448878546245 1.2507221844301819e-05 3.062191291516746e-07
3.311234887863975 1.7556530230256544e-05 3.376709354135657e-07
3.3130248878733255 2.262186007726004e-05 3.8970170945947324e-07
3.314814887882676 1.9615370014515136e-05 3.772040519405602e-07
3.3166048878920265 1.450418771253185e-05 3.255190317654307e-07
3.318394887901377 1.3065613112774227e-05 2.938367976402269e-07
3.3201848879107274 1.3369234548824804e-05 3.0119701215019724e-07
3.321974887920078 1.4929243735941691e-05 3.2411074318738857e-07
3.3237648879294284 1.5683162460802798e-05 3.275057716126955e-07
3.325554887938779 1.4901881099628178e-05 3.201624805498848e-07
3.3273448879481293 1.4827088877550563e-05 3.225996530735375e-07
