#Target name PANSTARRS (C/2017 K2)
#Obs. Start 2022-08-21 21:24:50.752
#Obs. End 2022-08-21 21:30:34.329
#Instrument used NIRSPEC
#Grating used G395M/F290LP
#Lower wavelength (um) 3.255
#Upper wavelength (um) 3.328
#Spectral plate scale (um) 0.001790000009350478
#Center pixel for extract (x,y) = 29,25
#Pixel scale (arcsec/pixel) 0.09999908561794624
#Aperture size (arcsec) 0.09999908561794624 0.09999908561794624
#X offset (arcsec) 0.4999954280897312
#Y offset (arcsec) -0.39999634247178495
#Wave (micron) Flux (Jy) Noise (Jy)
3.25574488757411 8.69345152251274e-06 5.159026568240696e-07
3.2575348875834607 8.337988300249191e-06 3.913879180248934e-07
3.259324887592811 1.0446389800462371e-05 4.629988122260196e-07
3.2611148876021616 1.0003774635904227e-05 4.7674107160392405e-07
3.262904887611512 8.699974334596783e-06 4.376302847442096e-07
3.2646948876208626 8.131583214141786e-06 4.027011023563457e-07
3.266484887630213 8.215607793061928e-06 4.460144798831467e-07
3.2682748876395635 9.484675352855739e-06 4.4618155689541967e-07
3.270064887648914 1.2776531943880618e-05 5.199940963075763e-07
3.2718548876582645 1.1169363946154185e-05 4.238491910984852e-07
3.273644887667615 9.168905795715583e-06 4.505274084653658e-07
3.2754348876769654 9.199453178217764e-06 3.9848808863902174e-07
3.277224887686316 9.289157759138237e-06 4.1366144402210063e-07
3.2790148876956664 9.90021927820378e-06 4.426491235282736e-07
3.280804887705017 1.293527522314767e-05 4.891355353216964e-07
3.2825948877143674 1.0470062004536999e-05 4.482238863439506e-07
3.284384887723718 9.669805760594735e-06 4.679297555568721e-07
3.2861748877330683 8.852709453894738e-06 4.2291890584584597e-07
3.287964887742419 8.263586998593383e-06 3.613077235325476e-07
3.2897548877517693 1.0716231587679088e-05 4.1591702571621426e-07
3.2915448877611198 1.2127068769617885e-05 3.9700739908836303e-07
3.2933348877704702 9.55166082238136e-06 4.1795293882467977e-07
3.2951248877798207 8.831635615376064e-06 3.8645672252347065e-07
3.296914887789171 7.95038532238913e-06 3.476305241617701e-07
3.2987048877985217 8.244067875697216e-06 3.1828888123180967e-07
3.300494887807872 1.1524117952698356e-05 4.1912359866868067e-07
3.3022848878172226 1.3627412382446837e-05 4.213425035542977e-07
3.304074887826573 9.512520363451211e-06 3.735616441858288e-07
3.3058648878359236 7.801653550988805e-06 3.1344513288036244e-07
3.307654887845274 8.170876992778652e-06 3.230860340656634e-07
3.3094448878546245 9.328167313523468e-06 3.3156227146274513e-07
3.311234887863975 1.2470316625306451e-05 3.598668489130376e-07
3.3130248878733255 1.8950391065253863e-05 4.5235362773518444e-07
3.314814887882676 1.541399043862069e-05 3.942282832714386e-07
3.3166048878920265 1.076450039710101e-05 3.191860761018404e-07
3.318394887901377 9.65095819594612e-06 3.345638297415906e-07
3.3201848879107274 1.00580498120823e-05 3.3211584190236907e-07
3.321974887920078 1.1169064479592526e-05 3.169298219528727e-07
3.3237648879294284 1.1600460407366116e-05 3.2413621241498485e-07
3.325554887938779 1.1714908637095298e-05 3.1771948008416393e-07
3.3273448879481293 1.1235074441276572e-05 3.019702511754693e-07
