#Target name PANSTARRS (C/2017 K2)
#Obs. Start 2022-08-21 21:24:50.752
#Obs. End 2022-08-21 21:30:34.329
#Instrument used NIRSPEC
#Grating used G395M/F290LP
#Lower wavelength (um) 3.255
#Upper wavelength (um) 3.328
#Spectral plate scale (um) 0.001790000009350478
#Center pixel for extract (x,y) = 29,25
#Pixel scale (arcsec/pixel) 0.09999908561794624
#Aperture size (arcsec) 0.09999908561794624 0.09999908561794624
#X offset (arcsec) -0.2999972568538387
#Y offset (arcsec) 0.09999908561794624
#Wave (micron) Flux (Jy) Noise (Jy)
3.25574488757411 2.2302291598497875e-05 4.961674517681414e-07
3.2575348875834607 2.3969658651363106e-05 5.35786306289024e-07
3.259324887592811 2.6124896183855898e-05 5.855935243032406e-07
3.2611148876021616 2.6225486463953332e-05 6.073072596534243e-07
3.262904887611512 2.312298060733131e-05 5.52577223804508e-07
3.2646948876208626 2.2186050155824627e-05 5.519182180475633e-07
3.266484887630213 2.265207392215462e-05 5.456281313809171e-07
3.2682748876395635 2.5817835365378603e-05 6.056599694126807e-07
3.270064887648914 3.073815884087307e-05 6.734993445271028e-07
3.2718548876582645 2.884776272130246e-05 6.577755568270522e-07
3.273644887667615 2.3164875441343543e-05 5.977064535887945e-07
3.2754348876769654 2.1890521489790626e-05 5.858010887015164e-07
3.277224887686316 2.341978783419443e-05 9.105356458418222e-07
3.2790148876956664 2.702790621931261e-05 8.056177825313109e-07
3.280804887705017 3.0590380162152514e-05 7.386965884821557e-07
3.2825948877143674 2.87650884317292e-05 7.001676151659342e-07
3.284384887723718 2.4122286177884416e-05 6.324212629729857e-07
3.2861748877330683 2.2907981548189464e-05 6.351662797250206e-07
3.287964887742419 2.3897383203652487e-05 6.40133927883322e-07
3.2897548877517693 2.6715888960257915e-05 6.931047657962042e-07
3.2915448877611198 2.8349073787983342e-05 6.99008751300831e-07
3.2933348877704702 2.516788354058861e-05 6.792869953419832e-07
3.2951248877798207 2.3002708021959798e-05 8.713803929048855e-07
3.296914887789171 2.2944548746544877e-05 8.037187700235442e-07
3.2987048877985217 2.345959895476566e-05 6.533507478496626e-07
3.300494887807872 2.9011081383396296e-05 7.672154548792642e-07
3.3022848878172226 3.236633881127161e-05 7.953876147612183e-07
3.304074887826573 2.788387131318173e-05 6.91984175819876e-07
3.3058648878359236 2.519313197884107e-05 7.395153583048358e-07
3.307654887845274 2.591207408522815e-05 7.41987302348232e-07
3.3094448878546245 2.690459951763974e-05 6.199583769738163e-07
3.311234887863975 3.493701357294227e-05 7.185555008839187e-07
3.3130248878733255 4.4571867820044196e-05 8.290544592933159e-07
3.314814887882676 3.9637071322878166e-05 7.671312859467021e-07
3.3166048878920265 2.8784510721126388e-05 6.293426525754499e-07
3.318394887901377 2.437588235243436e-05 5.870821151984342e-07
3.3201848879107274 2.4294214055322717e-05 5.623092146035769e-07
3.321974887920078 2.8479614310672582e-05 6.073871697052442e-07
3.3237648879294284 3.138168558368447e-05 6.411483820685233e-07
3.325554887938779 2.9894495187800245e-05 6.121831737620557e-07
3.3273448879481293 2.855069547856245e-05 5.846867189325878e-07
