#Target name PANSTARRS (C/2017 K2)
#Obs. Start 2022-08-21 21:24:50.752
#Obs. End 2022-08-21 21:30:34.329
#Instrument used NIRSPEC
#Grating used G395M/F290LP
#Lower wavelength (um) 3.255
#Upper wavelength (um) 3.328
#Spectral plate scale (um) 0.001790000009350478
#Center pixel for extract (x,y) = 29,25
#Pixel scale (arcsec/pixel) 0.09999908561794624
#Aperture size (arcsec) 0.09999908561794624 0.09999908561794624
#X offset (arcsec) 0.6999935993256237
#Y offset (arcsec) -0.39999634247178495
#Wave (micron) Flux (Jy) Noise (Jy)
3.25574488757411 6.76669980371412e-06 2.998528309349056e-07
3.2575348875834607 6.3982223385090045e-06 2.750577393298655e-07
3.259324887592811 7.698238960504467e-06 3.3205075387628983e-07
3.2611148876021616 7.839442823965599e-06 3.2581028877408024e-07
3.262904887611512 6.751303725679597e-06 3.002242781848977e-07
3.2646948876208626 6.77320602857843e-06 2.902170011799621e-07
3.266484887630213 6.984470273461021e-06 3.3283217443561925e-07
3.2682748876395635 7.671138133280784e-06 3.102010985887364e-07
3.270064887648914 9.999104212791403e-06 3.4659256207563015e-07
3.2718548876582645 9.136896048057517e-06 3.435030803246209e-07
3.273644887667615 7.18165958994563e-06 3.583630157078195e-07
3.2754348876769654 6.986454463583631e-06 2.9622625388819606e-07
3.277224887686316 6.385590946530997e-06 3.0960166112427753e-07
3.2790148876956664 8.472606589173237e-06 3.0150297910877867e-07
3.280804887705017 1.063310899486981e-05 4.376455550731865e-07
3.2825948877143674 8.528756569484332e-06 3.443692582145097e-07
3.284384887723718 7.0861987954747e-06 3.16174262886471e-07
3.2861748877330683 6.727679490051224e-06 3.4987957744000927e-07
3.287964887742419 7.067867676153977e-06 3.0950746140680957e-07
3.2897548877517693 8.167837496838459e-06 3.304189861350935e-07
3.2915448877611198 8.95266852303586e-06 4.013746851567812e-07
3.2933348877704702 8.019519061021741e-06 3.6420723678729477e-07
3.2951248877798207 6.72827528505189e-06 3.3665561264084466e-07
3.296914887789171 6.688670832272464e-06 3.447658104457187e-07
3.2987048877985217 6.973915422072243e-06 3.4851494238957435e-07
3.300494887807872 8.641638427706872e-06 4.000535075012877e-07
3.3022848878172226 9.825170626675163e-06 3.8592422233593953e-07
3.304074887826573 7.601612577619894e-06 3.6629896364864437e-07
3.3058648878359236 6.369595935373156e-06 3.189437962217256e-07
3.307654887845274 6.702358874977764e-06 2.9329269760646383e-07
3.3094448878546245 6.566401504287735e-06 3.4882354312966736e-07
3.311234887863975 9.704207654320187e-06 3.770620518905519e-07
3.3130248878733255 1.4748072742383196e-05 4.536995461255156e-07
3.314814887882676 1.2553433838476896e-05 3.9833790705495617e-07
3.3166048878920265 8.088527274748267e-06 3.4245242565311117e-07
3.318394887901377 7.09176985978868e-06 3.3677581394600163e-07
3.3201848879107274 7.460949367861398e-06 3.3712868463065133e-07
3.321974887920078 8.831848111109937e-06 3.54200940445688e-07
3.3237648879294284 9.603542955885575e-06 3.585200339162344e-07
3.325554887938779 9.793814505135209e-06 3.8345126961026226e-07
3.3273448879481293 8.90448399462231e-06 3.5118094569626133e-07
