#Target name PANSTARRS (C/2017 K2)
#Obs. Start 2022-08-21 21:24:50.752
#Obs. End 2022-08-21 21:30:34.329
#Instrument used NIRSPEC
#Grating used G395M/F290LP
#Lower wavelength (um) 3.255
#Upper wavelength (um) 3.328
#Spectral plate scale (um) 0.001790000009350478
#Center pixel for extract (x,y) = 29,25
#Pixel scale (arcsec/pixel) 0.09999908561794624
#Aperture size (arcsec) 0.09999908561794624 0.09999908561794624
#X offset (arcsec) -0.2999972568538387
#Y offset (arcsec) -0.09999908561794624
#Wave (micron) Flux (Jy) Noise (Jy)
3.25574488757411 1.9468925486224966e-05 4.864468927015906e-07
3.2575348875834607 1.9236211276408684e-05 4.803414509302789e-07
3.259324887592811 2.3096941362170513e-05 5.541827097684928e-07
3.2611148876021616 2.281660658941159e-05 5.310783377801853e-07
3.262904887611512 2.109023027819595e-05 5.381988501536479e-07
3.2646948876208626 2.025064080493205e-05 4.423545322643061e-07
3.266484887630213 1.9748976931338727e-05 4.851830138034505e-07
3.2682748876395635 2.2707408887182638e-05 5.100616018861986e-07
3.270064887648914 2.9101819751579027e-05 6.036683822866765e-07
3.2718548876582645 2.5636120131691585e-05 5.507929769251613e-07
3.273644887667615 2.132095402164432e-05 4.732963095383715e-07
3.2754348876769654 2.12202830469644e-05 4.890048549283976e-07
3.277224887686316 2.1221722996958488e-05 4.6647335843781494e-07
3.2790148876956664 2.4561856466863536e-05 5.020514317408608e-07
3.280804887705017 2.8581553086903953e-05 5.335405872661027e-07
3.2825948877143674 2.395040133755677e-05 4.733387302320796e-07
3.284384887723718 2.0844533206664625e-05 4.4857580438422376e-07
3.2861748877330683 2.143814945360381e-05 4.478329379031918e-07
3.287964887742419 2.208332595232375e-05 4.696788666700958e-07
3.2897548877517693 2.4955888113128074e-05 4.933121524200463e-07
3.2915448877611198 2.600970915039376e-05 5.119206593680556e-07
3.2933348877704702 2.275087636894682e-05 4.776546575610216e-07
3.2951248877798207 2.0455440068848044e-05 4.6306062203468536e-07
3.296914887789171 2.013190320984066e-05 4.5432481706395e-07
3.2987048877985217 2.0882368206571493e-05 4.631415407687864e-07
3.300494887807872 2.696786227709348e-05 5.349229863322648e-07
3.3022848878172226 2.9946941286775373e-05 5.421712090900877e-07
3.304074887826573 2.4517958613992777e-05 4.50324523232116e-07
3.3058648878359236 2.0720545084073006e-05 4.283172053002459e-07
3.307654887845274 2.1396130887898437e-05 4.2382038761557116e-07
3.3094448878546245 2.24263532428202e-05 4.183224247480143e-07
3.311234887863975 3.105328015153395e-05 4.985907549104297e-07
3.3130248878733255 4.125476099755391e-05 5.698477697446252e-07
3.314814887882676 3.43830004338728e-05 4.968404109633069e-07
3.3166048878920265 2.504239987840164e-05 4.2299284786083647e-07
3.318394887901377 2.1948537308170023e-05 4.022626898104736e-07
3.3201848879107274 2.3149261936239556e-05 4.02581377373377e-07
3.321974887920078 2.5694790472795566e-05 4.2611415914160294e-07
3.3237648879294284 2.6719147228177284e-05 4.2959433716280077e-07
3.325554887938779 2.702929057970543e-05 4.417633043528568e-07
3.3273448879481293 2.5894801858150896e-05 4.2982703456124574e-07
