#Target name PANSTARRS (C/2017 K2)
#Obs. Start 2022-08-21 21:24:50.752
#Obs. End 2022-08-21 21:30:34.329
#Instrument used NIRSPEC
#Grating used G395M/F290LP
#Lower wavelength (um) 3.255
#Upper wavelength (um) 3.328
#Spectral plate scale (um) 0.001790000009350478
#Center pixel for extract (x,y) = 29,25
#Pixel scale (arcsec/pixel) 0.09999908561794624
#Aperture size (arcsec) 0.09999908561794624 0.09999908561794624
#X offset (arcsec) 0.09999908561794624
#Y offset (arcsec) 0.6999935993256237
#Wave (micron) Flux (Jy) Noise (Jy)
3.25574488757411 8.102366395644103e-06 4.2239357851009115e-07
3.2575348875834607 8.35671392641761e-06 4.326509526828196e-07
3.259324887592811 8.82342807973107e-06 4.1922390651773936e-07
3.2611148876021616 1.000115295858e-05 4.2074390665840636e-07
3.262904887611512 9.869836871292454e-06 4.449370671122372e-07
3.2646948876208626 8.674684652446609e-06 4.25888606575982e-07
3.266484887630213 8.478249830308214e-06 4.332390985095213e-07
3.2682748876395635 9.525744412307232e-06 4.4984467065586456e-07
3.270064887648914 1.2484980624156558e-05 5.486777701818253e-07
3.2718548876582645 1.1914220669402447e-05 4.965794984799452e-07
3.273644887667615 9.633248424910515e-06 4.376225515133883e-07
3.2754348876769654 9.051753400866748e-06 4.262575321202716e-07
3.277224887686316 8.986763777347876e-06 4.4541369750897975e-07
3.2790148876956664 9.462006451423317e-06 4.695869645067124e-07
3.280804887705017 1.2032083176577131e-05 5.172829824877651e-07
3.2825948877143674 1.096524251673105e-05 4.780532551757449e-07
3.284384887723718 8.982076318712085e-06 4.466127965895155e-07
3.2861748877330683 8.566860551332808e-06 4.18282105475725e-07
3.287964887742419 8.24433954745824e-06 4.103777348940871e-07
3.2897548877517693 1.0224670675812635e-05 4.510009567773607e-07
3.2915448877611198 1.2000593460672845e-05 5.120252260978564e-07
3.2933348877704702 1.0732424300564012e-05 4.6734816616499707e-07
3.2951248877798207 9.032173308730483e-06 4.6473001922875493e-07
3.296914887789171 8.23672466869126e-06 4.2363151185844684e-07
3.2987048877985217 8.039119775106864e-06 4.0160584151285236e-07
3.300494887807872 1.1121908358802399e-05 4.5549376775186357e-07
3.3022848878172226 1.229868462800392e-05 4.6259253741837944e-07
3.304074887826573 9.561190852572602e-06 7.389579492687535e-07
3.3058648878359236 8.77196376484282e-06 5.517357586305044e-07
3.307654887845274 8.624078389952096e-06 3.893247144569354e-07
3.3094448878546245 9.19284698173182e-06 4.1391980678080754e-07
3.311234887863975 1.2883399365888758e-05 4.6420626095432617e-07
3.3130248878733255 1.7929961446219643e-05 5.038214449924639e-07
3.314814887882676 1.5426903365030917e-05 4.7129452351374785e-07
3.3166048878920265 1.0381544530585496e-05 4.372993809181248e-07
3.318394887901377 9.029637705627572e-06 3.952257859905281e-07
3.3201848879107274 9.079025479926588e-06 3.6978323243687084e-07
3.321974887920078 1.0282384337810957e-05 4.0427817710274803e-07
3.3237648879294284 1.146054586401177e-05 4.106712334189168e-07
3.325554887938779 1.120850261187139e-05 3.825604070234403e-07
3.3273448879481293 1.0692137978562605e-05 4.010663085683062e-07
