#Target name PANSTARRS (C/2017 K2)
#Obs. Start 2022-08-21 21:24:50.752
#Obs. End 2022-08-21 21:30:34.329
#Instrument used NIRSPEC
#Grating used G395M/F290LP
#Lower wavelength (um) 3.255
#Upper wavelength (um) 3.328
#Spectral plate scale (um) 0.001790000009350478
#Center pixel for extract (x,y) = 29,25
#Pixel scale (arcsec/pixel) 0.09999908561794624
#Aperture size (arcsec) 0.09999908561794624 0.09999908561794624
#X offset (arcsec) 0.2999972568538387
#Y offset (arcsec) 0.6999935993256237
#Wave (micron) Flux (Jy) Noise (Jy)
3.25574488757411 8.033677373821621e-06 4.6808668970843015e-07
3.2575348875834607 7.098615450202655e-06 3.63589278795398e-07
3.259324887592811 8.867117919900315e-06 4.268190319233825e-07
3.2611148876021616 9.387899236690337e-06 4.3524368642937006e-07
3.262904887611512 7.439812318586445e-06 4.2850173811977126e-07
3.2646948876208626 7.769395443337985e-06 4.2609095944913907e-07
3.266484887630213 6.836422164495622e-06 4.099075768753146e-07
3.2682748876395635 8.048815677495435e-06 4.00807021184175e-07
3.270064887648914 1.0884167773103896e-05 4.6974151704732915e-07
3.2718548876582645 1.0587615182478833e-05 4.5555608190166986e-07
3.273644887667615 8.736684989987721e-06 4.849012552196139e-07
3.2754348876769654 8.230510289233597e-06 4.349271283068378e-07
3.277224887686316 7.103666034459619e-06 3.9209419175428546e-07
3.2790148876956664 9.208975138950759e-06 4.4349263408579134e-07
3.280804887705017 1.1723932981236316e-05 4.667128084037524e-07
3.2825948877143674 9.96633234963211e-06 4.4014677892168497e-07
3.284384887723718 7.912368311368439e-06 4.392959273986775e-07
3.2861748877330683 8.221799757357791e-06 4.628011385178884e-07
3.287964887742419 7.77771326157904e-06 4.105933127127067e-07
3.2897548877517693 9.557385654705292e-06 4.5202039833606277e-07
3.2915448877611198 1.0567951705940667e-05 4.927064387102832e-07
3.2933348877704702 8.369334559117952e-06 3.9834880642738183e-07
3.2951248877798207 7.069693615234272e-06 4.5758913707700573e-07
3.296914887789171 6.911451538985088e-06 3.9849590592669983e-07
3.2987048877985217 7.950960047137703e-06 4.6289690729668255e-07
3.300494887807872 9.864157765898594e-06 5.057444977612621e-07
3.3022848878172226 1.0821864382575236e-05 5.186102962938016e-07
3.304074887826573 8.999748432275864e-06 4.1183656966199003e-07
3.3058648878359236 7.627931563999963e-06 4.1403894336577895e-07
3.307654887845274 7.800188496013503e-06 4.3962859641875415e-07
3.3094448878546245 8.009547900446257e-06 4.6247180375312967e-07
3.311234887863975 1.2157791886988582e-05 4.954737585483099e-07
3.3130248878733255 1.7336664391184502e-05 5.820689082237726e-07
3.314814887882676 1.3640957416419845e-05 5.232372339927302e-07
3.3166048878920265 8.856628520783997e-06 4.169785797601496e-07
3.318394887901377 7.228365614286796e-06 4.127293095186128e-07
3.3201848879107274 7.220090833156399e-06 4.2946923254099985e-07
3.321974887920078 8.831007094239168e-06 4.4956742312334043e-07
3.3237648879294284 1.040499885928742e-05 4.513534071777266e-07
3.325554887938779 1.0071368901224357e-05 3.942737300119898e-07
3.3273448879481293 9.723273094341505e-06 3.9697332804242575e-07
