#Target name PANSTARRS (C/2017 K2)
#Obs. Start 2022-08-21 21:24:50.752
#Obs. End 2022-08-21 21:30:34.329
#Instrument used NIRSPEC
#Grating used G395M/F290LP
#Lower wavelength (um) 3.255
#Upper wavelength (um) 3.328
#Spectral plate scale (um) 0.001790000009350478
#Center pixel for extract (x,y) = 29,25
#Pixel scale (arcsec/pixel) 0.09999908561794624
#Aperture size (arcsec) 0.09999908561794624 0.09999908561794624
#X offset (arcsec) 0.6999935993256237
#Y offset (arcsec) 0.6999935993256237
#Wave (micron) Flux (Jy) Noise (Jy)
3.25574488757411 5.171069786373049e-06 3.914695092138484e-07
3.2575348875834607 5.541684761407492e-06 6.423807116264288e-07
3.259324887592811 5.606833980878387e-06 4.823868904825097e-07
3.2611148876021616 6.939610810149007e-06 4.297858467014367e-07
3.262904887611512 6.133774984131279e-06 4.537177304255266e-07
3.2646948876208626 5.748573566706559e-06 4.3924252327568704e-07
3.266484887630213 6.682269510365382e-06 3.920256854160317e-07
3.2682748876395635 6.351367029190244e-06 4.0302875598396944e-07
3.270064887648914 7.3654863318742885e-06 4.762398685860573e-07
3.2718548876582645 8.159402223149567e-06 4.872885259893076e-07
3.273644887667615 6.359796026633831e-06 4.4820760733269275e-07
3.2754348876769654 5.2074222474784095e-06 3.7251900293466294e-07
3.277224887686316 5.527078145371596e-06 4.1092393634926897e-07
3.2790148876956664 6.2527658705510175e-06 3.6257866320665505e-07
3.280804887705017 8.419089045464031e-06 4.802863096322488e-07
3.2825948877143674 7.84087649771438e-06 4.7518187294905787e-07
3.284384887723718 6.560404551899539e-06 4.3352531210676573e-07
3.2861748877330683 5.836875855104774e-06 4.0828261773951516e-07
3.287964887742419 6.252050826889571e-06 3.842721688733134e-07
3.2897548877517693 6.819581653434653e-06 3.889388094275817e-07
3.2915448877611198 7.358105467396509e-06 3.730209344452881e-07
3.2933348877704702 6.951984876069541e-06 3.661868878396402e-07
3.2951248877798207 6.065757520556349e-06 4.2049904903468444e-07
3.296914887789171 5.742789110052235e-06 3.869604472470399e-07
3.2987048877985217 6.07951280874705e-06 3.1607314248779697e-07
3.300494887807872 7.0566542673114895e-06 3.8287287437894394e-07
3.3022848878172226 8.550773638011585e-06 4.327919160315946e-07
3.304074887826573 6.635707391362977e-06 3.8598090467634344e-07
3.3058648878359236 6.054969103181606e-06 3.4838490643217724e-07
3.307654887845274 5.96671209341023e-06 2.594996837323798e-07
3.3094448878546245 5.5793036791546e-06 2.9470448855353724e-07
3.311234887863975 8.16933751946617e-06 3.7501061628253936e-07
3.3130248878733255 1.232396355087643e-05 4.382293579622892e-07
3.314814887882676 1.0153116099705534e-05 4.006850546850262e-07
3.3166048878920265 7.333660388542988e-06 3.5189206670439285e-07
3.318394887901377 6.973132684622157e-06 3.617913866863052e-07
3.3201848879107274 6.704618323287287e-06 3.351001685255801e-07
3.321974887920078 7.592086133854539e-06 3.4341784667187316e-07
3.3237648879294284 7.27751533956749e-06 3.097853533752354e-07
3.325554887938779 7.493242891467862e-06 2.994270829554509e-07
3.3273448879481293 7.417907325868195e-06 3.2165448975725296e-07
