#Target name PANSTARRS (C/2017 K2)
#Obs. Start 2022-08-21 21:24:50.752
#Obs. End 2022-08-21 21:30:34.329
#Instrument used NIRSPEC
#Grating used G395M/F290LP
#Lower wavelength (um) 3.255
#Upper wavelength (um) 3.328
#Spectral plate scale (um) 0.001790000009350478
#Center pixel for extract (x,y) = 29,25
#Pixel scale (arcsec/pixel) 0.09999908561794624
#Aperture size (arcsec) 0.09999908561794624 0.09999908561794624
#X offset (arcsec) -0.7999926849435699
#Y offset (arcsec) 0.4999954280897312
#Wave (micron) Flux (Jy) Noise (Jy)
3.25574488757411 8.307366499409833e-06 4.0401519121691975e-07
3.2575348875834607 8.624742775347874e-06 4.370015674746484e-07
3.259324887592811 8.74167550161106e-06 3.9410326270649445e-07
3.2611148876021616 9.143440378696888e-06 4.2952336515674893e-07
3.262904887611512 8.22799889450543e-06 3.767555525718777e-07
3.2646948876208626 7.1486035025347e-06 3.7286775483333164e-07
3.266484887630213 7.2018677549155555e-06 3.4359938146350766e-07
3.2682748876395635 9.098558051919838e-06 3.676213461190847e-07
3.270064887648914 1.095303790943373e-05 4.357228945697197e-07
3.2718548876582645 1.03449576068877e-05 4.315354061178965e-07
3.273644887667615 8.443249003459445e-06 3.9545456073565784e-07
3.2754348876769654 7.441147365623303e-06 3.806449193717498e-07
3.277224887686316 7.563930000813272e-06 3.828255783875442e-07
3.2790148876956664 8.943116974289288e-06 4.174217555279044e-07
3.280804887705017 1.0658656899683932e-05 4.3302576220708186e-07
3.2825948877143674 9.425990666048205e-06 4.3417016829282353e-07
3.284384887723718 7.949028756796943e-06 3.930711846003272e-07
3.2861748877330683 7.860499626961305e-06 4.253870953496406e-07
3.287964887742419 7.897308012457695e-06 3.9480858379151e-07
3.2897548877517693 9.351067539425674e-06 4.319589406001233e-07
3.2915448877611198 1.0606941534983513e-05 4.0740077725531804e-07
3.2933348877704702 9.54284269772891e-06 4.1112365544091444e-07
3.2951248877798207 8.112326796941924e-06 4.23233418584864e-07
3.296914887789171 7.853661209399105e-06 3.657487835022428e-07
3.2987048877985217 8.29949070815949e-06 3.6780422582042724e-07
3.300494887807872 9.359059889517382e-06 3.986882840528555e-07
3.3022848878172226 1.0112056006318761e-05 4.010559135370211e-07
3.304074887826573 8.699384367538185e-06 3.825247949351292e-07
3.3058648878359236 7.458988041203824e-06 3.363261938192291e-07
3.307654887845274 8.26349733794618e-06 3.6723188268279515e-07
3.3094448878546245 8.706201266545055e-06 3.7137204712426633e-07
3.311234887863975 1.0407140852149108e-05 3.686820595944525e-07
3.3130248878733255 1.3999133769867768e-05 4.420988873439676e-07
3.314814887882676 1.2808244914796441e-05 4.1888414870274323e-07
3.3166048878920265 9.315714346233395e-06 3.6788273492463467e-07
3.318394887901377 8.306811500003642e-06 3.5836363212476905e-07
3.3201848879107274 8.643499782742813e-06 3.5331991251110613e-07
3.321974887920078 9.363600304691759e-06 3.527833495754986e-07
3.3237648879294284 1.0260355613399567e-05 3.5911005701273687e-07
3.325554887938779 9.958963141038466e-06 3.938752724920277e-07
3.3273448879481293 9.20616248444799e-06 4.2174337070415343e-07
