#Target name PANSTARRS (C/2017 K2)
#Obs. Start 2022-08-21 21:24:50.752
#Obs. End 2022-08-21 21:30:34.329
#Instrument used NIRSPEC
#Grating used G395M/F290LP
#Lower wavelength (um) 3.255
#Upper wavelength (um) 3.328
#Spectral plate scale (um) 0.001790000009350478
#Center pixel for extract (x,y) = 29,25
#Pixel scale (arcsec/pixel) 0.09999908561794624
#Aperture size (arcsec) 0.09999908561794624 0.09999908561794624
#X offset (arcsec) -0.5999945137076774
#Y offset (arcsec) 0.39999634247178495
#Wave (micron) Flux (Jy) Noise (Jy)
3.25574488757411 9.426704364799945e-06 3.672628716439848e-07
3.2575348875834607 9.924045698591597e-06 3.676406791961379e-07
3.259324887592811 1.1219633981221684e-05 3.9198096716823896e-07
3.2611148876021616 1.151263332039808e-05 4.1053396857183894e-07
3.262904887611512 1.048915523935895e-05 4.0306882308568843e-07
3.2646948876208626 1.0199913577906849e-05 3.966919617239208e-07
3.266484887630213 1.0237228546059936e-05 3.838606545216023e-07
3.2682748876395635 1.1107140353601536e-05 4.0872719445488255e-07
3.270064887648914 1.3403399738441638e-05 4.609174803959552e-07
3.2718548876582645 1.3244279884456332e-05 4.828255551989521e-07
3.273644887667615 1.0523312359517538e-05 4.1065638337422377e-07
3.2754348876769654 9.968658146820564e-06 3.8442736584983195e-07
3.277224887686316 9.687045709838994e-06 3.713840392358298e-07
3.2790148876956664 1.1080349752217176e-05 4.13370074937642e-07
3.280804887705017 1.318523386524057e-05 4.489202413642458e-07
3.2825948877143674 1.2331026120056638e-05 4.5766551674084205e-07
3.284384887723718 1.0485055954568814e-05 3.817609702778135e-07
3.2861748877330683 9.798509136622776e-06 3.972083229949553e-07
3.287964887742419 9.950049976099983e-06 3.7663263342835237e-07
3.2897548877517693 1.163434764897662e-05 4.1616227560526765e-07
3.2915448877611198 1.2993615613069941e-05 4.361971433555209e-07
3.2933348877704702 1.1202819920051642e-05 4.2614116941157297e-07
3.2951248877798207 9.432560101668796e-06 4.398229078526152e-07
3.296914887789171 9.394856902913317e-06 3.961023869306543e-07
3.2987048877985217 1.002939426923611e-05 4.071757010118854e-07
3.300494887807872 1.1954272080508181e-05 4.1952264458664003e-07
3.3022848878172226 1.3587198685569664e-05 4.6242607682305593e-07
3.304074887826573 1.1128675047846835e-05 3.973013459164287e-07
3.3058648878359236 9.686588440538257e-06 3.545407542985887e-07
3.307654887845274 9.696693195478073e-06 3.703289015319599e-07
3.3094448878546245 1.0275259006177707e-05 3.891972282241931e-07
3.311234887863975 1.4098027670520114e-05 4.0833047410996e-07
3.3130248878733255 1.9416904378717587e-05 4.743642238844678e-07
3.314814887882676 1.6926443618460926e-05 4.509280234446512e-07
3.3166048878920265 1.1374043961409398e-05 3.7627214158869044e-07
3.318394887901377 1.066203351965761e-05 3.405420094317781e-07
3.3201848879107274 1.0908417391746513e-05 3.7582056013526037e-07
3.321974887920078 1.1695012939480876e-05 3.8027218324995416e-07
3.3237648879294284 1.2984393118898604e-05 3.8223258528210306e-07
3.325554887938779 1.3062860530905085e-05 3.85514445159268e-07
3.3273448879481293 1.224247547166567e-05 3.9593539397523806e-07
