#Target name PANSTARRS (C/2017 K2)
#Obs. Start 2022-08-21 21:24:50.752
#Obs. End 2022-08-21 21:30:34.329
#Instrument used NIRSPEC
#Grating used G395M/F290LP
#Lower wavelength (um) 3.255
#Upper wavelength (um) 3.328
#Spectral plate scale (um) 0.001790000009350478
#Center pixel for extract (x,y) = 29,25
#Pixel scale (arcsec/pixel) 0.09999908561794624
#Aperture size (arcsec) 0.09999908561794624 0.09999908561794624
#X offset (arcsec) 0.39999634247178495
#Y offset (arcsec) 0.4999954280897312
#Wave (micron) Flux (Jy) Noise (Jy)
3.25574488757411 8.379128191611974e-06 3.6568414377939967e-07
3.2575348875834607 7.934615807759006e-06 3.3826796324813104e-07
3.259324887592811 9.45026090663968e-06 3.7689718837550676e-07
3.2611148876021616 1.1095752554800238e-05 3.805656537558316e-07
3.262904887611512 9.965253732046253e-06 3.5077677231004e-07
3.2646948876208626 8.293209083216423e-06 3.2502715905866355e-07
3.266484887630213 8.121194234950334e-06 3.349683113362867e-07
3.2682748876395635 9.333390942829536e-06 3.067815255612576e-07
3.270064887648914 1.219725422764219e-05 3.554072964348568e-07
3.2718548876582645 1.1634531453303387e-05 3.64420545070782e-07
3.273644887667615 9.03296680545823e-06 3.2419101748558787e-07
3.2754348876769654 8.71664942176366e-06 3.0664468099846347e-07
3.277224887686316 8.532766193627266e-06 3.008292914208545e-07
3.2790148876956664 1.0422139285213283e-05 3.1451282307484076e-07
3.280804887705017 1.312750316771928e-05 3.538146431510028e-07
3.2825948877143674 1.1399003692377864e-05 3.3886583165126387e-07
3.284384887723718 9.26211252151582e-06 3.0221508078023896e-07
3.2861748877330683 9.352676051436503e-06 3.071711010733561e-07
3.287964887742419 8.89040099676608e-06 3.10403507499798e-07
3.2897548877517693 1.042271938960069e-05 3.4304104780200115e-07
3.2915448877611198 1.211418722443418e-05 3.741450548096001e-07
3.2933348877704702 1.0053608920226318e-05 3.0039185953831117e-07
3.2951248877798207 9.03234007753428e-06 2.937818244559103e-07
3.296914887789171 8.127258881127168e-06 3.0730265005417473e-07
3.2987048877985217 8.460808144607749e-06 3.1524249262936247e-07
3.300494887807872 1.1573258263611095e-05 3.5098708256563637e-07
3.3022848878172226 1.3770358352283128e-05 3.684174766283459e-07
3.304074887826573 1.0873182550608543e-05 3.146712142119159e-07
3.3058648878359236 9.700178304834868e-06 3.1573386099498907e-07
3.307654887845274 9.682190585792932e-06 2.8982039291084854e-07
3.3094448878546245 9.553034423496514e-06 3.0781707801750394e-07
3.311234887863975 1.3167919497659133e-05 3.551658571233095e-07
3.3130248878733255 1.8172159959297098e-05 4.2183787863009617e-07
3.314814887882676 1.5569221710336786e-05 3.9184613997000697e-07
3.3166048878920265 1.1184111329406192e-05 3.3551835138792693e-07
3.318394887901377 9.6473296295538e-06 3.1814940288750394e-07
3.3201848879107274 9.88060242520216e-06 3.3112957478313227e-07
3.321974887920078 1.0980844365950904e-05 3.368315156230767e-07
3.3237648879294284 1.1638761642638442e-05 3.513289698210036e-07
3.325554887938779 1.1557607997641751e-05 3.4496446481717867e-07
3.3273448879481293 1.1308228563329783e-05 3.619922265360407e-07
