#Target name PANSTARRS (C/2017 K2)
#Obs. Start 2022-08-21 21:24:50.752
#Obs. End 2022-08-21 21:30:34.329
#Instrument used NIRSPEC
#Grating used G395M/F290LP
#Lower wavelength (um) 3.255
#Upper wavelength (um) 3.328
#Spectral plate scale (um) 0.001790000009350478
#Center pixel for extract (x,y) = 29,25
#Pixel scale (arcsec/pixel) 0.09999908561794624
#Aperture size (arcsec) 0.09999908561794624 0.09999908561794624
#X offset (arcsec) 0.39999634247178495
#Y offset (arcsec) -0.39999634247178495
#Wave (micron) Flux (Jy) Noise (Jy)
3.25574488757411 9.980584806111554e-06 5.137842559201771e-07
3.2575348875834607 9.80523906480186e-06 4.004504800167805e-07
3.259324887592811 1.0029022177550217e-05 4.325606195807622e-07
3.2611148876021616 1.0742086131906645e-05 4.422057796468053e-07
3.262904887611512 1.0142881336827272e-05 3.9935045595140445e-07
3.2646948876208626 9.390655404985368e-06 3.894374907397458e-07
3.266484887630213 9.627693051209794e-06 3.9965810404712094e-07
3.2682748876395635 9.619359990658716e-06 4.0181175279294526e-07
3.270064887648914 1.5024495621104638e-05 6.098168051307414e-07
3.2718548876582645 1.3232085139830207e-05 4.749750370435406e-07
3.273644887667615 9.16128553730977e-06 4.065862943323324e-07
3.2754348876769654 9.66311976613278e-06 4.2038145349208685e-07
3.277224887686316 1.2127615699565824e-05 1.707084926363369e-06
3.2790148876956664 1.1240028192034557e-05 4.377581352233312e-07
3.280804887705017 1.5014439282914312e-05 5.218574126701752e-07
3.2825948877143674 1.2253998658044243e-05 4.851448519904846e-07
3.284384887723718 1.1039444771750065e-05 4.506931125489785e-07
3.2861748877330683 1.039245892116956e-05 4.7502905758348066e-07
3.287964887742419 9.996993601156237e-06 4.6054855485166566e-07
3.2897548877517693 1.1695717672167895e-05 4.898416129184228e-07
3.2915448877611198 1.3925271328701651e-05 5.619717543426654e-07
3.2933348877704702 1.1137691322529603e-05 4.784488827815298e-07
3.2951248877798207 1.0110521912645114e-05 5.297431786675184e-07
3.296914887789171 9.351849380269289e-06 4.468422718084515e-07
3.2987048877985217 9.248383683216045e-06 4.5714890329923734e-07
3.300494887807872 1.3118196392539574e-05 5.427984413551795e-07
3.3022848878172226 1.5343348607902116e-05 5.80994269329136e-07
3.304074887826573 1.1277946576343323e-05 5.007206996226496e-07
3.3058648878359236 1.0170669861215005e-05 4.407187297939856e-07
3.307654887845274 9.500833994694726e-06 4.318755001603197e-07
3.3094448878546245 9.926438741265454e-06 4.412222023469846e-07
3.311234887863975 1.4942403229131727e-05 5.20428894408608e-07
3.3130248878733255 2.149761239482907e-05 6.615953245495327e-07
3.314814887882676 1.7068118200319876e-05 6.043597779524233e-07
3.3166048878920265 1.2421872977622482e-05 4.796807640361992e-07
3.318394887901377 1.0440326947498482e-05 4.6982859995092537e-07
3.3201848879107274 1.0926496564648597e-05 4.511848451609843e-07
3.321974887920078 1.2027463860033216e-05 4.6297166186128826e-07
3.3237648879294284 1.2948617624057998e-05 4.7217723258546473e-07
3.325554887938779 1.2154350711348916e-05 4.709028185612782e-07
3.3273448879481293 1.1831128561213218e-05 4.576918825749103e-07
