#Target name PANSTARRS (C/2017 K2)
#Obs. Start 2022-08-21 21:24:50.752
#Obs. End 2022-08-21 21:30:34.329
#Instrument used NIRSPEC
#Grating used G395M/F290LP
#Lower wavelength (um) 3.255
#Upper wavelength (um) 3.328
#Spectral plate scale (um) 0.001790000009350478
#Center pixel for extract (x,y) = 29,25
#Pixel scale (arcsec/pixel) 0.09999908561794624
#Aperture size (arcsec) 0.09999908561794624 0.09999908561794624
#X offset (arcsec) 0.6999935993256237
#Y offset (arcsec) -0.09999908561794624
#Wave (micron) Flux (Jy) Noise (Jy)
3.25574488757411 7.848214325081501e-06 3.426226688069885e-07
3.2575348875834607 7.982595013290459e-06 3.766192403691764e-07
3.259324887592811 9.260876101190885e-06 3.692912476542947e-07
3.2611148876021616 9.335254091078422e-06 3.7634961399166454e-07
3.262904887611512 7.815286452396073e-06 3.33481373559276e-07
3.2646948876208626 7.574977089155196e-06 3.398828075421678e-07
3.266484887630213 7.464987235108201e-06 3.3624233309514175e-07
3.2682748876395635 8.779841349306107e-06 3.986386624884189e-07
3.270064887648914 1.1287006784743222e-05 4.3046715554437317e-07
3.2718548876582645 1.0699382558856633e-05 3.7607368334989626e-07
3.273644887667615 8.659201155281063e-06 3.9225555290029925e-07
3.2754348876769654 7.748405885827682e-06 3.4996671638151005e-07
3.277224887686316 8.190953804900424e-06 4.5292230039007163e-07
3.2790148876956664 9.740853754045138e-06 4.3306762252174493e-07
3.280804887705017 1.167223106563298e-05 4.99458557899549e-07
3.2825948877143674 1.0003537035189138e-05 3.9149088767441595e-07
3.284384887723718 8.884318418459805e-06 4.3309325986305456e-07
3.2861748877330683 8.61272197237732e-06 3.8441273995675693e-07
3.287964887742419 8.092732359102105e-06 3.682154319636636e-07
3.2897548877517693 8.893488012849291e-06 4.274388952040324e-07
3.2915448877611198 1.089013020614292e-05 4.982553680519847e-07
3.2933348877704702 9.458118765760581e-06 4.300942232899117e-07
3.2951248877798207 7.427388491006714e-06 3.696772647594574e-07
3.296914887789171 7.769462688823386e-06 3.7080427107585116e-07
3.2987048877985217 7.85986303636616e-06 3.567156974481238e-07
3.300494887807872 9.843911495153607e-06 4.572194830399577e-07
3.3022848878172226 1.130372221920134e-05 4.3033019890577e-07
3.304074887826573 9.608745963242784e-06 4.0309709420850976e-07
3.3058648878359236 7.848919954374992e-06 3.6798965524642467e-07
3.307654887845274 7.865687392008489e-06 3.989845284350058e-07
3.3094448878546245 8.1973537818978e-06 3.637410574597419e-07
3.311234887863975 1.1826313784458398e-05 4.591023005933234e-07
3.3130248878733255 1.6636308936962676e-05 5.180829235745324e-07
3.314814887882676 1.4157923672671364e-05 4.4293505693599553e-07
3.3166048878920265 1.0362677240594498e-05 3.8851734834782154e-07
3.318394887901377 8.54523261001442e-06 3.5506773475252636e-07
3.3201848879107274 8.129757723364726e-06 3.679683608427139e-07
3.321974887920078 9.473190720555463e-06 3.975188290238013e-07
3.3237648879294284 1.0212243710110252e-05 3.788393780886925e-07
3.325554887938779 1.0055082044659868e-05 3.79905863468224e-07
3.3273448879481293 9.947595964186026e-06 3.7315500513180936e-07
