#Target name PANSTARRS (C/2017 K2)
#Obs. Start 2022-08-21 21:24:50.752
#Obs. End 2022-08-21 21:30:34.329
#Instrument used NIRSPEC
#Grating used G395M/F290LP
#Lower wavelength (um) 3.255
#Upper wavelength (um) 3.328
#Spectral plate scale (um) 0.001790000009350478
#Center pixel for extract (x,y) = 29,25
#Pixel scale (arcsec/pixel) 0.09999908561794624
#Aperture size (arcsec) 0.09999908561794624 0.09999908561794624
#X offset (arcsec) -0.39999634247178495
#Y offset (arcsec) 0.4999954280897312
#Wave (micron) Flux (Jy) Noise (Jy)
3.25574488757411 1.062025076145438e-05 3.254444453145384e-07
3.2575348875834607 1.065418104017554e-05 3.281894620665733e-07
3.259324887592811 1.1433350893108522e-05 3.246021115530152e-07
3.2611148876021616 1.156568193892241e-05 3.2956006515383767e-07
3.262904887611512 1.0715828114766672e-05 3.240138256315522e-07
3.2646948876208626 1.0903648341921768e-05 3.6185047865660264e-07
3.266484887630213 1.0754877119836673e-05 3.4902118881884624e-07
3.2682748876395635 1.1800800847296687e-05 3.2712356508503903e-07
3.270064887648914 1.4867147461508072e-05 3.6497111748251507e-07
3.2718548876582645 1.4245533780873169e-05 3.638021387756492e-07
3.273644887667615 1.1347773391778818e-05 3.3245489924355895e-07
3.2754348876769654 1.0711586269547482e-05 3.149530568526092e-07
3.277224887686316 1.034829118975072e-05 3.1454568930583125e-07
3.2790148876956664 1.2376189084659434e-05 3.261924392638323e-07
3.280804887705017 1.4492617902616732e-05 3.6121024559766627e-07
3.2825948877143674 1.2707878786317016e-05 3.648341048060074e-07
3.284384887723718 1.053025299021755e-05 3.3509019377857874e-07
3.2861748877330683 1.0937001206074939e-05 3.4014949192969324e-07
3.287964887742419 1.0936757329114546e-05 3.581269280161522e-07
3.2897548877517693 1.274881963104301e-05 3.7763994278072974e-07
3.2915448877611198 1.5038383158749965e-05 4.4783896197792575e-07
3.2933348877704702 1.2918673657711497e-05 4.01421981148181e-07
3.2951248877798207 1.0964420328596196e-05 3.889031973392707e-07
3.296914887789171 1.0343022730121051e-05 4.015059259291251e-07
3.2987048877985217 1.0183670655059491e-05 3.907372899346718e-07
3.300494887807872 1.2537368443711e-05 4.2805665706326344e-07
3.3022848878172226 1.4910406930570743e-05 4.758659836872194e-07
3.304074887826573 1.2565813284036261e-05 4.306748880563624e-07
3.3058648878359236 1.041693448464313e-05 3.8533646877456937e-07
3.307654887845274 1.061649487694303e-05 3.879634416807706e-07
3.3094448878546245 1.1123847718601408e-05 4.400275022419523e-07
3.311234887863975 1.4916513717251763e-05 4.806828338445056e-07
3.3130248878733255 2.1176464095463186e-05 5.947807706326449e-07
3.314814887882676 1.8338959247715368e-05 5.721588850021005e-07
3.3166048878920265 1.2484414865472704e-05 4.6916872560646097e-07
3.318394887901377 1.098694487638662e-05 4.7333178153192136e-07
3.3201848879107274 1.2070264266582204e-05 4.804373878227865e-07
3.321974887920078 1.3427336441425514e-05 4.952027592421378e-07
3.3237648879294284 1.3931934011395333e-05 4.895719024840543e-07
3.325554887938779 1.443097620766443e-05 5.16220784007928e-07
3.3273448879481293 1.301411831326593e-05 5.184439197553349e-07
