#Target name PANSTARRS (C/2017 K2)
#Obs. Start 2022-08-21 21:24:50.752
#Obs. End 2022-08-21 21:30:34.329
#Instrument used NIRSPEC
#Grating used G395M/F290LP
#Lower wavelength (um) 3.255
#Upper wavelength (um) 3.328
#Spectral plate scale (um) 0.001790000009350478
#Center pixel for extract (x,y) = 29,25
#Pixel scale (arcsec/pixel) 0.09999908561794624
#Aperture size (arcsec) 0.09999908561794624 0.09999908561794624
#X offset (arcsec) -0.7999926849435699
#Y offset (arcsec) -0.09999908561794624
#Wave (micron) Flux (Jy) Noise (Jy)
3.25574488757411 8.75000945876861e-06 3.006873474087507e-07
3.2575348875834607 9.065570106600785e-06 2.9950096893253697e-07
3.259324887592811 1.0111475901931356e-05 2.9581109707269227e-07
3.2611148876021616 1.0118656823165873e-05 3.2336936171082595e-07
3.262904887611512 9.055713711653719e-06 3.130224389667032e-07
3.2646948876208626 8.540368519903637e-06 2.912300263985986e-07
3.266484887630213 8.51618435353348e-06 3.0236464594735503e-07
3.2682748876395635 1.0098753056093202e-05 3.241097625240598e-07
3.270064887648914 1.1606707064656774e-05 3.3551000174015615e-07
3.2718548876582645 1.0622034111727253e-05 3.295284597756985e-07
3.273644887667615 8.43214004927095e-06 3.0338924299327125e-07
3.2754348876769654 8.422089090719456e-06 2.8498521835879016e-07
3.277224887686316 9.046444593945837e-06 3.0353875212248287e-07
3.2790148876956664 1.068036284576539e-05 3.485672817923793e-07
3.280804887705017 1.1861341509501329e-05 3.8392907680299936e-07
3.2825948877143674 1.074322661533907e-05 3.076529710141696e-07
3.284384887723718 9.247803578828638e-06 2.982476811983477e-07
3.2861748877330683 9.22204586810006e-06 3.364158544664325e-07
3.287964887742419 9.116355690389703e-06 3.165452057953226e-07
3.2897548877517693 9.994742222304962e-06 2.957239861501438e-07
3.2915448877611198 1.0884815122976706e-05 3.583241534210473e-07
3.2933348877704702 9.538556022186119e-06 3.907634876550266e-07
3.2951248877798207 7.868011395984001e-06 3.8070300265976624e-07
3.296914887789171 8.387796582983594e-06 3.474708441528914e-07
3.2987048877985217 9.281842346932916e-06 3.556515936795336e-07
3.300494887807872 1.1681762889037165e-05 3.9753107330593503e-07
3.3022848878172226 1.1466797900941257e-05 4.583770019953529e-07
3.304074887826573 9.586552263240541e-06 6.239936664770119e-07
3.3058648878359236 9.533309081111779e-06 3.6821475950880956e-07
3.307654887845274 9.115623162902052e-06 3.6383049395532726e-07
3.3094448878546245 9.295034117955944e-06 3.711715995398624e-07
3.311234887863975 1.2500456051863854e-05 4.3707833940381624e-07
3.3130248878733255 1.639140984519146e-05 4.7368476429238e-07
3.314814887882676 1.4406113310194944e-05 4.5548785575293866e-07
3.3166048878920265 1.0207434312994264e-05 4.0380835531140253e-07
3.318394887901377 8.968318789005203e-06 4.048967795305466e-07
3.3201848879107274 9.513779198937945e-06 3.736777827429094e-07
3.321974887920078 1.1458533879088525e-05 4.4255391512852456e-07
3.3237648879294284 1.1705981126453261e-05 4.5977671677400606e-07
3.325554887938779 1.1100591539929802e-05 4.5442066989960077e-07
3.3273448879481293 1.085790796275098e-05 4.399582954298922e-07
