#Target name PANSTARRS (C/2017 K2)
#Obs. Start 2022-08-21 21:24:50.752
#Obs. End 2022-08-21 21:30:34.329
#Instrument used NIRSPEC
#Grating used G395M/F290LP
#Lower wavelength (um) 3.255
#Upper wavelength (um) 3.328
#Spectral plate scale (um) 0.001790000009350478
#Center pixel for extract (x,y) = 29,25
#Pixel scale (arcsec/pixel) 0.09999908561794624
#Aperture size (arcsec) 0.09999908561794624 0.09999908561794624
#X offset (arcsec) 0.4999954280897312
#Y offset (arcsec) 0.4999954280897312
#Wave (micron) Flux (Jy) Noise (Jy)
3.25574488757411 7.232270783775738e-06 3.446810531151593e-07
3.2575348875834607 7.317496815368405e-06 3.26795659286845e-07
3.259324887592811 8.620550243484645e-06 3.74451189881895e-07
3.2611148876021616 1.0245196687776898e-05 3.806017141473787e-07
3.262904887611512 9.377299554977957e-06 3.5348340309749097e-07
3.2646948876208626 7.67640659291045e-06 3.389511773798205e-07
3.266484887630213 7.514723341021604e-06 3.428924352792616e-07
3.2682748876395635 8.54384914622807e-06 3.1730936668006534e-07
3.270064887648914 1.1222437669659734e-05 3.689429720778142e-07
3.2718548876582645 1.1074316487266862e-05 3.9113146055493955e-07
3.273644887667615 8.305134845900941e-06 3.3517898583826233e-07
3.2754348876769654 8.48419164139838e-06 3.269397887772244e-07
3.277224887686316 7.77976380058058e-06 3.383441187603494e-07
3.2790148876956664 9.77111153265685e-06 3.4067190529441396e-07
3.280804887705017 1.2147326696247008e-05 4.0199250305391676e-07
3.2825948877143674 1.0827436791798924e-05 3.869778470163879e-07
3.284384887723718 8.107455533979365e-06 3.517570153545428e-07
3.2861748877330683 8.346777733494535e-06 3.519997995757981e-07
3.287964887742419 8.70387098632424e-06 3.777982498609481e-07
3.2897548877517693 9.83565464615265e-06 3.9256844054008666e-07
3.2915448877611198 1.0492177699776176e-05 4.0276008225083416e-07
3.2933348877704702 8.807071287861763e-06 3.311451533205838e-07
3.2951248877798207 7.637336965891594e-06 3.3557640665699113e-07
3.296914887789171 7.353616158791037e-06 3.5569676023056225e-07
3.2987048877985217 7.96692053894637e-06 3.640098432686862e-07
3.300494887807872 9.622928484417411e-06 4.205701050975931e-07
3.3022848878172226 1.1793488124910782e-05 4.226960991375457e-07
3.304074887826573 9.16448642241493e-06 3.626143033139184e-07
3.3058648878359236 8.426617850009699e-06 3.893812006646735e-07
3.307654887845274 8.472143043627195e-06 3.4791259095408136e-07
3.3094448878546245 8.714718131422902e-06 3.7698452344967325e-07
3.311234887863975 1.2475445214326482e-05 4.233725326827904e-07
3.3130248878733255 1.7620913747800322e-05 5.098804873788479e-07
3.314814887882676 1.4448596318052832e-05 4.576278592690167e-07
3.3166048878920265 1.0267836001195743e-05 3.71918108484687e-07
3.318394887901377 9.208016666632154e-06 3.711111626598569e-07
3.3201848879107274 8.850968244126049e-06 3.4867268909074775e-07
3.321974887920078 1.01586122973791e-05 3.726188904994379e-07
3.3237648879294284 1.1228747986009905e-05 3.9492461027278155e-07
3.325554887938779 1.098807460054138e-05 3.7243542240009806e-07
3.3273448879481293 1.021279781290997e-05 3.660881210329552e-07
