#Target name PANSTARRS (C/2017 K2)
#Obs. Start 2022-08-21 21:24:50.752
#Obs. End 2022-08-21 21:30:34.329
#Instrument used NIRSPEC
#Grating used G395M/F290LP
#Lower wavelength (um) 3.255
#Upper wavelength (um) 3.328
#Spectral plate scale (um) 0.001790000009350478
#Center pixel for extract (x,y) = 29,25
#Pixel scale (arcsec/pixel) 0.09999908561794624
#Aperture size (arcsec) 0.09999908561794624 0.09999908561794624
#X offset (arcsec) 0.5999945137076774
#Y offset (arcsec) -0.6999935993256237
#Wave (micron) Flux (Jy) Noise (Jy)
3.25574488757411 5.926007952792855e-06 3.117153548441919e-07
3.2575348875834607 5.85543964380499e-06 3.30668046601653e-07
3.259324887592811 6.83725511190814e-06 4.0640630058307167e-07
3.2611148876021616 6.967345538148418e-06 3.4812461036576504e-07
3.262904887611512 5.7568860053087815e-06 3.185446382279572e-07
3.2646948876208626 5.803164796666023e-06 2.90589877396519e-07
3.266484887630213 5.7870397775697385e-06 2.7819415282589524e-07
3.2682748876395635 6.254026050947461e-06 2.910560006861674e-07
3.270064887648914 8.361967143737253e-06 3.546782152783323e-07
3.2718548876582645 7.99803726655829e-06 3.0793663488675917e-07
3.273644887667615 6.00090373291799e-06 2.789544470952274e-07
3.2754348876769654 5.8903400507288926e-06 2.683539248142804e-07
3.277224887686316 6.293296069512818e-06 2.704720175096982e-07
3.2790148876956664 7.746255823507745e-06 3.393470291372233e-07
3.280804887705017 9.136354497748409e-06 3.8546628058034846e-07
3.2825948877143674 7.32658661178188e-06 2.922892828884494e-07
3.284384887723718 5.9683699187770196e-06 3.047726507417144e-07
3.2861748877330683 6.110353829868821e-06 2.9420535893813715e-07
3.287964887742419 5.912706795780239e-06 2.8006637921531015e-07
3.2897548877517693 6.900524595910416e-06 2.665371759503226e-07
3.2915448877611198 8.484974378848467e-06 3.3553872116621345e-07
3.2933348877704702 6.900907895177212e-06 3.256756296895617e-07
3.2951248877798207 5.542776828090429e-06 2.922965958349869e-07
3.296914887789171 5.436863395368534e-06 2.8534041461647667e-07
3.2987048877985217 5.538800378386961e-06 2.682831769598465e-07
3.300494887807872 7.849450745406436e-06 3.0305564934777035e-07
3.3022848878172226 9.07196201413991e-06 3.3926081482114685e-07
3.304074887826573 6.763643272250958e-06 3.0216767271303015e-07
3.3058648878359236 5.963713393064514e-06 2.8117158678685264e-07
3.307654887845274 5.98281066261559e-06 2.6908135285262205e-07
3.3094448878546245 6.255584801299091e-06 2.848904582622771e-07
3.311234887863975 8.673838255937008e-06 3.2661404043835377e-07
3.3130248878733255 1.3493492549964502e-05 3.8650107652488404e-07
3.314814887882676 1.0922690470174813e-05 3.4455810595268174e-07
3.3166048878920265 7.015784702800025e-06 2.8653141621981184e-07
3.318394887901377 6.05147188963744e-06 3.479982448911128e-07
3.3201848879107274 6.765005665785212e-06 3.869806208926607e-07
3.321974887920078 7.363159189776125e-06 3.1324874804403485e-07
3.3237648879294284 8.37841269964729e-06 3.22411757979742e-07
3.325554887938779 8.157262920107296e-06 3.473075496991723e-07
3.3273448879481293 7.712030561257284e-06 3.2617419892591686e-07
