#Target name PANSTARRS (C/2017 K2)
#Obs. Start 2022-08-21 21:24:50.752
#Obs. End 2022-08-21 21:30:34.329
#Instrument used NIRSPEC
#Grating used G395M/F290LP
#Lower wavelength (um) 3.255
#Upper wavelength (um) 3.328
#Spectral plate scale (um) 0.001790000009350478
#Center pixel for extract (x,y) = 29,25
#Pixel scale (arcsec/pixel) 0.09999908561794624
#Aperture size (arcsec) 0.09999908561794624 0.09999908561794624
#X offset (arcsec) -0.6999935993256237
#Y offset (arcsec) -0.4999954280897312
#Wave (micron) Flux (Jy) Noise (Jy)
3.25574488757411 6.956416801860803e-06 4.4053685877492406e-07
3.2575348875834607 7.161967422000359e-06 3.8124572976486897e-07
3.259324887592811 8.46826880706154e-06 4.178643428976619e-07
3.2611148876021616 8.45632062921522e-06 4.680676928588039e-07
3.262904887611512 7.643155045288619e-06 4.043129486224916e-07
3.2646948876208626 7.49905828104547e-06 4.778480443694583e-07
3.266484887630213 7.2742481055834e-06 3.8897192782914247e-07
3.2682748876395635 7.011081105247737e-06 3.8658112667146527e-07
3.270064887648914 9.935810968717619e-06 4.767673533811355e-07
3.2718548876582645 9.36734005028661e-06 4.424917130545273e-07
3.273644887667615 7.36210747038443e-06 3.8985553350733146e-07
3.2754348876769654 6.3486216201728775e-06 3.603140874288688e-07
3.277224887686316 7.236759195774737e-06 3.577433485598354e-07
3.2790148876956664 8.16419996438142e-06 4.2151888285871803e-07
3.280804887705017 1.023915176694245e-05 4.488039066744995e-07
3.2825948877143674 8.810668473027561e-06 4.4034386423181886e-07
3.284384887723718 8.221672439238763e-06 4.342764161597595e-07
3.2861748877330683 7.724389384867795e-06 3.884824927712212e-07
3.287964887742419 6.956715820119225e-06 3.605547702287053e-07
3.2897548877517693 8.312985532170064e-06 3.886512789395815e-07
3.2915448877611198 1.0730064432329618e-05 4.157774913340041e-07
3.2933348877704702 8.110205426029091e-06 3.975580275380006e-07
3.2951248877798207 6.743557494064465e-06 3.93480429416906e-07
3.296914887789171 6.9194878227939245e-06 4.041647283650835e-07
3.2987048877985217 6.827873021784782e-06 3.8519906383273024e-07
3.300494887807872 8.899567901336152e-06 4.2517989519774407e-07
3.3022848878172226 1.0337213616788747e-05 4.5588950743345736e-07
3.304074887826573 7.501561158012152e-06 4.0799561961160775e-07
3.3058648878359236 7.911330041073826e-06 3.6516489655628327e-07
3.307654887845274 6.96000950399424e-06 3.6535133466456177e-07
3.3094448878546245 7.572338376308001e-06 3.995182894753882e-07
3.311234887863975 1.1082537472008938e-05 4.4814520912602965e-07
3.3130248878733255 1.6176138217682117e-05 5.074348251126632e-07
3.314814887882676 1.1052523570357618e-05 4.2242560417251413e-07
3.3166048878920265 8.209409552520761e-06 4.390075283231575e-07
3.318394887901377 7.791325541037451e-06 4.128526769653742e-07
3.3201848879107274 8.034794545485776e-06 3.767134400866444e-07
3.321974887920078 9.016787541670386e-06 4.2966595360475446e-07
3.3237648879294284 9.885169738570699e-06 4.5568659418125526e-07
3.325554887938779 8.520231635148238e-06 4.3723210741377e-07
3.3273448879481293 8.91103639471993e-06 4.2103917037722784e-07
