#Target name PANSTARRS (C/2017 K2)
#Obs. Start 2022-08-21 21:24:50.752
#Obs. End 2022-08-21 21:30:34.329
#Instrument used NIRSPEC
#Grating used G395M/F290LP
#Lower wavelength (um) 3.255
#Upper wavelength (um) 3.328
#Spectral plate scale (um) 0.001790000009350478
#Center pixel for extract (x,y) = 29,25
#Pixel scale (arcsec/pixel) 0.09999908561794624
#Aperture size (arcsec) 0.09999908561794624 0.09999908561794624
#X offset (arcsec) 0.0
#Y offset (arcsec) 0.39999634247178495
#Wave (micron) Flux (Jy) Noise (Jy)
3.25574488757411 1.366789595787209e-05 4.975335438040933e-07
3.2575348875834607 1.4293591887774162e-05 5.11533661599564e-07
3.259324887592811 1.6381028935458255e-05 5.417416225141747e-07
3.2611148876021616 1.650402182486592e-05 5.040520409694899e-07
3.262904887611512 1.5578125012604078e-05 5.163247903586839e-07
3.2646948876208626 1.469558988254272e-05 4.675699081531119e-07
3.266484887630213 1.4505019763337897e-05 4.4561361273329093e-07
3.2682748876395635 1.6567196716885395e-05 4.889920222482666e-07
3.270064887648914 2.073111069473945e-05 5.513963370429353e-07
3.2718548876582645 1.8703315012968544e-05 5.08246534159376e-07
3.273644887667615 1.5088386005088797e-05 4.5413655772377517e-07
3.2754348876769654 1.4074225458507042e-05 4.4378585242109853e-07
3.277224887686316 1.4329028465368339e-05 4.731268509151572e-07
3.2790148876956664 1.7076280905641267e-05 4.813853810532484e-07
3.280804887705017 2.1431356762971686e-05 5.183721351996677e-07
3.2825948877143674 1.898301140191938e-05 4.805435796518179e-07
3.284384887723718 1.575722574181865e-05 4.290471270253379e-07
3.2861748877330683 1.4875272509357638e-05 4.09457732596924e-07
3.287964887742419 1.4234007904675178e-05 4.007867915006498e-07
3.2897548877517693 1.7577519787766846e-05 4.4716689938923215e-07
3.2915448877611198 2.0243261733667216e-05 4.752115170005395e-07
3.2933348877704702 1.7875472877701227e-05 5.241061577399397e-07
3.2951248877798207 1.4913032194320854e-05 4.874992845481399e-07
3.296914887789171 1.4251353653483139e-05 4.0910376917313654e-07
3.2987048877985217 1.5561844432284895e-05 4.181250592483579e-07
3.300494887807872 2.055089458707367e-05 4.991717559043074e-07
3.3022848878172226 2.308227825992688e-05 5.213135648069824e-07
3.304074887826573 1.8321452109742442e-05 4.4491935913441454e-07
3.3058648878359236 1.4710578452935702e-05 3.8994286858149795e-07
3.307654887845274 1.4726077192411272e-05 3.8649404376786905e-07
3.3094448878546245 1.5006057805613743e-05 3.949167649661513e-07
3.311234887863975 2.1206044936188512e-05 4.3751204476571017e-07
3.3130248878733255 2.9682899646826245e-05 5.105395491736969e-07
3.314814887882676 2.6721559099587056e-05 5.05660777131936e-07
3.3166048878920265 1.8428263045542847e-05 4.2805416337651307e-07
3.318394887901377 1.5355565767690046e-05 3.8446196925586196e-07
3.3201848879107274 1.564252287585141e-05 3.991262482954916e-07
3.321974887920078 1.7742129563180413e-05 4.277699111059262e-07
3.3237648879294284 1.9077045695493305e-05 4.2981616320777234e-07
3.325554887938779 1.917857561917343e-05 4.160864283015241e-07
3.3273448879481293 1.8948775380391254e-05 4.238155683557839e-07
