#Target name PANSTARRS (C/2017 K2)
#Obs. Start 2022-08-21 21:24:50.752
#Obs. End 2022-08-21 21:30:34.329
#Instrument used NIRSPEC
#Grating used G395M/F290LP
#Lower wavelength (um) 3.255
#Upper wavelength (um) 3.328
#Spectral plate scale (um) 0.001790000009350478
#Center pixel for extract (x,y) = 29,25
#Pixel scale (arcsec/pixel) 0.09999908561794624
#Aperture size (arcsec) 0.09999908561794624 0.09999908561794624
#X offset (arcsec) 0.19999817123589247
#Y offset (arcsec) 0.19999817123589247
#Wave (micron) Flux (Jy) Noise (Jy)
3.25574488757411 1.794905019800924e-05 4.425528223893868e-07
3.2575348875834607 1.857485641050737e-05 4.518917072883737e-07
3.259324887592811 2.086464229661939e-05 5.012395545804345e-07
3.2611148876021616 2.0984898743074406e-05 4.76432919167067e-07
3.262904887611512 1.8471070624943607e-05 4.3726480553104693e-07
3.2646948876208626 1.8066824837749666e-05 4.43416590649382e-07
3.266484887630213 1.852890174238977e-05 4.084797871065058e-07
3.2682748876395635 2.0585742094215722e-05 4.378967169611648e-07
3.270064887648914 2.6114583416214568e-05 5.060077638366129e-07
3.2718548876582645 2.5216981710997163e-05 4.7326296698519276e-07
3.273644887667615 2.0609469887891616e-05 4.184952456454987e-07
3.2754348876769654 1.8584396303369804e-05 4.072544062487586e-07
3.277224887686316 1.871062414892856e-05 4.24065245239293e-07
3.2790148876956664 2.2904916947268053e-05 4.50727659917104e-07
3.280804887705017 2.7105527234809494e-05 4.631260182692393e-07
3.2825948877143674 2.3525051227224102e-05 4.103236583162426e-07
3.284384887723718 2.0418297249137586e-05 3.8322812667453495e-07
3.2861748877330683 1.9308490310545188e-05 3.817930519781409e-07
3.287964887742419 1.8743466843999148e-05 3.840763163970786e-07
3.2897548877517693 2.284314255455789e-05 4.3700039067865386e-07
3.2915448877611198 2.6718743755264872e-05 4.666788774525764e-07
3.2933348877704702 2.3440223288905018e-05 4.3153518196627846e-07
3.2951248877798207 1.959005522738374e-05 3.9500953571705447e-07
3.296914887789171 1.8258422467971434e-05 3.8307547942267127e-07
3.2987048877985217 1.8348054423767675e-05 3.866535556630342e-07
3.300494887807872 2.4715290939209674e-05 4.5432162290339337e-07
3.3022848878172226 2.9370773001781957e-05 4.940155401973566e-07
3.304074887826573 2.4149256100563183e-05 4.317835979969362e-07
3.3058648878359236 1.922030547759481e-05 3.672656735392099e-07
3.307654887845274 1.8963564007540976e-05 3.780109977653903e-07
3.3094448878546245 2.0228742088459106e-05 4.098220350140921e-07
3.311234887863975 2.868003813500505e-05 4.771202240657852e-07
3.3130248878733255 3.9280494515376344e-05 5.541416900223973e-07
3.314814887882676 3.4963786242197186e-05 5.172621924251948e-07
3.3166048878920265 2.3760971701784377e-05 4.1376051903726034e-07
3.318394887901377 2.022766257426678e-05 3.8454092666330546e-07
3.3201848879107274 2.0521561209734624e-05 3.9467714688650035e-07
3.321974887920078 2.2873569791792822e-05 4.1872460878862576e-07
3.3237648879294284 2.573026022482921e-05 4.43241472197813e-07
3.325554887938779 2.556212319955466e-05 4.375639638842314e-07
3.3273448879481293 2.4202240163421525e-05 4.319041355295202e-07
