#Target name PANSTARRS (C/2017 K2)
#Obs. Start 2022-08-21 21:24:50.752
#Obs. End 2022-08-21 21:30:34.329
#Instrument used NIRSPEC
#Grating used G395M/F290LP
#Lower wavelength (um) 3.255
#Upper wavelength (um) 3.328
#Spectral plate scale (um) 0.001790000009350478
#Center pixel for extract (x,y) = 29,25
#Pixel scale (arcsec/pixel) 0.09999908561794624
#Aperture size (arcsec) 0.09999908561794624 0.09999908561794624
#X offset (arcsec) -0.5999945137076774
#Y offset (arcsec) 0.4999954280897312
#Wave (micron) Flux (Jy) Noise (Jy)
3.25574488757411 8.930111697412442e-06 3.2019907330152467e-07
3.2575348875834607 9.539856998177038e-06 3.5331027399153175e-07
3.259324887592811 1.0182720252199135e-05 3.7904994051485907e-07
3.2611148876021616 1.0326854225610871e-05 3.5884914452937514e-07
3.262904887611512 9.273296790647967e-06 3.3392059865476336e-07
3.2646948876208626 9.015049021721115e-06 3.6566262522407087e-07
3.266484887630213 9.109129042225112e-06 3.796954691557709e-07
3.2682748876395635 1.0301891804822989e-05 3.80676860977316e-07
3.270064887648914 1.2027375992598957e-05 4.1871155195687675e-07
3.2718548876582645 1.146987236453386e-05 4.156641546721486e-07
3.273644887667615 1.0105517055318222e-05 4.0061287786402754e-07
3.2754348876769654 9.17931091382353e-06 3.6895869071002706e-07
3.277224887686316 8.925297817264094e-06 3.9038472745849695e-07
3.2790148876956664 1.0352059626752676e-05 4.360877853848851e-07
3.280804887705017 1.2212947530722191e-05 4.6971288167812855e-07
3.2825948877143674 1.0777996117718055e-05 4.590644750077845e-07
3.284384887723718 9.213547831958128e-06 4.3846376451682146e-07
3.2861748877330683 9.028421907251493e-06 4.3017203192031284e-07
3.287964887742419 9.273840134170017e-06 4.167386814909762e-07
3.2897548877517693 1.0888189053130967e-05 4.5653534428284387e-07
3.2915448877611198 1.2123276124241182e-05 4.862967671554295e-07
3.2933348877704702 1.0386108257528146e-05 5.021012494379632e-07
3.2951248877798207 8.336376201812474e-06 4.175824722380164e-07
3.296914887789171 8.329704553054073e-06 4.415383682041854e-07
3.2987048877985217 8.655932128084028e-06 4.6544043976308015e-07
3.300494887807872 1.104148813789983e-05 4.727468578847285e-07
3.3022848878172226 1.314932387942916e-05 5.303373485689541e-07
3.304074887826573 1.08110100646248e-05 5.104831750417678e-07
3.3058648878359236 9.475281606848246e-06 4.189879028829288e-07
3.307654887845274 9.211711581903404e-06 4.3470087526741057e-07
3.3094448878546245 9.637507305652674e-06 4.745108750805498e-07
3.311234887863975 1.3025339343263428e-05 4.6405369775931924e-07
3.3130248878733255 1.8624661106815884e-05 6.054233213419684e-07
3.314814887882676 1.6102935678879415e-05 5.530446359659598e-07
3.3166048878920265 1.0716803622608244e-05 4.4236022011161306e-07
3.318394887901377 9.58368132931709e-06 4.514565449409627e-07
3.3201848879107274 9.72434633228853e-06 4.4256545893685196e-07
3.321974887920078 1.0309135488510547e-05 3.973265629734547e-07
3.3237648879294284 1.2026916033478803e-05 4.861313432613394e-07
3.325554887938779 1.2061791335421489e-05 4.463500348553052e-07
3.3273448879481293 1.1410643437597802e-05 4.3517983123718996e-07
