#Target name PANSTARRS (C/2017 K2)
#Obs. Start 2022-08-21 21:24:50.752
#Obs. End 2022-08-21 21:30:34.329
#Instrument used NIRSPEC
#Grating used G395M/F290LP
#Lower wavelength (um) 3.255
#Upper wavelength (um) 3.328
#Spectral plate scale (um) 0.001790000009350478
#Center pixel for extract (x,y) = 29,25
#Pixel scale (arcsec/pixel) 0.09999908561794624
#Aperture size (arcsec) 0.09999908561794624 0.09999908561794624
#X offset (arcsec) 0.0
#Y offset (arcsec) 0.6999935993256237
#Wave (micron) Flux (Jy) Noise (Jy)
3.25574488757411 8.672045042992942e-06 2.8940089315774585e-07
3.2575348875834607 8.545209298246146e-06 2.942975693099953e-07
3.259324887592811 1.0037940722127535e-05 2.998857532038006e-07
3.2611148876021616 1.0238397720899469e-05 2.853979095064958e-07
3.262904887611512 9.38857079493789e-06 2.8279859130616635e-07
3.2646948876208626 8.719896033798895e-06 2.6810648944695145e-07
3.266484887630213 8.515854402351772e-06 2.776198763805578e-07
3.2682748876395635 9.870418768892803e-06 3.2208365604888223e-07
3.270064887648914 1.3314072628845888e-05 3.422715913352829e-07
3.2718548876582645 1.2272184527116498e-05 3.29427955793974e-07
3.273644887667615 9.55002989520873e-06 2.781537775157015e-07
3.2754348876769654 8.91731084681122e-06 2.7537412933868433e-07
3.277224887686316 9.096803393054068e-06 2.8836735806606156e-07
3.2790148876956664 1.0590533636545302e-05 3.120027172184786e-07
3.280804887705017 1.2749475946980537e-05 3.3726771467172097e-07
3.2825948877143674 1.1480708750354857e-05 3.362794301879221e-07
3.284384887723718 9.961046854479472e-06 3.315694443145214e-07
3.2861748877330683 8.971224690581065e-06 2.7134267843194717e-07
3.287964887742419 9.175429504406099e-06 2.833269727077165e-07
3.2897548877517693 1.1374313839957479e-05 3.1419948713181737e-07
3.2915448877611198 1.2342366398714916e-05 3.27559287811495e-07
3.2933348877704702 1.0364419346969658e-05 2.937432983965652e-07
3.2951248877798207 9.26084740978378e-06 2.8027187021111927e-07
3.296914887789171 8.578451879803258e-06 2.719372125797621e-07
3.2987048877985217 8.922785525929456e-06 2.7792836504484187e-07
3.300494887807872 1.1701829838487747e-05 3.238790264522725e-07
3.3022848878172226 1.3282964867298688e-05 3.392740397666093e-07
3.304074887826573 1.127092973409319e-05 3.145819178110918e-07
3.3058648878359236 9.608833830677043e-06 3.003258468868077e-07
3.307654887845274 9.646128176881276e-06 2.927583201491319e-07
3.3094448878546245 9.867416930424435e-06 2.844898432829917e-07
3.311234887863975 1.4022691208313975e-05 3.217317940465136e-07
3.3130248878733255 1.854591036716424e-05 3.5993090023788354e-07
3.314814887882676 1.570843062439764e-05 3.377548521755576e-07
3.3166048878920265 1.0989144252062517e-05 3.0468332632193805e-07
3.318394887901377 9.50463201971026e-06 2.8521390904706315e-07
3.3201848879107274 9.93052009392615e-06 2.8612102262619073e-07
3.321974887920078 1.0712126026643646e-05 2.933158972989277e-07
3.3237648879294284 1.1459267303182648e-05 3.0122234128303216e-07
3.325554887938779 1.1897429920000677e-05 3.112571609180306e-07
3.3273448879481293 1.1684384566361391e-05 3.1303784939044125e-07
