#Target name PANSTARRS (C/2017 K2)
#Obs. Start 2022-08-21 21:24:50.752
#Obs. End 2022-08-21 21:30:34.329
#Instrument used NIRSPEC
#Grating used G395M/F290LP
#Lower wavelength (um) 3.255
#Upper wavelength (um) 3.328
#Spectral plate scale (um) 0.001790000009350478
#Center pixel for extract (x,y) = 29,25
#Pixel scale (arcsec/pixel) 0.09999908561794624
#Aperture size (arcsec) 0.09999908561794624 0.09999908561794624
#X offset (arcsec) -0.2999972568538387
#Y offset (arcsec) -0.19999817123589247
#Wave (micron) Flux (Jy) Noise (Jy)
3.25574488757411 1.6309777412338703e-05 4.165667291810115e-07
3.2575348875834607 1.5904891448123726e-05 4.142430614329278e-07
3.259324887592811 1.9747199857311157e-05 4.7003792954319296e-07
3.2611148876021616 1.9808240825927194e-05 4.746772516190165e-07
3.262904887611512 1.755828399251584e-05 4.7129418728632083e-07
3.2646948876208626 1.7264518054805857e-05 4.074572074251516e-07
3.266484887630213 1.634632847177762e-05 4.442204263705123e-07
3.2682748876395635 1.936677690407914e-05 4.6510838715995305e-07
3.270064887648914 2.5559774090597934e-05 5.752370470964002e-07
3.2718548876582645 2.2362457479197208e-05 5.365918511662415e-07
3.273644887667615 1.7620858158199057e-05 4.5874693622192343e-07
3.2754348876769654 1.76651541043434e-05 4.820147987966159e-07
3.277224887686316 1.7610948863470142e-05 4.6556038889766686e-07
3.2790148876956664 2.0911780485280077e-05 5.159011438006481e-07
3.280804887705017 2.5572629634193953e-05 5.827164822481989e-07
3.2825948877143674 2.0399393198281232e-05 5.00581557505771e-07
3.284384887723718 1.8110297699152677e-05 4.853147028790304e-07
3.2861748877330683 1.7647842426581377e-05 4.827437958962835e-07
3.287964887742419 1.870994093479687e-05 5.053754321222114e-07
3.2897548877517693 2.2370057115654163e-05 5.48480740909596e-07
3.2915448877611198 2.343398470107261e-05 5.732093715598967e-07
3.2933348877704702 1.953422354237022e-05 5.381304278722508e-07
3.2951248877798207 1.6966686903351676e-05 5.138639978582836e-07
3.296914887789171 1.707250260596812e-05 5.218322516510538e-07
3.2987048877985217 1.8015074505396836e-05 5.224138130239765e-07
3.300494887807872 2.302978195098932e-05 5.84466209778372e-07
3.3022848878172226 2.6425135620293965e-05 6.260018968606533e-07
3.304074887826573 2.0394815125635028e-05 5.143437943966304e-07
3.3058648878359236 1.82560608065241e-05 4.926784197580321e-07
3.307654887845274 1.8119918286597594e-05 4.939861202974929e-07
3.3094448878546245 1.8486596262613342e-05 5.010468962647564e-07
3.311234887863975 2.6554637872688585e-05 6.155481378515973e-07
3.3130248878733255 3.739259992786271e-05 6.677358460490628e-07
3.314814887882676 2.968397378137974e-05 5.897465494437951e-07
3.3166048878920265 2.031010374615731e-05 4.604234222109125e-07
3.318394887901377 1.7490283564463882e-05 4.5308405380141696e-07
3.3201848879107274 1.8549629490810235e-05 4.5621374274890646e-07
3.321974887920078 2.2492714674241283e-05 4.999158272002861e-07
3.3237648879294284 2.343023688601951e-05 4.886189218800917e-07
3.325554887938779 2.2735108647529638e-05 4.989923225340917e-07
3.3273448879481293 2.151039979633321e-05 4.852605702632814e-07
