#Target name PANSTARRS (C/2017 K2)
#Obs. Start 2022-08-21 21:24:50.752
#Obs. End 2022-08-21 21:30:34.329
#Instrument used NIRSPEC
#Grating used G395M/F290LP
#Lower wavelength (um) 3.255
#Upper wavelength (um) 3.328
#Spectral plate scale (um) 0.001790000009350478
#Center pixel for extract (x,y) = 29,25
#Pixel scale (arcsec/pixel) 0.09999908561794624
#Aperture size (arcsec) 0.09999908561794624 0.09999908561794624
#X offset (arcsec) 0.6999935993256237
#Y offset (arcsec) -0.6999935993256237
#Wave (micron) Flux (Jy) Noise (Jy)
3.25574488757411 5.73404361052402e-06 2.8716189868336484e-07
3.2575348875834607 5.625866694763477e-06 3.2079940737245556e-07
3.259324887592811 6.263205956311376e-06 3.018327901957257e-07
3.2611148876021616 6.7146114507213365e-06 2.819445456226022e-07
3.262904887611512 5.853324100834227e-06 3.168933692959941e-07
3.2646948876208626 5.0807568579613e-06 2.702344167946093e-07
3.266484887630213 4.908503512373649e-06 2.693009373814135e-07
3.2682748876395635 5.370056798834085e-06 2.775676490535619e-07
3.270064887648914 7.511152157443494e-06 3.197999713456608e-07
3.2718548876582645 7.146584344759681e-06 3.0428161860351485e-07
3.273644887667615 5.622106775523004e-06 2.7404723581693154e-07
3.2754348876769654 5.721256657323116e-06 2.5443820010298976e-07
3.277224887686316 4.599047409706316e-06 9.086410603285111e-07
3.2790148876956664 1.927707052994572e-06 2.675253595658934e-06
3.280804887705017 8.739239421826544e-06 3.5167119330379785e-07
3.2825948877143674 6.5774575586943795e-06 2.759866796727967e-07
3.284384887723718 5.708348213945251e-06 3.0998061745347295e-07
3.2861748877330683 5.61563372509816e-06 2.813343208615267e-07
3.287964887742419 5.7652791384934865e-06 2.856721309921768e-07
3.2897548877517693 6.814587107082191e-06 2.748617467588694e-07
3.2915448877611198 8.218764744449959e-06 4.009301084414139e-07
3.2933348877704702 6.302745405121579e-06 3.2353848410661324e-07
3.2951248877798207 4.9482666644986245e-06 2.9866866595591966e-07
3.296914887789171 5.108276400407423e-06 3.098319488928289e-07
3.2987048877985217 5.26913253282582e-06 2.916105237701678e-07
3.300494887807872 7.404689104954243e-06 3.311638699806875e-07
3.3022848878172226 8.48349408156314e-06 3.831110634920301e-07
3.304074887826573 6.435706316982071e-06 3.426863278665029e-07
3.3058648878359236 5.764768072804428e-06 3.345368194716206e-07
3.307654887845274 5.559087444726426e-06 3.089744568781379e-07
3.3094448878546245 6.037973479200977e-06 3.207020415133832e-07
3.311234887863975 8.417894765643284e-06 3.8611475121124667e-07
3.3130248878733255 1.287629644941731e-05 4.936318486652307e-07
3.314814887882676 9.486213032955277e-06 4.303643820275163e-07
3.3166048878920265 7.205807892056906e-06 3.918996281498542e-07
3.318394887901377 5.570902476511646e-06 4.1715142867658635e-07
3.3201848879107274 6.062055432433323e-06 3.295910260960751e-07
3.321974887920078 6.9982636674267835e-06 4.1021945583282096e-07
3.3237648879294284 8.166931027695232e-06 3.943652399100417e-07
3.325554887938779 8.636159265556276e-06 5.712326344785854e-07
3.3273448879481293 7.086311767890176e-06 4.407158998798082e-07
