#Target name PANSTARRS (C/2017 K2)
#Obs. Start 2022-08-21 21:24:50.752
#Obs. End 2022-08-21 21:30:34.329
#Instrument used NIRSPEC
#Grating used G395M/F290LP
#Lower wavelength (um) 3.255
#Upper wavelength (um) 3.328
#Spectral plate scale (um) 0.001790000009350478
#Center pixel for extract (x,y) = 29,25
#Pixel scale (arcsec/pixel) 0.09999908561794624
#Aperture size (arcsec) 0.09999908561794624 0.09999908561794624
#X offset (arcsec) -0.4999954280897312
#Y offset (arcsec) 0.6999935993256237
#Wave (micron) Flux (Jy) Noise (Jy)
3.25574488757411 7.643820327290869e-06 2.687724719230065e-07
3.2575348875834607 7.50435812190166e-06 2.6162102662625873e-07
3.259324887592811 8.6220296441635e-06 2.776543677107789e-07
3.2611148876021616 9.242650781433863e-06 2.997792531662943e-07
3.262904887611512 8.550111045828753e-06 3.103305741670885e-07
3.2646948876208626 8.409277480840572e-06 2.880485023894447e-07
3.266484887630213 8.02478752065141e-06 2.813687841727955e-07
3.2682748876395635 8.404112130955186e-06 2.9821349807660143e-07
3.270064887648914 1.0283092656923864e-05 3.109893277534628e-07
3.2718548876582645 1.0175212966208799e-05 3.310134922639562e-07
3.273644887667615 8.494300879370559e-06 3.2086261812873397e-07
3.2754348876769654 8.183441139271257e-06 3.1397357031981717e-07
3.277224887686316 8.478250726914688e-06 3.361277075614827e-07
3.2790148876956664 9.57253023462441e-06 3.461100757178671e-07
3.280804887705017 1.058997325750028e-05 3.5265140832934843e-07
3.2825948877143674 9.854337235210412e-06 3.2621919736323204e-07
3.284384887723718 7.995641534065018e-06 3.3572325398573887e-07
3.2861748877330683 8.292146604547065e-06 3.2947853000278713e-07
3.287964887742419 8.45701729244399e-06 3.287632621897224e-07
3.2897548877517693 9.420014783912102e-06 3.430625663573299e-07
3.2915448877611198 9.992084680721853e-06 3.247997852611463e-07
3.2933348877704702 8.907904548313117e-06 3.456299989899977e-07
3.2951248877798207 7.725280611700995e-06 3.55735118176194e-07
3.296914887789171 7.912709918434285e-06 3.8519631797540965e-07
3.2987048877985217 8.578403463053768e-06 3.8387245050049997e-07
3.300494887807872 1.0310053613537908e-05 3.619113918587964e-07
3.3022848878172226 1.1311559456373386e-05 4.235706266752053e-07
3.304074887826573 9.518778676626004e-06 4.1008939185647165e-07
3.3058648878359236 7.985100131773321e-06 3.759445439989712e-07
3.307654887845274 7.856205778566735e-06 3.639832813019522e-07
3.3094448878546245 8.923945734704267e-06 4.1323012027114807e-07
3.311234887863975 1.0951068065014673e-05 4.4232337518940294e-07
3.3130248878733255 1.5409697486832594e-05 5.301654803158461e-07
3.314814887882676 1.4188843146859436e-05 5.335060679169293e-07
3.3166048878920265 9.790718522987278e-06 4.2517339480082187e-07
3.318394887901377 9.04569951396758e-06 4.138245143242017e-07
3.3201848879107274 9.560764964498387e-06 4.469650788761679e-07
3.321974887920078 9.866076503748747e-06 4.3533337509552566e-07
3.3237648879294284 1.1306273064614277e-05 4.4412258418925155e-07
3.325554887938779 1.0668953528408764e-05 4.596458402480415e-07
3.3273448879481293 1.0108732286126935e-05 4.6617977585612853e-07
