#Target name PANSTARRS (C/2017 K2)
#Obs. Start 2022-08-21 21:24:50.752
#Obs. End 2022-08-21 21:30:34.329
#Instrument used NIRSPEC
#Grating used G395M/F290LP
#Lower wavelength (um) 3.255
#Upper wavelength (um) 3.328
#Spectral plate scale (um) 0.001790000009350478
#Center pixel for extract (x,y) = 29,25
#Pixel scale (arcsec/pixel) 0.09999908561794624
#Aperture size (arcsec) 0.09999908561794624 0.09999908561794624
#X offset (arcsec) -0.6999935993256237
#Y offset (arcsec) 0.0
#Wave (micron) Flux (Jy) Noise (Jy)
3.25574488757411 1.0084054089590686e-05 3.1818577148752583e-07
3.2575348875834607 1.0701949543186067e-05 3.322604757338889e-07
3.259324887592811 1.1495616626165357e-05 3.612440924919855e-07
3.2611148876021616 1.1740686969772732e-05 3.5401511875435903e-07
3.262904887611512 1.045570195528091e-05 3.1942476955606704e-07
3.2646948876208626 9.699025268911832e-06 3.0410582769709175e-07
3.266484887630213 9.596300168804488e-06 3.2250167079751557e-07
3.2682748876395635 1.1242163012044469e-05 3.5317897718128335e-07
3.270064887648914 1.4214997157648653e-05 3.9456941401509504e-07
3.2718548876582645 1.281338157327472e-05 3.8493938418326754e-07
3.273644887667615 1.0631903059164925e-05 3.3567730290404716e-07
3.2754348876769654 1.0021817047940955e-05 3.468782993506863e-07
3.277224887686316 1.0064740289576614e-05 3.311551560865374e-07
3.2790148876956664 1.0889717767165784e-05 3.461850544340909e-07
3.280804887705017 1.3300537457544071e-05 4.2518530285552854e-07
3.2825948877143674 1.2078213579563252e-05 3.50328665206689e-07
3.284384887723718 1.1413244492973172e-05 3.8670191637461954e-07
3.2861748877330683 1.0775752808325029e-05 3.5571777444475057e-07
3.287964887742419 1.0468414041841403e-05 3.479011312026107e-07
3.2897548877517693 1.2082060021328277e-05 4.11150721748789e-07
3.2915448877611198 1.282824013572926e-05 4.011579025232149e-07
3.2933348877704702 1.1698129543577665e-05 4.1995576155053667e-07
3.2951248877798207 1.0248421781256801e-05 3.621384854667911e-07
3.296914887789171 9.889259160689641e-06 3.766860095323906e-07
3.2987048877985217 9.620710280005599e-06 3.328871476199358e-07
3.300494887807872 1.2765938538413543e-05 4.137078994449328e-07
3.3022848878172226 1.3479382653914113e-05 4.6913832504326866e-07
3.304074887826573 1.1370019991562912e-05 4.0213741707495916e-07
3.3058648878359236 1.0438164332687937e-05 3.726740037785157e-07
3.307654887845274 1.0536376812421537e-05 3.788573382370854e-07
3.3094448878546245 1.1158136639911383e-05 3.844709633395346e-07
3.311234887863975 1.5460981583819964e-05 4.6394212629145545e-07
3.3130248878733255 1.9291513963603707e-05 4.6932134483937246e-07
3.314814887882676 1.6300293109077533e-05 4.4767617186534715e-07
3.3166048878920265 1.1970974962475693e-05 3.9445537687943334e-07
3.318394887901377 1.0875662564110188e-05 3.5298264838286027e-07
3.3201848879107274 1.1032171500048931e-05 3.809444699902657e-07
3.321974887920078 1.2391190207543025e-05 3.828697642752441e-07
3.3237648879294284 1.3584284714535553e-05 3.9008890336063043e-07
3.325554887938779 1.3624550414588104e-05 3.9842863242234504e-07
3.3273448879481293 1.300339938289277e-05 3.9797161529217824e-07
