#Target name PANSTARRS (C/2017 K2)
#Obs. Start 2022-08-21 21:24:50.752
#Obs. End 2022-08-21 21:30:34.329
#Instrument used NIRSPEC
#Grating used G395M/F290LP
#Lower wavelength (um) 3.255
#Upper wavelength (um) 3.328
#Spectral plate scale (um) 0.001790000009350478
#Center pixel for extract (x,y) = 29,25
#Pixel scale (arcsec/pixel) 0.09999908561794624
#Aperture size (arcsec) 0.09999908561794624 0.09999908561794624
#X offset (arcsec) -0.09999908561794624
#Y offset (arcsec) 0.0
#Wave (micron) Flux (Jy) Noise (Jy)
3.25574488757411 5.304870818497837e-05 7.142632775885811e-07
3.2575348875834607 5.633577869065553e-05 8.106319421503489e-07
3.259324887592811 6.47291772708764e-05 8.675010568899193e-07
3.2611148876021616 6.466988647809377e-05 8.541857222874639e-07
3.262904887611512 5.788523661280954e-05 7.950650605829043e-07
3.2646948876208626 5.383934653129513e-05 7.452765031908867e-07
3.266484887630213 5.431862931413356e-05 7.71914737512905e-07
3.2682748876395635 6.282954789785678e-05 8.871835302777111e-07
3.270064887648914 8.025103484772155e-05 1.0559345628718855e-06
3.2718548876582645 7.20482834948621e-05 9.681098294958377e-07
3.273644887667615 5.853023737666096e-05 8.866423161960299e-07
3.2754348876769654 5.668940028322552e-05 8.797851259358225e-07
3.277224887686316 5.939637357434883e-05 8.941021380812528e-07
3.2790148876956664 7.02996498245847e-05 1.026728727803486e-06
3.280804887705017 8.248985403553729e-05 1.1574709869489316e-06
3.2825948877143674 7.176515668954926e-05 1.0130994128221053e-06
3.284384887723718 6.082615605104169e-05 9.337296784773331e-07
3.2861748877330683 5.902406311647577e-05 9.517527013991045e-07
3.287964887742419 5.9987190615882325e-05 1.00513171940838e-06
3.2897548877517693 6.95970044374333e-05 1.1539349951748497e-06
3.2915448877611198 7.557026848263792e-05 1.2546381356119497e-06
3.2933348877704702 6.593173456257476e-05 1.1523474413403054e-06
3.2951248877798207 5.787441995233093e-05 1.0815293153741703e-06
3.296914887789171 5.669207934336396e-05 1.1105308362427552e-06
3.2987048877985217 5.8512972322435475e-05 1.1572046948267376e-06
3.300494887807872 7.425347635355072e-05 1.3813551920770104e-06
3.3022848878172226 8.04628563335265e-05 1.3668305034574954e-06
3.304074887826573 6.789477194529658e-05 1.1345842101438057e-06
3.3058648878359236 5.980364092535352e-05 9.929354057209272e-07
3.307654887845274 6.135012570044625e-05 9.939682963767096e-07
3.3094448878546245 6.580389282536634e-05 1.0185599703884069e-06
3.311234887863975 9.435195048768807e-05 1.312347314577911e-06
3.3130248878733255 0.00012305453289582593 1.5212705199620215e-06
3.314814887882676 0.0001040906532828068 1.329723211778492e-06
3.3166048878920265 7.315100186268659e-05 1.0584056103088097e-06
3.318394887901377 6.412115614435753e-05 9.795167932604742e-07
3.3201848879107274 6.734975714878044e-05 1.0036268775208808e-06
3.321974887920078 7.504831440458248e-05 1.0618817536008834e-06
3.3237648879294284 7.896093290009383e-05 1.0580025856996306e-06
3.325554887938779 7.819541029427165e-05 1.0190868387665358e-06
3.3273448879481293 7.55737186243423e-05 1.01373813285762e-06
