#Target name PANSTARRS (C/2017 K2)
#Obs. Start 2022-08-21 21:24:50.752
#Obs. End 2022-08-21 21:30:34.329
#Instrument used NIRSPEC
#Grating used G395M/F290LP
#Lower wavelength (um) 3.255
#Upper wavelength (um) 3.328
#Spectral plate scale (um) 0.001790000009350478
#Center pixel for extract (x,y) = 29,25
#Pixel scale (arcsec/pixel) 0.09999908561794624
#Aperture size (arcsec) 0.09999908561794624 0.09999908561794624
#X offset (arcsec) -0.5999945137076774
#Y offset (arcsec) 0.6999935993256237
#Wave (micron) Flux (Jy) Noise (Jy)
3.25574488757411 7.3367222996449835e-06 2.364915848640069e-07
3.2575348875834607 7.215545934949662e-06 2.301159983645667e-07
3.259324887592811 7.927364951219671e-06 2.4159081002207914e-07
3.2611148876021616 8.721213148706311e-06 2.6059303928712013e-07
3.262904887611512 7.851382932353668e-06 2.5869654848505583e-07
3.2646948876208626 7.6000766907332995e-06 2.387809854334876e-07
3.266484887630213 7.770778907124333e-06 2.4078403231096255e-07
3.2682748876395635 8.540075329587282e-06 2.628504982510346e-07
3.270064887648914 1.0083480261448586e-05 2.7894393998813326e-07
3.2718548876582645 9.455722136660835e-06 2.751162429021657e-07
3.273644887667615 8.047824030737364e-06 2.6173514781877724e-07
3.2754348876769654 7.955578467075148e-06 2.656349937067912e-07
3.277224887686316 8.268373980547569e-06 2.619593554746901e-07
3.2790148876956664 9.349177492982629e-06 2.7401221212661775e-07
3.280804887705017 1.0086883779616423e-05 2.7575513105139404e-07
3.2825948877143674 9.088359153300458e-06 2.464397418796928e-07
3.284384887723718 7.891047009463484e-06 2.497730165342384e-07
3.2861748877330683 8.02496863515876e-06 2.5532491588487857e-07
3.287964887742419 7.976009438753374e-06 2.5027573257552667e-07
3.2897548877517693 8.671627224376973e-06 2.713786547666375e-07
3.2915448877611198 9.468531056720305e-06 2.889719229987824e-07
3.2933348877704702 8.357682261407405e-06 2.899442646987504e-07
3.2951248877798207 6.947772170560691e-06 2.605682985522824e-07
3.296914887789171 7.5612365949712835e-06 2.7877834798032957e-07
3.2987048877985217 7.830147704670028e-06 2.728021856547041e-07
3.300494887807872 8.874000271179645e-06 2.8568804575705535e-07
3.3022848878172226 1.0348385333430283e-05 3.2474450386835505e-07
3.304074887826573 8.59205519319695e-06 2.946491791417937e-07
3.3058648878359236 7.477159564572526e-06 2.7783234409547753e-07
3.307654887845274 7.429082180632384e-06 2.5084308833965806e-07
3.3094448878546245 8.510269440637473e-06 3.1079622113454865e-07
3.311234887863975 1.0653817017947896e-05 3.1088165091996205e-07
3.3130248878733255 1.4891526191482663e-05 3.7829037473828547e-07
3.314814887882676 1.299864198895216e-05 3.704265755995071e-07
3.3166048878920265 9.004946059994242e-06 3.4444123890284265e-07
3.318394887901377 7.98808493471872e-06 3.243622973406985e-07
3.3201848879107274 9.112918997782397e-06 3.569064784940012e-07
3.321974887920078 9.216766649192727e-06 3.337262592019501e-07
3.3237648879294284 1.0030782216054818e-05 3.479109658548508e-07
3.325554887938779 9.68908548956287e-06 3.419664369263168e-07
3.3273448879481293 9.164947278141555e-06 3.7852113882902506e-07
