#Target name PANSTARRS (C/2017 K2)
#Obs. Start 2022-08-21 21:24:50.752
#Obs. End 2022-08-21 21:30:34.329
#Instrument used NIRSPEC
#Grating used G395M/F290LP
#Lower wavelength (um) 3.255
#Upper wavelength (um) 3.328
#Spectral plate scale (um) 0.001790000009350478
#Center pixel for extract (x,y) = 29,25
#Pixel scale (arcsec/pixel) 0.09999908561794624
#Aperture size (arcsec) 0.09999908561794624 0.09999908561794624
#X offset (arcsec) 0.2999972568538387
#Y offset (arcsec) -0.19999817123589247
#Wave (micron) Flux (Jy) Noise (Jy)
3.25574488757411 1.4679150602877987e-05 3.807606096255944e-07
3.2575348875834607 1.54315782711761e-05 3.916162164478349e-07
3.259324887592811 1.710977095058466e-05 3.9773110060605527e-07
3.2611148876021616 1.7583923351190108e-05 4.2068136835698205e-07
3.262904887611512 1.5553436056790165e-05 3.9108923599389726e-07
3.2646948876208626 1.5362950218593713e-05 3.5169016213447183e-07
3.266484887630213 1.5009975079290056e-05 3.798950481526551e-07
3.2682748876395635 1.7213122778615958e-05 4.149878051837606e-07
3.270064887648914 2.234051751882655e-05 4.795025634998825e-07
3.2718548876582645 2.0438962235105014e-05 4.4077457156582193e-07
3.273644887667615 1.6357423080262562e-05 3.975914541480361e-07
3.2754348876769654 1.5510389980067837e-05 3.815352776174313e-07
3.277224887686316 1.584249660373492e-05 3.84154265122241e-07
3.2790148876956664 1.8438122130309323e-05 4.1363642309774044e-07
3.280804887705017 2.304633868610189e-05 4.825021044141659e-07
3.2825948877143674 1.8428259459116956e-05 4.155557773648415e-07
3.284384887723718 1.6501057643869377e-05 3.9681776681952796e-07
3.2861748877330683 1.5439896986023627e-05 4.027371067099883e-07
3.287964887742419 1.4173261022981968e-05 3.8948030369878546e-07
3.2897548877517693 1.8100929954732872e-05 4.394950020544212e-07
3.2915448877611198 2.082857899110126e-05 4.750978721302092e-07
3.2933348877704702 1.7011325353168333e-05 4.196982393603974e-07
3.2951248877798207 1.4528676725102502e-05 3.9494175787155925e-07
3.296914887789171 1.459364751988546e-05 4.0692165317182514e-07
3.2987048877985217 1.4989137048273527e-05 4.1122144158427055e-07
3.300494887807872 2.0057524323346653e-05 4.886505272582309e-07
3.3022848878172226 2.3617130918688994e-05 5.570882751169262e-07
3.304074887826573 1.8113835708291324e-05 4.449852877290613e-07
3.3058648878359236 1.5603490009697904e-05 4.0516223108417305e-07
3.307654887845274 1.5583825636553266e-05 3.968426476491269e-07
3.3094448878546245 1.585441609017413e-05 3.9733572517084076e-07
3.311234887863975 2.411259206870879e-05 5.015073036881456e-07
3.3130248878733255 3.265852851480376e-05 5.490848855580331e-07
3.314814887882676 2.6664332294903048e-05 4.6576660838623463e-07
3.3166048878920265 1.8876311645321515e-05 4.1607572506176417e-07
3.318394887901377 1.6639518788132558e-05 4.042180204122651e-07
3.3201848879107274 1.724526432742541e-05 4.0376472980274764e-07
3.321974887920078 1.8768899983184847e-05 4.164545412961983e-07
3.3237648879294284 1.8952514229379636e-05 3.9803583473073766e-07
3.325554887938779 1.9069863877652318e-05 4.031367130069927e-07
3.3273448879481293 1.853154135184343e-05 3.930099912086109e-07
