#Target name PANSTARRS (C/2017 K2)
#Obs. Start 2022-08-21 21:24:50.752
#Obs. End 2022-08-21 21:30:34.329
#Instrument used NIRSPEC
#Grating used G395M/F290LP
#Lower wavelength (um) 3.255
#Upper wavelength (um) 3.328
#Spectral plate scale (um) 0.001790000009350478
#Center pixel for extract (x,y) = 29,25
#Pixel scale (arcsec/pixel) 0.09999908561794624
#Aperture size (arcsec) 0.09999908561794624 0.09999908561794624
#X offset (arcsec) 0.5999945137076774
#Y offset (arcsec) -0.09999908561794624
#Wave (micron) Flux (Jy) Noise (Jy)
3.25574488757411 8.786922747222228e-06 3.1015086060735026e-07
3.2575348875834607 9.46838759968478e-06 3.2642143816058004e-07
3.259324887592811 1.030339541387659e-05 3.225110571465197e-07
3.2611148876021616 1.1064049446555609e-05 3.261304333225007e-07
3.262904887611512 9.094124332915633e-06 2.7972555668012844e-07
3.2646948876208626 8.484382618576925e-06 2.924376992785232e-07
3.266484887630213 8.588573670266044e-06 2.9000733536026747e-07
3.2682748876395635 9.189021161915652e-06 3.0724641601700696e-07
3.270064887648914 1.2640549019906136e-05 3.440845856596391e-07
3.2718548876582645 1.1787730118147384e-05 3.3118090550365615e-07
3.273644887667615 9.638917667633183e-06 3.0312931117323833e-07
3.2754348876769654 9.399922729480305e-06 3.5458673339923263e-07
3.277224887686316 9.017567589301057e-06 3.2627870961781324e-07
3.2790148876956664 1.1021958255725997e-05 3.335892465254425e-07
3.280804887705017 1.3413723265360631e-05 3.585680023624882e-07
3.2825948877143674 1.1237254091610085e-05 3.302877453627496e-07
3.284384887723718 9.629167072249819e-06 3.051623103106697e-07
3.2861748877330683 9.176913388117314e-06 3.0842211927241306e-07
3.287964887742419 9.567338883151335e-06 3.018144938199058e-07
3.2897548877517693 1.0995334423145437e-05 3.499413872486751e-07
3.2915448877611198 1.2289060454133113e-05 3.506809194743891e-07
3.2933348877704702 1.009438209954204e-05 3.1500116539362425e-07
3.2951248877798207 9.040576304586379e-06 3.0626087739052867e-07
3.296914887789171 8.915347278637467e-06 2.9999104842636e-07
3.2987048877985217 8.836658404832395e-06 3.23130752313456e-07
3.300494887807872 1.2089816563917839e-05 3.7925428273362596e-07
3.3022848878172226 1.3686669104183525e-05 3.761886731299345e-07
3.304074887826573 1.1214382557114985e-05 3.3970214133805306e-07
3.3058648878359236 9.837776017065481e-06 3.4157178998386083e-07
3.307654887845274 9.37987550537211e-06 3.2412831107045005e-07
3.3094448878546245 9.909515294105823e-06 3.3134425599527973e-07
3.311234887863975 1.4722532907027326e-05 4.207126375076942e-07
3.3130248878733255 1.975582700478506e-05 4.7056104338172003e-07
3.314814887882676 1.681124044608229e-05 4.267816546410796e-07
3.3166048878920265 1.1861965547605865e-05 3.607200540280342e-07
3.318394887901377 9.782243798613619e-06 3.2510905845609336e-07
3.3201848879107274 1.0107536213093242e-05 3.349493425056127e-07
3.321974887920078 1.1389969485565655e-05 3.426927722255206e-07
3.3237648879294284 1.1987145260198815e-05 3.4421823606187655e-07
3.325554887938779 1.1627589029390434e-05 3.6266521375015853e-07
3.3273448879481293 1.1727506854633842e-05 3.6826152314011657e-07
