#Target name PANSTARRS (C/2017 K2)
#Obs. Start 2022-08-21 21:24:50.752
#Obs. End 2022-08-21 21:30:34.329
#Instrument used NIRSPEC
#Grating used G395M/F290LP
#Lower wavelength (um) 3.255
#Upper wavelength (um) 3.328
#Spectral plate scale (um) 0.001790000009350478
#Center pixel for extract (x,y) = 29,25
#Pixel scale (arcsec/pixel) 0.09999908561794624
#Aperture size (arcsec) 0.09999908561794624 0.09999908561794624
#X offset (arcsec) 0.2999972568538387
#Y offset (arcsec) 0.2999972568538387
#Wave (micron) Flux (Jy) Noise (Jy)
3.25574488757411 1.2874058519663112e-05 3.2472461041225676e-07
3.2575348875834607 1.2535837039856767e-05 3.2989407908362235e-07
3.259324887592811 1.4811282602055084e-05 3.7745260806597923e-07
3.2611148876021616 1.4875633841765868e-05 3.4117078273924383e-07
3.262904887611512 1.2763150092285519e-05 3.191610551774802e-07
3.2646948876208626 1.2337713011125064e-05 3.1443305311778205e-07
3.266484887630213 1.280203143194525e-05 3.2639224241233445e-07
3.2682748876395635 1.4686099303036244e-05 3.5767526250586536e-07
3.270064887648914 1.8306543337325473e-05 3.756359432588782e-07
3.2718548876582645 1.7392655672150046e-05 3.675317975476903e-07
3.273644887667615 1.4269689255836222e-05 3.2963311056235616e-07
3.2754348876769654 1.2755409688612454e-05 3.3706667868931976e-07
3.277224887686316 1.3008050080663208e-05 3.328964779310354e-07
3.2790148876956664 1.494541493027129e-05 3.462308934399736e-07
3.280804887705017 1.852919044967376e-05 3.795633878148595e-07
3.2825948877143674 1.6214611601397074e-05 3.3162923675862515e-07
3.284384887723718 1.387327622278196e-05 3.085973497997911e-07
3.2861748877330683 1.3248979895582733e-05 3.149883607324455e-07
3.287964887742419 1.3370090808005594e-05 3.373997679936802e-07
3.2897548877517693 1.5284676473585195e-05 3.450506791332551e-07
3.2915448877611198 1.7164858452226395e-05 3.710148335020178e-07
3.2933348877704702 1.5095218146405693e-05 3.3916515811816173e-07
3.2951248877798207 1.3409718124250057e-05 3.225216483104706e-07
3.296914887789171 1.2527866208320389e-05 3.172964219241254e-07
3.2987048877985217 1.2402713393921601e-05 3.3136238425738614e-07
3.300494887807872 1.667993960110477e-05 3.781733675936851e-07
3.3022848878172226 1.936641646827738e-05 3.927800116485343e-07
3.304074887826573 1.554885260450513e-05 3.5034903498497555e-07
3.3058648878359236 1.248202809904415e-05 3.168459332098331e-07
3.307654887845274 1.2691351639218024e-05 3.230651039083319e-07
3.3094448878546245 1.3722769170567008e-05 3.6298720754942753e-07
3.311234887863975 1.9731530762605898e-05 4.2034934377280716e-07
3.3130248878733255 2.6706680811790134e-05 4.6957511248991015e-07
3.314814887882676 2.3320985387402233e-05 4.264008490610357e-07
3.3166048878920265 1.6007845182881436e-05 3.519583035075143e-07
3.318394887901377 1.3536697326032379e-05 3.2229405036133534e-07
3.3201848879107274 1.429147499989369e-05 3.563893607112559e-07
3.321974887920078 1.5999388390637218e-05 3.8329839820678055e-07
3.3237648879294284 1.707795755974397e-05 3.771413735443746e-07
3.325554887938779 1.7207931427142886e-05 3.981431753368114e-07
3.3273448879481293 1.668222415439551e-05 3.884490101232813e-07
