#Target name PANSTARRS (C/2017 K2)
#Obs. Start 2022-08-21 21:24:50.752
#Obs. End 2022-08-21 21:30:34.329
#Instrument used NIRSPEC
#Grating used G395M/F290LP
#Lower wavelength (um) 3.255
#Upper wavelength (um) 3.328
#Spectral plate scale (um) 0.001790000009350478
#Center pixel for extract (x,y) = 29,25
#Pixel scale (arcsec/pixel) 0.09999908561794624
#Aperture size (arcsec) 0.09999908561794624 0.09999908561794624
#X offset (arcsec) -0.19999817123589247
#Y offset (arcsec) -0.19999817123589247
#Wave (micron) Flux (Jy) Noise (Jy)
3.25574488757411 1.9137446487088312e-05 6.785476872678871e-07
3.2575348875834607 1.942998407393161e-05 6.84979269643401e-07
3.259324887592811 2.4242655596754906e-05 8.141025937277816e-07
3.2611148876021616 2.4237146846590733e-05 7.80905066645889e-07
3.262904887611512 2.1513487709022895e-05 7.870130861608079e-07
3.2646948876208626 1.986093080186271e-05 7.463041823215505e-07
3.266484887630213 1.963042583039352e-05 7.325884008535234e-07
3.2682748876395635 2.2099597566578217e-05 7.255015672606664e-07
3.270064887648914 2.9400768074697363e-05 9.390161823122514e-07
3.2718548876582645 2.5940891017239305e-05 8.63204630751744e-07
3.273644887667615 2.1731171207942005e-05 7.198718312606729e-07
3.2754348876769654 1.9745487338949572e-05 7.478267321868724e-07
3.277224887686316 2.0700884297354257e-05 7.752826155734806e-07
3.2790148876956664 2.5003800969780597e-05 8.020542761461184e-07
3.280804887705017 3.1164445008362545e-05 9.238934011379856e-07
3.2825948877143674 2.4419765859601565e-05 7.799254680372879e-07
3.284384887723718 2.247929964820672e-05 7.316513910523439e-07
3.2861748877330683 2.1532712744996235e-05 8.429880600961427e-07
3.287964887742419 2.1703082320386143e-05 8.059035198063672e-07
3.2897548877517693 2.7175566545978855e-05 8.395739507643528e-07
3.2915448877611198 2.9085257636827623e-05 8.567170665096325e-07
3.2933348877704702 2.3060176910391253e-05 7.065628289414264e-07
3.2951248877798207 1.9585487914015203e-05 7.040815265679782e-07
3.296914887789171 1.983623825962291e-05 7.103550260148918e-07
3.2987048877985217 2.0701976364037194e-05 7.349909139332414e-07
3.300494887807872 2.8428272830871e-05 8.504630682534856e-07
3.3022848878172226 3.142953209145806e-05 8.568891028764539e-07
3.304074887826573 2.3864863286911836e-05 6.886604556280479e-07
3.3058648878359236 2.1121425010570936e-05 6.281377815907504e-07
3.307654887845274 1.9331672967486084e-05 5.763379117303439e-07
3.3094448878546245 2.0506948317453423e-05 5.965207475674349e-07
3.311234887863975 3.1724942405437755e-05 7.026852301014997e-07
3.3130248878733255 4.4270554249052633e-05 8.765475360032143e-07
3.314814887882676 3.405202712078637e-05 7.062326536081001e-07
3.3166048878920265 2.4495240399204397e-05 5.74276277223712e-07
3.318394887901377 2.0815827453856003e-05 5.302754827223838e-07
3.3201848879107274 2.2482430598007062e-05 5.651876576062313e-07
3.321974887920078 2.6288541210705557e-05 5.838084928932311e-07
3.3237648879294284 2.7487436761572143e-05 5.95962722114403e-07
3.325554887938779 2.6192229536692665e-05 5.686314109895029e-07
3.3273448879481293 2.5995372412905945e-05 5.962199921339721e-07
