#Target name PANSTARRS (C/2017 K2)
#Obs. Start 2022-08-21 21:24:50.752
#Obs. End 2022-08-21 21:30:34.329
#Instrument used NIRSPEC
#Grating used G395M/F290LP
#Lower wavelength (um) 3.255
#Upper wavelength (um) 3.328
#Spectral plate scale (um) 0.001790000009350478
#Center pixel for extract (x,y) = 29,25
#Pixel scale (arcsec/pixel) 0.09999908561794624
#Aperture size (arcsec) 0.09999908561794624 0.09999908561794624
#X offset (arcsec) 0.2999972568538387
#Y offset (arcsec) 0.09999908561794624
#Wave (micron) Flux (Jy) Noise (Jy)
3.25574488757411 1.541327136023012e-05 5.490278950091544e-07
3.2575348875834607 1.6245408240498475e-05 5.322927912465545e-07
3.259324887592811 1.847605396371517e-05 5.732480377140031e-07
3.2611148876021616 1.9585649303180168e-05 5.682656515868176e-07
3.262904887611512 1.6993443433690098e-05 5.010239207239105e-07
3.2646948876208626 1.582126316926422e-05 5.348130399636316e-07
3.266484887630213 1.631048573145161e-05 5.495576213204128e-07
3.2682748876395635 1.9375689172411152e-05 5.984354506884623e-07
3.270064887648914 2.4446246235146598e-05 6.577944976387739e-07
3.2718548876582645 2.286537660185138e-05 6.217666080762897e-07
3.273644887667615 1.7616778598751304e-05 5.523174881171406e-07
3.2754348876769654 1.6107494026183237e-05 5.412482087650337e-07
3.277224887686316 1.700396959367177e-05 5.697619757128325e-07
3.2790148876956664 1.867664455685144e-05 5.701080658110374e-07
3.280804887705017 2.369140759204519e-05 6.860940877155656e-07
3.2825948877143674 2.1506286165839523e-05 6.331111456153109e-07
3.284384887723718 1.8215613095357727e-05 5.454449995090043e-07
3.2861748877330683 1.7022821641352748e-05 4.989965253769293e-07
3.287964887742419 1.7128927844466128e-05 5.140154122762482e-07
3.2897548877517693 2.1481278018121562e-05 5.972503050461475e-07
3.2915448877611198 2.356687612593152e-05 6.179844978256346e-07
3.2933348877704702 2.0136418520033823e-05 5.934270069356834e-07
3.2951248877798207 1.7307078170820344e-05 5.31325633052753e-07
3.296914887789171 1.6217694134447923e-05 5.287365697889473e-07
3.2987048877985217 1.636860914260765e-05 5.169020928508644e-07
3.300494887807872 2.123311886521803e-05 5.665225925672801e-07
3.3022848878172226 2.4469929198498892e-05 5.99997731428076e-07
3.304074887826573 2.0733719819573064e-05 5.405439243812514e-07
3.3058648878359236 1.716285901979376e-05 4.808580643718836e-07
3.307654887845274 1.6950659166057606e-05 4.6314277360268544e-07
3.3094448878546245 1.7527297272842366e-05 5.040946297769116e-07
3.311234887863975 2.494002535142486e-05 5.627181792306332e-07
3.3130248878733255 3.4611821578387514e-05 6.234108162322856e-07
3.314814887882676 3.014615110594471e-05 5.89302224898998e-07
3.3166048878920265 2.051514330060781e-05 4.906463732649773e-07
3.318394887901377 1.766059037740075e-05 4.496113568404701e-07
3.3201848879107274 1.8069797984810926e-05 4.471547952018597e-07
3.321974887920078 2.0541478425904374e-05 4.5167842702383873e-07
3.3237648879294284 2.2351836278929498e-05 4.570076597609398e-07
3.325554887938779 2.197645225407031e-05 4.482558839874213e-07
3.3273448879481293 2.086152031288377e-05 4.3664387753021156e-07
