#Target name PANSTARRS (C/2017 K2)
#Obs. Start 2022-08-21 21:24:50.752
#Obs. End 2022-08-21 21:30:34.329
#Instrument used NIRSPEC
#Grating used G395M/F290LP
#Lower wavelength (um) 3.255
#Upper wavelength (um) 3.328
#Spectral plate scale (um) 0.001790000009350478
#Center pixel for extract (x,y) = 29,25
#Pixel scale (arcsec/pixel) 0.09999908561794624
#Aperture size (arcsec) 0.09999908561794624 0.09999908561794624
#X offset (arcsec) 0.19999817123589247
#Y offset (arcsec) -0.09999908561794624
#Wave (micron) Flux (Jy) Noise (Jy)
3.25574488757411 2.1620915510076054e-05 5.787817807835845e-07
3.2575348875834607 2.319740970378775e-05 6.178350447343276e-07
3.259324887592811 2.7292935919593923e-05 6.688514486518904e-07
3.2611148876021616 2.828666818431687e-05 6.694229792399072e-07
3.262904887611512 2.4733553019832055e-05 5.945815558821399e-07
3.2646948876208626 2.2761562124880515e-05 5.474946979419773e-07
3.266484887630213 2.2702395063791028e-05 5.469152099715212e-07
3.2682748876395635 2.6341962817522254e-05 5.74520938714768e-07
3.270064887648914 3.6135095005132246e-05 8.227909906313082e-07
3.2718548876582645 3.2646230660433345e-05 6.617205132281904e-07
3.273644887667615 2.530021906943486e-05 5.633934359798834e-07
3.2754348876769654 2.3313518448703136e-05 5.279142135403792e-07
3.277224887686316 2.385630966116864e-05 5.36161087794334e-07
3.2790148876956664 3.0524551314975824e-05 6.130449246574889e-07
3.280804887705017 3.658885319492482e-05 6.472079848339524e-07
3.2825948877143674 3.0495526370263154e-05 5.931611631167255e-07
3.284384887723718 2.5871154759057488e-05 5.145885119255911e-07
3.2861748877330683 2.4394662671597572e-05 4.979184121322137e-07
3.287964887742419 2.442056383936167e-05 4.884937892393386e-07
3.2897548877517693 3.000757698926605e-05 5.71675670151579e-07
3.2915448877611198 3.323140266761892e-05 6.028048381782993e-07
3.2933348877704702 2.8014083677902206e-05 5.579842651720101e-07
3.2951248877798207 2.4353158758007143e-05 5.128027520228229e-07
3.296914887789171 2.3916452230099698e-05 5.011033824724945e-07
3.2987048877985217 2.4833451119733075e-05 5.195499959143972e-07
3.300494887807872 3.2437048784082054e-05 6.051364633088222e-07
3.3022848878172226 3.70118434370231e-05 6.333168607627381e-07
3.304074887826573 2.930492263604993e-05 5.118886056866804e-07
3.3058648878359236 2.40239266546894e-05 4.501004836899166e-07
3.307654887845274 2.424607884026513e-05 4.325096531066176e-07
3.3094448878546245 2.5741358419740037e-05 4.5641819704348226e-07
3.311234887863975 3.7617651738769e-05 5.729777669005896e-07
3.3130248878733255 5.2515116154915934e-05 6.83902221118871e-07
3.314814887882676 4.3474292386943274e-05 5.90802583754137e-07
3.3166048878920265 2.9634332267449135e-05 4.80037221146737e-07
3.318394887901377 2.5975722385464863e-05 4.438251630111067e-07
3.3201848879107274 2.6735650166901532e-05 4.5452518059149716e-07
3.321974887920078 3.062247150099954e-05 4.930591973191239e-07
3.3237648879294284 3.30797470625133e-05 5.078919823375913e-07
3.325554887938779 3.201040756042965e-05 4.884742880485718e-07
3.3273448879481293 3.097247797627429e-05 4.92538549148395e-07
