#Target name PANSTARRS (C/2017 K2)
#Obs. Start 2022-08-21 21:24:50.752
#Obs. End 2022-08-21 21:30:34.329
#Instrument used NIRSPEC
#Grating used G395M/F290LP
#Lower wavelength (um) 3.255
#Upper wavelength (um) 3.328
#Spectral plate scale (um) 0.001790000009350478
#Center pixel for extract (x,y) = 29,25
#Pixel scale (arcsec/pixel) 0.09999908561794624
#Aperture size (arcsec) 0.09999908561794624 0.09999908561794624
#X offset (arcsec) 0.4999954280897312
#Y offset (arcsec) -0.5999945137076774
#Wave (micron) Flux (Jy) Noise (Jy)
3.25574488757411 6.25797425754706e-06 3.5635187135314397e-07
3.2575348875834607 6.451725088211421e-06 2.961296445408344e-07
3.259324887592811 7.719900972868794e-06 3.3364082941653666e-07
3.2611148876021616 8.356722892482329e-06 3.5163286337711843e-07
3.262904887611512 7.132426031959801e-06 3.437537378714587e-07
3.2646948876208626 6.295234084402118e-06 2.975425842649501e-07
3.266484887630213 6.4397509087774136e-06 2.9628063867451535e-07
3.2682748876395635 7.161619090385974e-06 3.0403110115143824e-07
3.270064887648914 9.007932656152585e-06 3.569805325848007e-07
3.2718548876582645 9.92304149934292e-06 3.832234194905568e-07
3.273644887667615 6.8678437383080335e-06 3.618270267935685e-07
3.2754348876769654 6.616616398057204e-06 3.3541370060126934e-07
3.277224887686316 6.292099099872653e-06 3.255165941165848e-07
3.2790148876956664 7.930479762103514e-06 3.60513778501562e-07
3.280804887705017 1.0130050898212473e-05 3.7847314236381906e-07
3.2825948877143674 8.489064697573883e-06 3.749666545464575e-07
3.284384887723718 6.456401339266311e-06 3.519021815461555e-07
3.2861748877330683 6.565538072255167e-06 3.4319044485540366e-07
3.287964887742419 6.9082416878152086e-06 3.489188636052254e-07
3.2897548877517693 7.554814202812108e-06 3.321353430931358e-07
3.2915448877611198 1.0006208025869326e-05 4.1502879691090384e-07
3.2933348877704702 7.68357137522847e-06 4.1239170916294e-07
3.2951248877798207 6.632608719395629e-06 3.5662113348427654e-07
3.296914887789171 6.27023624765859e-06 3.630635311753594e-07
3.2987048877985217 6.8546066886581676e-06 3.622189839166084e-07
3.300494887807872 9.028075817153288e-06 4.2773555987046646e-07
3.3022848878172226 1.1769555008352794e-05 4.902658198555037e-07
3.304074887826573 8.290590095711614e-06 4.284007297969063e-07
3.3058648878359236 6.930664470771057e-06 3.9394913045016145e-07
3.307654887845274 6.996877065517784e-06 4.500200412780039e-07
3.3094448878546245 7.460865086853026e-06 4.847499528774583e-07
3.311234887863975 1.058606674310163e-05 4.857152618204113e-07
3.3130248878733255 1.6389105566558335e-05 5.817761662106537e-07
3.314814887882676 1.2816624598884067e-05 5.904385054885869e-07
3.3166048878920265 7.93154493059229e-06 4.48657759819558e-07
3.318394887901377 7.852445411023027e-06 5.070442969561881e-07
3.3201848879107274 7.830639045016702e-06 5.467449107797392e-07
3.321974887920078 8.526656717126828e-06 5.393994622576052e-07
3.3237648879294284 9.438111888943626e-06 4.716479545774426e-07
3.325554887938779 9.112011632032699e-06 5.82264928813721e-07
3.3273448879481293 8.790398890514302e-06 5.988851548720916e-07
