#Target name PANSTARRS (C/2017 K2)
#Obs. Start 2022-08-21 21:24:50.752
#Obs. End 2022-08-21 21:30:34.329
#Instrument used NIRSPEC
#Grating used G395M/F290LP
#Lower wavelength (um) 3.255
#Upper wavelength (um) 3.328
#Spectral plate scale (um) 0.001790000009350478
#Center pixel for extract (x,y) = 29,25
#Pixel scale (arcsec/pixel) 0.09999908561794624
#Aperture size (arcsec) 0.09999908561794624 0.09999908561794624
#X offset (arcsec) -0.39999634247178495
#Y offset (arcsec) -0.39999634247178495
#Wave (micron) Flux (Jy) Noise (Jy)
3.25574488757411 1.0374994820307293e-05 3.016113283971335e-07
3.2575348875834607 1.039382176300705e-05 3.0570307608911483e-07
3.259324887592811 1.1898777519528142e-05 3.1656991851120805e-07
3.2611148876021616 1.2015695003481304e-05 3.2906418573689865e-07
3.262904887611512 1.0938210728205713e-05 3.267704982677236e-07
3.2646948876208626 1.0203509866466175e-05 3.0027465626104505e-07
3.266484887630213 9.79152188238622e-06 3.137924558124664e-07
3.2682748876395635 1.1401579642772016e-05 3.4077406239432133e-07
3.270064887648914 1.4758943199250131e-05 3.738628199035753e-07
3.2718548876582645 1.3946460829455218e-05 3.693315108886795e-07
3.273644887667615 1.085386875059447e-05 3.1170944284526695e-07
3.2754348876769654 1.009460266473416e-05 3.332189200335404e-07
3.277224887686316 1.0952974250374217e-05 3.510599598604413e-07
3.2790148876956664 1.3815877269655322e-05 3.7224480946793417e-07
3.280804887705017 1.5835243057376167e-05 4.184098438790375e-07
3.2825948877143674 1.2985705750773662e-05 3.70699228023862e-07
3.284384887723718 1.0673637400618666e-05 3.3219073656173603e-07
3.2861748877330683 1.006811690955029e-05 3.2522931579915484e-07
3.287964887742419 1.064860325131302e-05 3.5417967406092946e-07
3.2897548877517693 1.3582715653209495e-05 3.9148094094636686e-07
3.2915448877611198 1.4226919333907282e-05 3.957136519871233e-07
3.2933348877704702 1.1393381073191742e-05 3.4276800311231466e-07
3.2951248877798207 1.0462669484175084e-05 3.6659041678995974e-07
3.296914887789171 1.067105069094685e-05 3.8007333274582845e-07
3.2987048877985217 1.1260521029559355e-05 3.69640167666677e-07
3.300494887807872 1.4575622143371699e-05 4.1778574973659777e-07
3.3022848878172226 1.5603613741391045e-05 4.4495371036987434e-07
3.304074887826573 1.2149352130267331e-05 3.860521008340133e-07
3.3058648878359236 1.0123661680492762e-05 3.498002277672343e-07
3.307654887845274 1.08728857738663e-05 3.5330932134715524e-07
3.3094448878546245 1.1368258159845366e-05 3.5604842610026517e-07
3.311234887863975 1.588470704322531e-05 4.174119769135688e-07
3.3130248878733255 2.061674495280569e-05 4.666299843808983e-07
3.314814887882676 1.7179469551294652e-05 3.9912529565111505e-07
3.3166048878920265 1.241245771305966e-05 3.5802667620499796e-07
3.318394887901377 1.139517876916817e-05 3.368013392115023e-07
3.3201848879107274 1.1452845807629947e-05 3.345046817333886e-07
3.321974887920078 1.2946943659774712e-05 3.5317830472642936e-07
3.3237648879294284 1.375999716789231e-05 3.510421958447141e-07
3.325554887938779 1.3972054461199413e-05 3.574085220804354e-07
3.3273448879481293 1.347226449513264e-05 3.6554135919872836e-07
