#Target name PANSTARRS (C/2017 K2)
#Obs. Start 2022-08-21 21:24:50.752
#Obs. End 2022-08-21 21:30:34.329
#Instrument used NIRSPEC
#Grating used G395M/F290LP
#Lower wavelength (um) 3.255
#Upper wavelength (um) 3.328
#Spectral plate scale (um) 0.001790000009350478
#Center pixel for extract (x,y) = 29,25
#Pixel scale (arcsec/pixel) 0.09999908561794624
#Aperture size (arcsec) 0.09999908561794624 0.09999908561794624
#X offset (arcsec) -0.6999935993256237
#Y offset (arcsec) 0.5999945137076774
#Wave (micron) Flux (Jy) Noise (Jy)
3.25574488757411 7.695228155971378e-06 2.984136654714829e-07
3.2575348875834607 8.2032400033867e-06 3.182752360020634e-07
3.259324887592811 8.997953426118853e-06 3.166153652517592e-07
3.2611148876021616 9.067771275489626e-06 3.159559672294831e-07
3.262904887611512 7.903072295466397e-06 2.929129007087009e-07
3.2646948876208626 7.706063645185902e-06 3.027205146598956e-07
3.266484887630213 8.044705633427633e-06 2.967593424737244e-07
3.2682748876395635 8.938208950461376e-06 2.8548392768990647e-07
3.270064887648914 1.1029242286704797e-05 3.227795347469892e-07
3.2718548876582645 1.0218828388040865e-05 3.069814407855688e-07
3.273644887667615 7.5609658198167285e-06 2.9430115573588347e-07
3.2754348876769654 7.511158881992034e-06 2.8936382408391777e-07
3.277224887686316 7.897828044211472e-06 2.926930920282915e-07
3.2790148876956664 9.143708464032027e-06 3.0742195475285975e-07
3.280804887705017 1.0800948346795641e-05 3.1786568297700987e-07
3.2825948877143674 1.000047781390656e-05 3.0081119117770035e-07
3.284384887723718 8.365205686314237e-06 2.6847569518076343e-07
3.2861748877330683 8.090712304720614e-06 2.7800970406322664e-07
3.287964887742419 8.177360354177926e-06 2.6594272585936447e-07
3.2897548877517693 8.925105943479079e-06 2.8802919733134374e-07
3.2915448877611198 9.773738589619907e-06 3.0717281022944343e-07
3.2933348877704702 8.873337678996811e-06 2.881506034514475e-07
3.2951248877798207 7.750173993790532e-06 2.971428098542322e-07
3.296914887789171 7.155809080447197e-06 2.7468612396615987e-07
3.2987048877985217 7.990816894639006e-06 2.8401749978594356e-07
3.300494887807872 9.129707057364753e-06 3.2088671442766985e-07
3.3022848878172226 1.035295623322471e-05 3.3893366553466365e-07
3.304074887826573 9.197997985913653e-06 3.054685854777259e-07
3.3058648878359236 8.173894073557044e-06 2.8549177299653677e-07
3.307654887845274 7.641068642028197e-06 2.915641243852401e-07
3.3094448878546245 7.925770784912395e-06 2.894084582748537e-07
3.311234887863975 1.0772857666026832e-05 3.045076755102762e-07
3.3130248878733255 1.3966965322864151e-05 3.517297248950503e-07
3.314814887882676 1.262985340130125e-05 3.4457107872757395e-07
3.3166048878920265 9.16137699116992e-06 3.0180258576519905e-07
3.318394887901377 7.920436873010268e-06 4.1240288872488816e-07
3.3201848879107274 8.254766184121518e-06 2.979830702132888e-07
3.321974887920078 1.0063658982171342e-05 3.78445907942231e-07
3.3237648879294284 9.928000629739735e-06 3.005925873122377e-07
3.325554887938779 9.229639228311712e-06 3.243538075981664e-07
3.3273448879481293 9.36828776332755e-06 3.1391372183780895e-07
