#Target name PANSTARRS (C/2017 K2)
#Obs. Start 2022-08-21 21:24:50.752
#Obs. End 2022-08-21 21:30:34.329
#Instrument used NIRSPEC
#Grating used G395M/F290LP
#Lower wavelength (um) 3.255
#Upper wavelength (um) 3.328
#Spectral plate scale (um) 0.001790000009350478
#Center pixel for extract (x,y) = 29,25
#Pixel scale (arcsec/pixel) 0.09999908561794624
#Aperture size (arcsec) 0.09999908561794624 0.09999908561794624
#X offset (arcsec) -0.09999908561794624
#Y offset (arcsec) -0.5999945137076774
#Wave (micron) Flux (Jy) Noise (Jy)
3.25574488757411 6.662983505151942e-06 4.040119970563631e-07
3.2575348875834607 8.09044152956606e-06 3.5643270603038825e-07
3.259324887592811 9.73611877526633e-06 4.1509565013097485e-07
3.2611148876021616 9.867289612305407e-06 4.55751738245239e-07
3.262904887611512 8.419874472733534e-06 4.26932592736856e-07
3.2646948876208626 7.843118910500937e-06 3.943679297294578e-07
3.266484887630213 8.568692318355175e-06 3.9619017030805676e-07
3.2682748876395635 9.340943059143474e-06 4.318438947821805e-07
3.270064887648914 1.27831946265743e-05 4.581230662311017e-07
3.2718548876582645 1.1277453442783707e-05 3.9937410394710435e-07
3.273644887667615 9.023956807020768e-06 3.7805103684815704e-07
3.2754348876769654 8.174054566115539e-06 3.534057905997556e-07
3.277224887686316 9.455616337097136e-06 3.9369306524553916e-07
3.2790148876956664 1.191690331596677e-05 4.6123518729552977e-07
3.280804887705017 1.4296748839162191e-05 4.350919357839784e-07
3.2825948877143674 1.0460078291470906e-05 4.189171830474472e-07
3.284384887723718 9.242214134081983e-06 3.945744854454525e-07
3.2861748877330683 8.863631017330578e-06 4.258429076648606e-07
3.287964887742419 8.613743207148968e-06 3.6948754843376553e-07
3.2897548877517693 1.1574498270361916e-05 4.297515234849292e-07
3.2915448877611198 1.3157413959626316e-05 4.6070862712587587e-07
3.2933348877704702 9.78388100203155e-06 3.701349543444782e-07
3.2951248877798207 8.904319019031456e-06 3.7476861659194704e-07
3.296914887789171 9.102272692533473e-06 3.683290488150416e-07
3.2987048877985217 8.649976867896783e-06 4.155533397159957e-07
3.300494887807872 1.2834152358805849e-05 4.670557883982575e-07
3.3022848878172226 1.2470187513974477e-05 4.209321379796289e-07
3.304074887826573 1.0516219305717282e-05 4.3161458767695794e-07
3.3058648878359236 9.088853183466549e-06 3.8948240512020425e-07
3.307654887845274 9.305022314054397e-06 4.409406398958139e-07
3.3094448878546245 8.668635248579799e-06 3.6063002913445157e-07
3.311234887863975 1.4114277766219247e-05 4.5959218395448075e-07
3.3130248878733255 2.082264704268229e-05 5.591031179732988e-07
3.314814887882676 1.4296603588913722e-05 4.386300009605269e-07
3.3166048878920265 1.0030025480192423e-05 3.7302743484221037e-07
3.318394887901377 9.002244584694005e-06 4.7389457020683584e-07
3.3201848879107274 8.922896705131989e-06 4.5854578816371316e-07
3.321974887920078 1.1440972944727279e-05 4.390910528198179e-07
3.3237648879294284 1.1815793900722031e-05 4.2380494917288083e-07
3.325554887938779 1.1576658195353046e-05 4.531398115163965e-07
3.3273448879481293 1.0629725202044356e-05 3.9831336245278426e-07
