#Target name PANSTARRS (C/2017 K2)
#Obs. Start 2022-08-21 21:24:50.752
#Obs. End 2022-08-21 21:30:34.329
#Instrument used NIRSPEC
#Grating used G395M/F290LP
#Lower wavelength (um) 3.255
#Upper wavelength (um) 3.328
#Spectral plate scale (um) 0.001790000009350478
#Center pixel for extract (x,y) = 29,25
#Pixel scale (arcsec/pixel) 0.09999908561794624
#Aperture size (arcsec) 0.09999908561794624 0.09999908561794624
#X offset (arcsec) 0.19999817123589247
#Y offset (arcsec) -0.19999817123589247
#Wave (micron) Flux (Jy) Noise (Jy)
3.25574488757411 1.8068314997706183e-05 5.391544645391221e-07
3.2575348875834607 1.921941066433572e-05 5.365221960509454e-07
3.259324887592811 2.1962273319321573e-05 5.573246990360206e-07
3.2611148876021616 2.1747476893242405e-05 5.635681621661209e-07
3.262904887611512 1.9711122206089474e-05 5.219980678104754e-07
3.2646948876208626 1.974096664911758e-05 4.861810488826328e-07
3.266484887630213 1.949401970816424e-05 5.042722699341832e-07
3.2682748876395635 2.1572565109465176e-05 5.207043207092357e-07
3.270064887648914 2.440164723601471e-05 6.842159773461781e-07
3.2718548876582645 2.4899136509874246e-05 5.850168942659141e-07
3.273644887667615 2.058233678283494e-05 5.029830058653036e-07
3.2754348876769654 1.9466147799374606e-05 4.7467949313519665e-07
3.277224887686316 2.0016544027935893e-05 4.775177009224185e-07
3.2790148876956664 2.4760998143940998e-05 5.472712748167274e-07
3.280804887705017 3.146869586215648e-05 6.2772590299266e-07
3.2825948877143674 2.4843878653002826e-05 5.31444937751438e-07
3.284384887723718 2.201964537425405e-05 5.048200964885956e-07
3.2861748877330683 2.011805781269952e-05 4.926488317444551e-07
3.287964887742419 1.974209099363351e-05 4.807159522460663e-07
3.2897548877517693 2.4396586789086557e-05 5.573210005343234e-07
3.2915448877611198 2.632533435389192e-05 5.760124996189002e-07
3.2933348877704702 2.234233942317772e-05 5.23216331854351e-07
3.2951248877798207 1.926131625762562e-05 4.909483054944347e-07
3.296914887789171 1.961514406968418e-05 5.107811285800055e-07
3.2987048877985217 2.0526173353426763e-05 5.402640150482636e-07
3.300494887807872 2.791201041070003e-05 6.754164012401194e-07
3.3022848878172226 3.108951022585587e-05 6.792556141154621e-07
3.304074887826573 2.473822613276429e-05 5.700490578975967e-07
3.3058648878359236 2.1471044151849774e-05 5.122591843491526e-07
3.307654887845274 2.1158270156932682e-05 5.020197142869127e-07
3.3094448878546245 2.1266684225105078e-05 5.004890949633425e-07
3.311234887863975 3.279922758882113e-05 6.68947497620207e-07
3.3130248878733255 4.4618240306777765e-05 7.587408986193176e-07
3.314814887882676 3.55994802308689e-05 6.375042371387524e-07
3.3166048878920265 2.4121694417612874e-05 5.318169733994274e-07
3.318394887901377 2.1533177187148748e-05 5.268457388152379e-07
3.3201848879107274 2.31524377163635e-05 5.698513561705133e-07
3.321974887920078 2.5814031960724236e-05 5.871197726702596e-07
3.3237648879294284 2.7114446675993283e-05 6.023335594014367e-07
3.325554887938779 2.6296485144047775e-05 6.130132632414451e-07
3.3273448879481293 2.5814482057173198e-05 5.871689179125079e-07
