#Target name PANSTARRS (C/2017 K2)
#Obs. Start 2022-08-21 21:24:50.752
#Obs. End 2022-08-21 21:30:34.329
#Instrument used NIRSPEC
#Grating used G395M/F290LP
#Lower wavelength (um) 3.255
#Upper wavelength (um) 3.328
#Spectral plate scale (um) 0.001790000009350478
#Center pixel for extract (x,y) = 29,25
#Pixel scale (arcsec/pixel) 0.09999908561794624
#Aperture size (arcsec) 0.09999908561794624 0.09999908561794624
#X offset (arcsec) -0.09999908561794624
#Y offset (arcsec) -0.19999817123589247
#Wave (micron) Flux (Jy) Noise (Jy)
3.25574488757411 2.4497437085060876e-05 5.167646318711208e-07
3.2575348875834607 2.4327691547775502e-05 5.746572789364216e-07
3.259324887592811 2.8908335661340098e-05 6.236935274604985e-07
3.2611148876021616 3.082176918760313e-05 6.163636574758161e-07
3.262904887611512 2.5832790761332123e-05 5.388920950702433e-07
3.2646948876208626 2.47428328968176e-05 5.315557807265431e-07
3.266484887630213 2.4535082004395673e-05 5.273486790081441e-07
3.2682748876395635 2.813477228867674e-05 5.500416767395018e-07
3.270064887648914 3.794020412387008e-05 6.791167521881059e-07
3.2718548876582645 3.24536862137771e-05 6.431808768648142e-07
3.273644887667615 2.634126525768701e-05 5.335207498479089e-07
3.2754348876769654 2.5777778574634035e-05 5.635076412292587e-07
3.277224887686316 2.4941544202788485e-05 5.509390117042938e-07
3.2790148876956664 3.218447474091023e-05 6.177268915786386e-07
3.280804887705017 4.053390015331668e-05 7.079975674103933e-07
3.2825948877143674 3.1742487200882504e-05 6.089435664648853e-07
3.284384887723718 2.6881814953972425e-05 5.729980526220193e-07
3.2861748877330683 2.653211153168522e-05 5.591107391283112e-07
3.287964887742419 2.5997929534564187e-05 5.429110775432288e-07
3.2897548877517693 3.3404200253335094e-05 6.7196284122356e-07
3.2915448877611198 3.6845332855888824e-05 6.933157485066546e-07
3.2933348877704702 2.918600392645119e-05 5.899339962343546e-07
3.2951248877798207 2.516062999422986e-05 5.851278493168283e-07
3.296914887789171 2.4299398233944016e-05 5.750736405668721e-07
3.2987048877985217 2.8500022867189006e-05 7.252244037849991e-07
3.300494887807872 3.830112767954832e-05 7.957115138492403e-07
3.3022848878172226 4.0492692119862024e-05 7.277503123304307e-07
3.304074887826573 3.131341438047795e-05 5.95294077837884e-07
3.3058648878359236 2.614464663122185e-05 5.197452319736824e-07
3.307654887845274 2.537695423773737e-05 5.056683982869482e-07
3.3094448878546245 2.7263934286649534e-05 5.213705553558611e-07
3.311234887863975 4.2050775396276984e-05 6.68010431781123e-07
3.3130248878733255 5.7468024102817045e-05 7.922114984098488e-07
3.314814887882676 4.4939322257264715e-05 6.608022761250191e-07
3.3166048878920265 3.1895103968126153e-05 5.315524744901774e-07
3.318394887901377 2.7668068894640945e-05 4.907346890024727e-07
3.3201848879107274 2.8050198986595712e-05 5.075503752717465e-07
3.321974887920078 3.2058386765961106e-05 5.265430780930221e-07
3.3237648879294284 3.471834560011686e-05 5.37102748741587e-07
3.325554887938779 3.285481360366132e-05 5.168018970776147e-07
3.3273448879481293 3.187173840346496e-05 5.185919158611249e-07
