#Target name PANSTARRS (C/2017 K2)
#Obs. Start 2022-08-21 21:24:50.752
#Obs. End 2022-08-21 21:30:34.329
#Instrument used NIRSPEC
#Grating used G395M/F290LP
#Lower wavelength (um) 3.255
#Upper wavelength (um) 3.328
#Spectral plate scale (um) 0.001790000009350478
#Center pixel for extract (x,y) = 29,25
#Pixel scale (arcsec/pixel) 0.09999908561794624
#Aperture size (arcsec) 0.09999908561794624 0.09999908561794624
#X offset (arcsec) 0.39999634247178495
#Y offset (arcsec) 0.2999972568538387
#Wave (micron) Flux (Jy) Noise (Jy)
3.25574488757411 1.0936120738519404e-05 4.037128947410832e-07
3.2575348875834607 9.973190492536695e-06 4.134585587888508e-07
3.259324887592811 1.2827066477857367e-05 4.6844325889477696e-07
3.2611148876021616 1.303917667094632e-05 4.331375578265635e-07
3.262904887611512 1.1486208534454309e-05 4.1215267948128637e-07
3.2646948876208626 1.103755472530702e-05 3.5060764991425267e-07
3.266484887630213 1.108154672185734e-05 3.890077640690716e-07
3.2682748876395635 1.2686203324855608e-05 4.5103572829710423e-07
3.270064887648914 1.5484431429489525e-05 5.003561730538635e-07
3.2718548876582645 1.4552033323698971e-05 4.440569077651751e-07
3.273644887667615 1.2011386809383183e-05 4.757901644024281e-07
3.2754348876769654 1.11152205711275e-05 4.4642711499294784e-07
3.277224887686316 1.1721922789526016e-05 4.2311716795197444e-07
3.2790148876956664 1.3114238771572016e-05 4.5929313767710536e-07
3.280804887705017 1.5849491927429723e-05 5.47422016779838e-07
3.2825948877143674 1.4389714377821452e-05 4.833517511222266e-07
3.284384887723718 1.1562326837504063e-05 4.6310889868941393e-07
3.2861748877330683 1.0838335043466492e-05 4.3783014393061634e-07
3.287964887742419 1.1464332233143166e-05 4.6763045710892635e-07
3.2897548877517693 1.272827748016225e-05 5.41310410839031e-07
3.2915448877611198 1.4490977112772909e-05 5.419588254320247e-07
3.2933348877704702 1.2193944853153915e-05 4.800689946385897e-07
3.2951248877798207 9.873502198550127e-06 4.4532720300338077e-07
3.296914887789171 9.585988297769632e-06 5.161571809863181e-07
3.2987048877985217 1.017956061099169e-05 4.85397358788171e-07
3.300494887807872 1.3903675665216255e-05 5.197097039422281e-07
3.3022848878172226 1.6115208428268613e-05 5.491475919731709e-07
3.304074887826573 1.2792949704990023e-05 4.763447715432852e-07
3.3058648878359236 1.0746032993596536e-05 4.433882915076084e-07
3.307654887845274 1.0320350242262741e-05 4.5976699419757504e-07
3.3094448878546245 1.0911702557860044e-05 4.247585742127451e-07
3.311234887863975 1.6905891604908975e-05 5.343496625313039e-07
3.3130248878733255 2.2306519994619984e-05 5.927743334619476e-07
3.314814887882676 1.9118637476517993e-05 5.252019229245736e-07
3.3166048878920265 1.3752653064279883e-05 4.771663432611904e-07
3.318394887901377 1.184890737094717e-05 4.638475903465605e-07
3.3201848879107274 1.1332450387171766e-05 4.159826741213385e-07
3.321974887920078 1.2821345231959322e-05 4.284791268253047e-07
3.3237648879294284 1.474578908569893e-05 5.000573789470584e-07
3.325554887938779 1.4395821164502471e-05 4.946476477601401e-07
3.3273448879481293 1.3484230605108397e-05 4.61952080207825e-07
