#Target name PANSTARRS (C/2017 K2)
#Obs. Start 2022-08-21 21:24:50.752
#Obs. End 2022-08-21 21:30:34.329
#Instrument used NIRSPEC
#Grating used G395M/F290LP
#Lower wavelength (um) 3.255
#Upper wavelength (um) 3.328
#Spectral plate scale (um) 0.001790000009350478
#Center pixel for extract (x,y) = 29,25
#Pixel scale (arcsec/pixel) 0.09999908561794624
#Aperture size (arcsec) 0.09999908561794624 0.09999908561794624
#X offset (arcsec) -0.5999945137076774
#Y offset (arcsec) -0.39999634247178495
#Wave (micron) Flux (Jy) Noise (Jy)
3.25574488757411 8.234450874678184e-06 3.533465865536491e-07
3.2575348875834607 8.105953718138708e-06 3.43425972168026e-07
3.259324887592811 9.895417053939568e-06 3.7712206848627364e-07
3.2611148876021616 1.0201239658878984e-05 3.71858624249058e-07
3.262904887611512 8.22518086036383e-06 3.495219435334769e-07
3.2646948876208626 8.220146415023361e-06 3.5215169031595105e-07
3.266484887630213 8.521960292426319e-06 3.2672076462747795e-07
3.2682748876395635 9.494783694221445e-06 4.058529542950658e-07
3.270064887648914 1.2650000148727841e-05 4.102757739268456e-07
3.2718548876582645 1.1388524155932738e-05 3.748763214444001e-07
3.273644887667615 8.80344541128886e-06 3.2441825118834386e-07
3.2754348876769654 8.413224342530463e-06 3.136373428928046e-07
3.277224887686316 8.491257797004478e-06 3.087302997282223e-07
3.2790148876956664 1.0350969353282685e-05 3.429739704303121e-07
3.280804887705017 1.2796946776642348e-05 3.64004575705663e-07
3.2825948877143674 1.0829962532230643e-05 3.343133403084663e-07
3.284384887723718 9.100431959446388e-06 3.058105007520453e-07
3.2861748877330683 8.9001273837747e-06 3.0568293046244633e-07
3.287964887742419 9.317237680629382e-06 2.95896891104485e-07
3.2897548877517693 1.0562886775980151e-05 3.0839634183634207e-07
3.2915448877611198 1.1436910420802495e-05 3.2764303645977344e-07
3.2933348877704702 9.756458293084408e-06 2.9825028696090704e-07
3.2951248877798207 9.442525882605448e-06 3.1156646213192984e-07
3.296914887789171 8.42722843901715e-06 2.575905844018026e-07
3.2987048877985217 8.973819469711127e-06 2.768489349093704e-07
3.300494887807872 1.1203262843648825e-05 3.13373208229934e-07
3.3022848878172226 1.2358880993323301e-05 3.094983832662802e-07
3.304074887826573 1.058797920470648e-05 2.7697499217554776e-07
3.3058648878359236 9.213968340393511e-06 2.5404150777701946e-07
3.307654887845274 8.877176051303588e-06 2.5526167710964796e-07
3.3094448878546245 9.107369003720511e-06 2.4826388774704483e-07
3.311234887863975 1.2970983472502873e-05 2.9730305024215597e-07
3.3130248878733255 1.747688288413287e-05 3.4348946311382685e-07
3.314814887882676 1.4195173188551994e-05 2.9476938044695066e-07
3.3166048878920265 1.02301668734862e-05 2.485591514658664e-07
3.318394887901377 9.143332785920245e-06 2.380186737995934e-07
3.3201848879107274 9.710879303078586e-06 2.615998162794047e-07
3.321974887920078 1.0734776099340156e-05 2.690319274208512e-07
3.3237648879294284 1.1263079944430537e-05 2.725612506842974e-07
3.325554887938779 1.1338119629894433e-05 3.2041560376452076e-07
3.3273448879481293 1.1106386307558555e-05 2.8791560849891797e-07
