#Target name PANSTARRS (C/2017 K2)
#Obs. Start 2022-08-21 21:24:50.752
#Obs. End 2022-08-21 21:30:34.329
#Instrument used NIRSPEC
#Grating used G395M/F290LP
#Lower wavelength (um) 3.255
#Upper wavelength (um) 3.328
#Spectral plate scale (um) 0.001790000009350478
#Center pixel for extract (x,y) = 29,25
#Pixel scale (arcsec/pixel) 0.09999908561794624
#Aperture size (arcsec) 0.09999908561794624 0.09999908561794624
#X offset (arcsec) -0.09999908561794624
#Y offset (arcsec) 0.09999908561794624
#Wave (micron) Flux (Jy) Noise (Jy)
3.25574488757411 4.51644960066512e-05 6.885220980418323e-07
3.2575348875834607 4.5950999203918945e-05 7.122706817802959e-07
3.259324887592811 5.260656284221157e-05 7.815018142909317e-07
3.2611148876021616 5.549907987665747e-05 7.807145938084863e-07
3.262904887611512 5.009348249387845e-05 7.345085956891919e-07
3.2646948876208626 4.603225685526639e-05 6.772922700933268e-07
3.266484887630213 4.604455112321091e-05 6.812558310787597e-07
3.2682748876395635 5.0502474915735344e-05 7.276557203476314e-07
3.270064887648914 6.539963089925591e-05 8.881264800967677e-07
3.2718548876582645 6.20701078703409e-05 8.26364359687693e-07
3.273644887667615 5.066770514282755e-05 7.492841660071626e-07
3.2754348876769654 4.7649243590468066e-05 7.250457549454464e-07
3.277224887686316 4.744113764188321e-05 7.116525836936378e-07
3.2790148876956664 5.622148647045249e-05 8.097813988358163e-07
3.280804887705017 6.796130731837323e-05 8.923004073757015e-07
3.2825948877143674 6.043693559510608e-05 8.08794851527057e-07
3.284384887723718 4.971978408918669e-05 7.21027893230551e-07
3.2861748877330683 4.6535274604632484e-05 7.216791097187698e-07
3.287964887742419 4.6316828990212144e-05 7.363099341294117e-07
3.2897548877517693 5.405732949677591e-05 8.38562578663899e-07
3.2915448877611198 6.12346284411448e-05 9.413368240134919e-07
3.2933348877704702 5.4265173636270926e-05 8.916340606532671e-07
3.2951248877798207 4.5526477557966436e-05 8.108553092376943e-07
3.296914887789171 4.445962344902327e-05 8.239698600283186e-07
3.2987048877985217 4.661050706048787e-05 8.614603949362119e-07
3.300494887807872 5.754574553823879e-05 1.0142483019402072e-06
3.3022848878172226 6.509044512343989e-05 1.0779153188370214e-06
3.304074887826573 5.4985607695827466e-05 9.278652557332848e-07
3.3058648878359236 4.598107497141683e-05 7.852217785054939e-07
3.307654887845274 4.607305962259569e-05 7.667429993064071e-07
3.3094448878546245 4.8432339683142074e-05 7.835667550339293e-07
3.311234887863975 6.645957037908674e-05 9.69131288419102e-07
3.3130248878733255 8.9971984834694e-05 1.1982684867152067e-06
3.314814887882676 7.972514287404093e-05 1.1350279182716532e-06
3.3166048878920265 5.465970200252097e-05 9.042905015745868e-07
3.318394887901377 4.864556704789519e-05 8.679711028328828e-07
3.3201848879107274 4.952690251849696e-05 8.715335444978896e-07
3.321974887920078 5.340415885475131e-05 8.98117085825114e-07
3.3237648879294284 5.899887206103751e-05 9.741679752757498e-07
3.325554887938779 5.784106619157128e-05 9.622624983126627e-07
3.3273448879481293 5.482295610894882e-05 9.577026940233275e-07
