#Target name PANSTARRS (C/2017 K2)
#Obs. Start 2022-08-21 21:24:50.752
#Obs. End 2022-08-21 21:30:34.329
#Instrument used NIRSPEC
#Grating used G395M/F290LP
#Lower wavelength (um) 3.255
#Upper wavelength (um) 3.328
#Spectral plate scale (um) 0.001790000009350478
#Center pixel for extract (x,y) = 29,25
#Pixel scale (arcsec/pixel) 0.09999908561794624
#Aperture size (arcsec) 0.09999908561794624 0.09999908561794624
#X offset (arcsec) 0.5999945137076774
#Y offset (arcsec) 0.4999954280897312
#Wave (micron) Flux (Jy) Noise (Jy)
3.25574488757411 6.31074851449095e-06 3.4022556338505485e-07
3.2575348875834607 6.743426141216311e-06 3.4349915767130573e-07
3.259324887592811 8.414580011516176e-06 3.91505177340064e-07
3.2611148876021616 8.619127329013527e-06 3.529389948552531e-07
3.262904887611512 7.27076927247191e-06 3.5687327603558366e-07
3.2646948876208626 8.069258305057797e-06 5.733867315276458e-07
3.266484887630213 6.684261321643004e-06 3.3072394441139384e-07
3.2682748876395635 7.961549866178891e-06 3.6354722234806916e-07
3.270064887648914 1.0864003990154337e-05 4.158568970446835e-07
3.2718548876582645 1.0100605445064422e-05 3.5699011506647056e-07
3.273644887667615 6.618374195045626e-06 3.041606327676948e-07
3.2754348876769654 7.0767960834024855e-06 3.781164891206155e-07
3.277224887686316 7.151662275514042e-06 3.322221738261618e-07
3.2790148876956664 8.945743134645873e-06 3.6669181737815625e-07
3.280804887705017 1.1270887593589006e-05 3.695287362935746e-07
3.2825948877143674 9.926793797428379e-06 3.3957964247881147e-07
3.284384887723718 7.125271112312974e-06 3.04582430074882e-07
3.2861748877330683 7.0239187167143125e-06 3.033670800020407e-07
3.287964887742419 7.634457962509894e-06 3.004169084816236e-07
3.2897548877517693 8.831355874156789e-06 3.4568149782423515e-07
3.2915448877611198 9.692835994435386e-06 3.233722476629078e-07
3.2933348877704702 7.169021473419082e-06 3.358551391939845e-07
3.2951248877798207 6.860342728563002e-06 3.020868380357859e-07
3.296914887789171 6.708953863882805e-06 2.6457898741540156e-07
3.2987048877985217 7.431506156229527e-06 2.931339422230094e-07
3.300494887807872 9.589302155290267e-06 3.0610355097363905e-07
3.3022848878172226 1.1131530739460261e-05 3.467143884800177e-07
3.304074887826573 8.090037160047172e-06 2.847108007404434e-07
3.3058648878359236 7.418725479273927e-06 2.87239483162148e-07
3.307654887845274 7.169953495846761e-06 2.995948884604824e-07
3.3094448878546245 7.469882706445502e-06 2.8590267093129836e-07
3.311234887863975 1.0655161927655945e-05 3.327330994204596e-07
3.3130248878733255 1.510928231552601e-05 4.058262802525228e-07
3.314814887882676 1.300866425609655e-05 3.471815204519471e-07
3.3166048878920265 9.312186199765945e-06 2.947916835329425e-07
3.318394887901377 7.884203212262453e-06 2.8080812493825205e-07
3.3201848879107274 7.772256514590245e-06 3.0418142283026507e-07
3.321974887920078 8.684846790200636e-06 3.380004382920381e-07
3.3237648879294284 9.786721451334953e-06 3.2093339400212005e-07
3.325554887938779 9.51290321441477e-06 3.1056245901591815e-07
3.3273448879481293 9.40227542486292e-06 2.9844602736133284e-07
