#Target name PANSTARRS (C/2017 K2)
#Obs. Start 2022-08-21 21:24:50.752
#Obs. End 2022-08-21 21:30:34.329
#Instrument used NIRSPEC
#Grating used G395M/F290LP
#Lower wavelength (um) 3.255
#Upper wavelength (um) 3.328
#Spectral plate scale (um) 0.001790000009350478
#Center pixel for extract (x,y) = 29,25
#Pixel scale (arcsec/pixel) 0.09999908561794624
#Aperture size (arcsec) 0.09999908561794624 0.09999908561794624
#X offset (arcsec) 0.39999634247178495
#Y offset (arcsec) 0.6999935993256237
#Wave (micron) Flux (Jy) Noise (Jy)
3.25574488757411 5.451375419421631e-06 4.1006734094105e-07
3.2575348875834607 7.11816640262858e-06 3.4056389223348623e-07
3.259324887592811 8.035919786608176e-06 3.8263272393920025e-07
3.2611148876021616 8.545791195846497e-06 3.9934658933599383e-07
3.262904887611512 7.093690390851776e-06 3.635265443613079e-07
3.2646948876208626 7.152749859164619e-06 3.539565311252021e-07
3.266484887630213 7.037672659995306e-06 3.425502678343718e-07
3.2682748876395635 8.083640769475686e-06 3.7764347316871333e-07
3.270064887648914 1.0476869040872677e-05 3.9755959659932667e-07
3.2718548876582645 9.268113508633142e-06 3.424098368456896e-07
3.273644887667615 7.371746886565262e-06 3.757693414905454e-07
3.2754348876769654 7.796336674609645e-06 3.535090684577529e-07
3.277224887686316 7.100812584362373e-06 3.402488471343754e-07
3.2790148876956664 8.252110435751354e-06 3.589056307371133e-07
3.280804887705017 1.0385124680228327e-05 3.617275595130773e-07
3.2825948877143674 9.259054196839713e-06 3.7066846321429034e-07
3.284384887723718 7.802775205685318e-06 3.29321371699611e-07
3.2861748877330683 7.094946088215859e-06 3.3826527342871496e-07
3.287964887742419 6.7834901048126545e-06 3.103596858584773e-07
3.2897548877517693 8.946951760170174e-06 3.575913457438735e-07
3.2915448877611198 1.0430368339413607e-05 3.7658519734219136e-07
3.2933348877704702 9.140131900815085e-06 3.6528266021259443e-07
3.2951248877798207 7.064020337782481e-06 3.025394001525448e-07
3.296914887789171 6.794631336834142e-06 3.0033265549220474e-07
3.2987048877985217 6.893749389104496e-06 3.220630341000255e-07
3.300494887807872 9.47126660306648e-06 3.841797903877417e-07
3.3022848878172226 1.1160674036227237e-05 3.3672319435367417e-07
3.304074887826573 8.92790156245888e-06 3.3274444709612123e-07
3.3058648878359236 7.112624926328178e-06 2.638765803014201e-07
3.307654887845274 6.85628110124469e-06 2.5595758382670716e-07
3.3094448878546245 7.138777592207686e-06 3.187923537848087e-07
3.311234887863975 1.0468994146228808e-05 3.258358980964377e-07
3.3130248878733255 1.584900955314777e-05 3.7459582371341484e-07
3.314814887882676 1.3198947461230323e-05 3.252068445994495e-07
3.3166048878920265 8.828749439142588e-06 2.6541518502638175e-07
3.318394887901377 7.382891705012637e-06 2.5448280627497337e-07
3.3201848879107274 7.561139761472303e-06 2.773491852828605e-07
3.321974887920078 9.139051490016286e-06 3.015499108537992e-07
3.3237648879294284 1.015707820370545e-05 2.7947854159708317e-07
3.325554887938779 9.332657518735412e-06 2.6660282435544683e-07
3.3273448879481293 9.02162114716112e-06 2.683570629369325e-07
