#Target name PANSTARRS (C/2017 K2)
#Obs. Start 2022-08-21 21:24:50.752
#Obs. End 2022-08-21 21:30:34.329
#Instrument used NIRSPEC
#Grating used G395M/F290LP
#Lower wavelength (um) 3.255
#Upper wavelength (um) 3.328
#Spectral plate scale (um) 0.001790000009350478
#Center pixel for extract (x,y) = 29,25
#Pixel scale (arcsec/pixel) 0.09999908561794624
#Aperture size (arcsec) 0.09999908561794624 0.09999908561794624
#X offset (arcsec) 0.19999817123589247
#Y offset (arcsec) -0.7999926849435699
#Wave (micron) Flux (Jy) Noise (Jy)
3.25574488757411 5.540924439119208e-06 3.86827189110134e-07
3.2575348875834607 6.163397517057556e-06 4.132792374944441e-07
3.259324887592811 6.717255094904127e-06 4.468823108912183e-07
3.2611148876021616 7.26491577711924e-06 4.577568585251805e-07
3.262904887611512 6.140005950808675e-06 4.0139743654600903e-07
3.2646948876208626 5.542688960656169e-06 3.960933648280294e-07
3.266484887630213 6.33639101128787e-06 4.3056264413364467e-07
3.2682748876395635 6.957858545067832e-06 4.183065940399924e-07
3.270064887648914 1.0047495857299994e-05 5.534103393307405e-07
3.2718548876582645 8.880754407733472e-06 5.282326209137601e-07
3.273644887667615 5.1538383548902745e-06 4.071781386607312e-07
3.2754348876769654 5.725894802602944e-06 3.9107808445090133e-07
3.277224887686316 6.83128909244323e-06 4.1251821473235344e-07
3.2790148876956664 9.177102572082913e-06 4.948399138104867e-07
3.280804887705017 1.1367593774449588e-05 5.621198625242643e-07
3.2825948877143674 7.614707515143942e-06 3.999225469184663e-07
3.284384887723718 6.914818296287574e-06 3.796937880186358e-07
3.2861748877330683 6.323929526236312e-06 4.343938435886436e-07
3.287964887742419 6.394065222601421e-06 4.0567721942654725e-07
3.2897548877517693 7.590430101700692e-06 4.1903242499805576e-07
3.2915448877611198 1.0262696652898046e-05 4.973677836825761e-07
3.2933348877704702 7.840071345102494e-06 4.677010928875513e-07
3.2951248877798207 5.194340310748206e-06 3.9817309957781553e-07
3.296914887789171 5.458364915174368e-06 3.886408278703919e-07
3.2987048877985217 6.852830511237069e-06 3.74792824966692e-07
3.300494887807872 9.269739056166936e-06 4.636228503305548e-07
3.3022848878172226 1.0700564286186775e-05 4.763717818132552e-07
3.304074887826573 7.285311332841821e-06 4.112644786949282e-07
3.3058648878359236 6.513742461275502e-06 4.1373177159225074e-07
3.307654887845274 6.36967887147182e-06 3.5536532404438465e-07
3.3094448878546245 6.2865948327408396e-06 3.480984686833148e-07
3.311234887863975 1.0740053525034543e-05 4.672892423084131e-07
3.3130248878733255 1.636737899852802e-05 6.969740149883601e-07
3.314814887882676 1.2302645835397362e-05 7.111220728517164e-07
3.3166048878920265 7.363423688685374e-06 5.342176932662014e-07
3.318394887901377 7.553044301636314e-06 4.797464404602756e-07
3.3201848879107274 7.381744945334907e-06 4.1946069468321297e-07
3.321974887920078 8.393237191055892e-06 4.030130933896611e-07
3.3237648879294284 9.256593012073982e-06 4.255821913141646e-07
3.325554887938779 8.529715938409408e-06 3.951333234480996e-07
3.3273448879481293 8.727496566862322e-06 4.201190560042558e-07
