#Target name PANSTARRS (C/2017 K2)
#Obs. Start 2022-08-21 21:24:50.752
#Obs. End 2022-08-21 21:30:34.329
#Instrument used NIRSPEC
#Grating used G395M/F290LP
#Lower wavelength (um) 3.255
#Upper wavelength (um) 3.328
#Spectral plate scale (um) 0.001790000009350478
#Center pixel for extract (x,y) = 29,25
#Pixel scale (arcsec/pixel) 0.09999908561794624
#Aperture size (arcsec) 0.09999908561794624 0.09999908561794624
#X offset (arcsec) 0.39999634247178495
#Y offset (arcsec) -0.5999945137076774
#Wave (micron) Flux (Jy) Noise (Jy)
3.25574488757411 6.869737371176968e-06 2.698489880874439e-07
3.2575348875834607 7.181478027135043e-06 3.06785364157716e-07
3.259324887592811 8.22336433565149e-06 3.245488195058337e-07
3.2611148876021616 9.087770979454803e-06 3.424497078147428e-07
3.262904887611512 7.700997818618913e-06 3.0598228494829655e-07
3.2646948876208626 6.551823579658943e-06 2.98350174525682e-07
3.266484887630213 6.820352735000602e-06 2.7210737167678267e-07
3.2682748876395635 7.923527475519367e-06 2.96238414113473e-07
3.270064887648914 1.0626761021047813e-05 3.6059749913088816e-07
3.2718548876582645 1.0567234420763041e-05 3.5569709645798933e-07
3.273644887667615 8.155286799442934e-06 3.247139351914491e-07
3.2754348876769654 7.116076412942271e-06 2.974404551839951e-07
3.277224887686316 7.004344452520114e-06 2.8577692187359565e-07
3.2790148876956664 8.548663026376418e-06 2.9007236734844216e-07
3.280804887705017 1.0486079879159877e-05 3.289827066237526e-07
3.2825948877143674 9.411965051006188e-06 3.363924586413028e-07
3.284384887723718 7.823208867182962e-06 3.3120659888287034e-07
3.2861748877330683 6.984463100609245e-06 2.945811211067759e-07
3.287964887742419 7.282273630114572e-06 2.9990951327530945e-07
3.2897548877517693 8.964311854681685e-06 3.1601180900131945e-07
3.2915448877611198 1.0410454709669743e-05 3.460806558180035e-07
3.2933348877704702 8.378973975298784e-06 3.3778079772534214e-07
3.2951248877798207 6.788668007188648e-06 2.9134117758217855e-07
3.296914887789171 6.624429426854504e-06 2.940802823352885e-07
3.2987048877985217 6.958358403175991e-06 2.9565309820094866e-07
3.300494887807872 9.952611580790582e-06 3.394176649158482e-07
3.3022848878172226 1.1848509277673588e-05 3.724030324912958e-07
3.304074887826573 8.530573990803143e-06 3.162639515526266e-07
3.3058648878359236 7.2740360581527635e-06 2.9960547962443336e-07
3.307654887845274 7.4710716066274185e-06 2.9830150560562196e-07
3.3094448878546245 8.093785871706744e-06 3.235455729015328e-07
3.311234887863975 1.0809471487918789e-05 3.1678922285047693e-07
3.3130248878733255 1.727873464702642e-05 4.097495499846187e-07
3.314814887882676 1.349337240469725e-05 3.802089724936758e-07
3.3166048878920265 8.394635897152264e-06 3.0138014402211006e-07
3.318394887901377 8.783371288986502e-06 3.2937331883708445e-07
3.3201848879107274 8.549851029951863e-06 3.2562485934808287e-07
3.321974887920078 9.164546495048556e-06 3.335850436826048e-07
3.3237648879294284 1.0092534193603178e-05 3.315510078439402e-07
3.325554887938779 9.266240497713062e-06 3.3459327766040645e-07
3.3273448879481293 9.778352526524992e-06 3.657791280275307e-07
