#Target name PANSTARRS (C/2017 K2)
#Obs. Start 2022-08-21 21:24:50.752
#Obs. End 2022-08-21 21:30:34.329
#Instrument used NIRSPEC
#Grating used G395M/F290LP
#Lower wavelength (um) 3.255
#Upper wavelength (um) 3.328
#Spectral plate scale (um) 0.001790000009350478
#Center pixel for extract (x,y) = 29,25
#Pixel scale (arcsec/pixel) 0.09999908561794624
#Aperture size (arcsec) 0.09999908561794624 0.09999908561794624
#X offset (arcsec) -0.4999954280897312
#Y offset (arcsec) 0.0
#Wave (micron) Flux (Jy) Noise (Jy)
3.25574488757411 1.3989775888119154e-05 4.3775667823781407e-07
3.2575348875834607 1.419785224869043e-05 4.2905390761178265e-07
3.259324887592811 1.615529211720734e-05 4.4511484736427007e-07
3.2611148876021616 1.643531307770105e-05 4.5978775624119303e-07
3.262904887611512 1.464137298578533e-05 4.332885519602444e-07
3.2646948876208626 1.4142358584316863e-05 3.9404027610183405e-07
3.266484887630213 1.366507792373049e-05 3.9420684877296657e-07
3.2682748876395635 1.5833431912302658e-05 3.9500127012614044e-07
3.270064887648914 1.9464168092284356e-05 4.586579760485264e-07
3.2718548876582645 1.7751508066877882e-05 4.470087043848228e-07
3.273644887667615 1.462590114450392e-05 3.7272163599734246e-07
3.2754348876769654 1.3712955812730602e-05 3.752277071245805e-07
3.277224887686316 1.4140968844285213e-05 3.777177233921786e-07
3.2790148876956664 1.6984509646802755e-05 4.0380855144406824e-07
3.280804887705017 1.9437345213067002e-05 4.385007215148406e-07
3.2825948877143674 1.742770939878067e-05 3.981279050078346e-07
3.284384887723718 1.4784321645441038e-05 3.6118065758408915e-07
3.2861748877330683 1.4602626137096405e-05 3.690565048723355e-07
3.287964887742419 1.45202898681631e-05 3.51836168894652e-07
3.2897548877517693 1.6676679539972457e-05 3.909035824162818e-07
3.2915448877611198 1.7699720077053233e-05 4.1096781402849413e-07
3.2933348877704702 1.530885974334888e-05 3.721506938073229e-07
3.2951248877798207 1.4321577665585741e-05 3.634842077244566e-07
3.296914887789171 1.4354405118346303e-05 3.5927601326691984e-07
3.2987048877985217 1.5444711762778446e-05 3.982510763219302e-07
3.300494887807872 1.8339468520191483e-05 4.1004638276476625e-07
3.3022848878172226 1.936969625475208e-05 4.289061636765629e-07
3.304074887826573 1.678993348988089e-05 3.766810221588899e-07
3.3058648878359236 1.527825856445838e-05 3.555309160521884e-07
3.307654887845274 1.4633053374331329e-05 3.3768783084177316e-07
3.3094448878546245 1.4920964471778937e-05 3.440708843919883e-07
3.311234887863975 2.055427300026029e-05 4.0344380072366417e-07
3.3130248878733255 2.7524030858121715e-05 4.739783468740664e-07
3.314814887882676 2.333409736044925e-05 4.124101736524734e-07
3.3166048878920265 1.7284815432119752e-05 3.7210219300097633e-07
3.318394887901377 1.559441814541387e-05 3.6928471923842024e-07
3.3201848879107274 1.6059676209816748e-05 3.601262203540255e-07
3.321974887920078 1.794982307278813e-05 3.8113334574739004e-07
3.3237648879294284 2.0322338838074677e-05 4.482014431631975e-07
3.325554887938779 1.884474033822827e-05 4.256583188074307e-07
3.3273448879481293 1.7480051491405034e-05 5.056486729445635e-07
