#Target name PANSTARRS (C/2017 K2)
#Obs. Start 2022-08-21 21:24:50.752
#Obs. End 2022-08-21 21:30:34.329
#Instrument used NIRSPEC
#Grating used G395M/F290LP
#Lower wavelength (um) 3.255
#Upper wavelength (um) 3.328
#Spectral plate scale (um) 0.001790000009350478
#Center pixel for extract (x,y) = 29,25
#Pixel scale (arcsec/pixel) 0.09999908561794624
#Aperture size (arcsec) 0.09999908561794624 0.09999908561794624
#X offset (arcsec) 0.5999945137076774
#Y offset (arcsec) -0.4999954280897312
#Wave (micron) Flux (Jy) Noise (Jy)
3.25574488757411 7.0862799383604185e-06 2.99547620488035e-07
3.2575348875834607 6.685497741967938e-06 2.940290356716213e-07
3.259324887592811 8.289168974453441e-06 3.3316551591054993e-07
3.2611148876021616 8.227620526574232e-06 3.1808961044340023e-07
3.262904887611512 6.85578258804624e-06 2.958593457084686e-07
3.2646948876208626 7.120108452247005e-06 3.2685758117131984e-07
3.266484887630213 6.8497735314706715e-06 3.721330418674048e-07
3.2682748876395635 7.718008236606333e-06 3.730831645382377e-07
3.270064887648914 1.1046911710449162e-05 4.0522104286494795e-07
3.2718548876582645 9.969998573496255e-06 3.670647776515699e-07
3.273644887667615 6.796933822254324e-06 3.4378214908904125e-07
3.2754348876769654 6.725275239796466e-06 3.3034717356047403e-07
3.277224887686316 7.08738276432102e-06 3.3318330794522937e-07
3.2790148876956664 8.802598118172787e-06 3.614842989696337e-07
3.280804887705017 1.1228539973308393e-05 4.1053539753840374e-07
3.2825948877143674 9.078161151287549e-06 3.893141232929845e-07
3.284384887723718 7.269579475683522e-06 3.5257253497876173e-07
3.2861748877330683 7.057588531255349e-06 3.604314588198485e-07
3.287964887742419 6.8536374570619e-06 3.438343203781327e-07
3.2897548877517693 8.31630835575542e-06 3.629918026575967e-07
3.2915448877611198 9.573567608312551e-06 3.961466008373064e-07
3.2933348877704702 8.085633925663015e-06 3.976244044358833e-07
3.2951248877798207 7.8758020096195e-06 3.852512071028694e-07
3.296914887789171 6.663360976476669e-06 3.463973540352971e-07
3.2987048877985217 7.345364241125677e-06 4.1706566266374587e-07
3.300494887807872 9.18233068442134e-06 4.168573697727116e-07
3.3022848878172226 1.1001911031617802e-05 4.326981085794581e-07
3.304074887826573 8.296860961377017e-06 4.4605437887115216e-07
3.3058648878359236 7.2381628332067054e-06 4.218744153438315e-07
3.307654887845274 7.222236412443975e-06 3.2701087285908533e-07
3.3094448878546245 7.555846196861417e-06 3.6541942071853176e-07
3.311234887863975 9.949773821306597e-06 4.574971508567655e-07
3.3130248878733255 1.6423865206266127e-05 5.010713287911193e-07
3.314814887882676 1.1946512848099204e-05 4.155840765066151e-07
3.3166048878920265 7.873972932416551e-06 3.866018326771788e-07
3.318394887901377 7.478508957312936e-06 3.6982304736801956e-07
3.3201848879107274 8.544606778696939e-06 3.9940523300305527e-07
3.321974887920078 8.889234511745966e-06 4.0368750957034376e-07
3.3237648879294284 9.910968693196988e-06 3.7299658597578197e-07
3.325554887938779 9.120983076391867e-06 3.614678238257101e-07
3.3273448879481293 8.645662397553357e-06 3.9086494428112757e-07
