#Target name PANSTARRS (C/2017 K2)
#Obs. Start 2022-08-21 21:24:50.752
#Obs. End 2022-08-21 21:30:34.329
#Instrument used NIRSPEC
#Grating used G395M/F290LP
#Lower wavelength (um) 3.255
#Upper wavelength (um) 3.328
#Spectral plate scale (um) 0.001790000009350478
#Center pixel for extract (x,y) = 29,25
#Pixel scale (arcsec/pixel) 0.09999908561794624
#Aperture size (arcsec) 0.09999908561794624 0.09999908561794624
#X offset (arcsec) -0.19999817123589247
#Y offset (arcsec) -0.39999634247178495
#Wave (micron) Flux (Jy) Noise (Jy)
3.25574488757411 1.1608467103161376e-05 3.9069271178164047e-07
3.2575348875834607 1.2544903524501968e-05 3.8132894605305457e-07
3.259324887592811 1.3713240036982237e-05 3.987969135307328e-07
3.2611148876021616 1.4110732584228827e-05 4.1305214388644936e-07
3.262904887611512 1.2905089173053718e-05 3.816068660404327e-07
3.2646948876208626 1.2072177624793525e-05 3.7447876053091e-07
3.266484887630213 1.222702963197195e-05 3.911953998039764e-07
3.2682748876395635 1.4146939346782482e-05 3.753211503303377e-07
3.270064887648914 1.8198016296737598e-05 4.348066748311105e-07
3.2718548876582645 1.591780796095984e-05 4.069402297371676e-07
3.273644887667615 1.2678568720746244e-05 3.5605402989071536e-07
3.2754348876769654 1.1825045982906943e-05 3.4594255040235814e-07
3.277224887686316 1.245671869155159e-05 3.668360589443446e-07
3.2790148876956664 1.5612717883508073e-05 4.0438411676120927e-07
3.280804887705017 1.8328551439788006e-05 4.386542933921286e-07
3.2825948877143674 1.5180582255395054e-05 4.045249960531275e-07
3.284384887723718 1.2525444474239426e-05 3.808496538558482e-07
3.2861748877330683 1.204186694639996e-05 3.4941129669103753e-07
3.287964887742419 1.2984923013323577e-05 4.044287229331929e-07
3.2897548877517693 1.5740715630242624e-05 4.061965226875681e-07
3.2915448877611198 1.7561868625191032e-05 4.439442715771259e-07
3.2933348877704702 1.4016225779044142e-05 3.9632883610274723e-07
3.2951248877798207 1.2172881773912906e-05 3.732960805563934e-07
3.296914887789171 1.213062112446008e-05 3.64962403588365e-07
3.2987048877985217 1.2967358492536442e-05 3.833785884481231e-07
3.300494887807872 1.7881155569520974e-05 4.4307812170618935e-07
3.3022848878172226 1.918896908139724e-05 4.675835253639059e-07
3.304074887826573 1.3865608444233131e-05 3.645580620884301e-07
3.3058648878359236 1.2204631505694082e-05 3.5633892659720396e-07
3.307654887845274 1.2298343917544545e-05 3.236758890484524e-07
3.3094448878546245 1.3493384060581387e-05 3.6127003804177e-07
3.311234887863975 1.9758177906954735e-05 4.178072402729743e-07
3.3130248878733255 2.7577958150988638e-05 4.956034302593277e-07
3.314814887882676 2.1612014001021705e-05 4.369147927795269e-07
3.3166048878920265 1.510662836036879e-05 3.698432210136403e-07
3.318394887901377 1.3110854082140093e-05 3.38615398256044e-07
3.3201848879107274 1.3564911738494328e-05 3.552965655355606e-07
3.321974887920078 1.5045831268713146e-05 3.683328033546432e-07
3.3237648879294284 1.6558033398741214e-05 3.660621474642185e-07
3.325554887938779 1.5037546624911558e-05 3.54074490914179e-07
3.3273448879481293 1.5189236301063121e-05 3.8815624009121006e-07
