#Target name PANSTARRS (C/2017 K2)
#Obs. Start 2022-08-21 21:24:50.752
#Obs. End 2022-08-21 21:30:34.329
#Instrument used NIRSPEC
#Grating used G395M/F290LP
#Lower wavelength (um) 3.255
#Upper wavelength (um) 3.328
#Spectral plate scale (um) 0.001790000009350478
#Center pixel for extract (x,y) = 29,25
#Pixel scale (arcsec/pixel) 0.09999908561794624
#Aperture size (arcsec) 0.09999908561794624 0.09999908561794624
#X offset (arcsec) -0.19999817123589247
#Y offset (arcsec) 0.6999935993256237
#Wave (micron) Flux (Jy) Noise (Jy)
3.25574488757411 8.227825849456328e-06 2.517884758075606e-07
3.2575348875834607 8.409709645160091e-06 2.529171632610895e-07
3.259324887592811 1.0185401105550516e-05 2.9770447777105665e-07
3.2611148876021616 1.0482383170675684e-05 2.9775241819835824e-07
3.262904887611512 9.009741111406678e-06 2.7750634358603666e-07
3.2646948876208626 8.333507061101968e-06 2.695651280821886e-07
3.266484887630213 8.722957944900889e-06 2.653796009570229e-07
3.2682748876395635 1.0034197390106794e-05 2.851137973306702e-07
3.270064887648914 1.2102868464331229e-05 3.129860423477291e-07
3.2718548876582645 1.1585896828440877e-05 3.1412795474672043e-07
3.273644887667615 9.666767161261012e-06 2.954109023776906e-07
3.2754348876769654 9.158462123529337e-06 2.920043861819608e-07
3.277224887686316 8.929098532099044e-06 3.0076269037135377e-07
3.2790148876956664 1.0301072306507551e-05 3.0535749033205044e-07
3.280804887705017 1.1909570868238481e-05 3.1565406301897806e-07
3.2825948877143674 1.1070114989338913e-05 3.2075466110571064e-07
3.284384887723718 9.537509682433254e-06 2.982428619385605e-07
3.2861748877330683 8.970882186908746e-06 2.6677032165200356e-07
3.287964887742419 9.042920033904275e-06 2.7003747157923674e-07
3.2897548877517693 1.0760273794191843e-05 3.137243417395441e-07
3.2915448877611198 1.2019848084659763e-05 3.3463564231621e-07
3.2933348877704702 9.987958497737556e-06 3.029098947581604e-07
3.2951248877798207 8.345449859309454e-06 2.801236499537113e-07
3.296914887789171 8.254096419086908e-06 2.87099192268227e-07
3.2987048877985217 8.520055900279719e-06 2.9853473536415967e-07
3.300494887807872 1.0914463209187437e-05 3.284117644337331e-07
3.3022848878172226 1.3163689308324078e-05 3.458322117683935e-07
3.304074887826573 1.1252613857082492e-05 3.111336253575557e-07
3.3058648878359236 9.217171915318088e-06 2.8401733167223005e-07
3.307654887845274 9.36687202170821e-06 2.8407737628690403e-07
3.3094448878546245 9.717290039353625e-06 2.824177016692656e-07
3.311234887863975 1.3145547372968954e-05 3.278632654244666e-07
3.3130248878733255 1.776048309766294e-05 3.608537044302717e-07
3.314814887882676 1.581463186779706e-05 3.687284589793802e-07
3.3166048878920265 1.0494038158205645e-05 3.0685395455282656e-07
3.318394887901377 9.280069755937706e-06 2.933356226413124e-07
3.3201848879107274 9.864173008208617e-06 2.9024883070971926e-07
3.321974887920078 1.0849136461635078e-05 3.038174006026195e-07
3.3237648879294284 1.1742155611173922e-05 3.3418986078589593e-07
3.325554887938779 1.1868917834190012e-05 3.256940381411907e-07
3.3273448879481293 1.1561298429880639e-05 3.1594274228402063e-07
