#Target name PANSTARRS (C/2017 K2)
#Obs. Start 2022-08-21 21:24:50.752
#Obs. End 2022-08-21 21:30:34.329
#Instrument used NIRSPEC
#Grating used G395M/F290LP
#Lower wavelength (um) 3.255
#Upper wavelength (um) 3.328
#Spectral plate scale (um) 0.001790000009350478
#Center pixel for extract (x,y) = 29,25
#Pixel scale (arcsec/pixel) 0.09999908561794624
#Aperture size (arcsec) 0.09999908561794624 0.09999908561794624
#X offset (arcsec) -0.5999945137076774
#Y offset (arcsec) 0.5999945137076774
#Wave (micron) Flux (Jy) Noise (Jy)
3.25574488757411 8.111828283743473e-06 2.6207994904517857e-07
3.2575348875834607 8.461282449431456e-06 2.679154842494561e-07
3.259324887592811 9.243547387905895e-06 2.7708317335018906e-07
3.2611148876021616 9.71948762181658e-06 2.8794491632297257e-07
3.262904887611512 8.424435509856767e-06 2.7213990168034614e-07
3.2646948876208626 8.226519493826576e-06 2.7040835845018385e-07
3.266484887630213 8.907380033526978e-06 2.8268455417050455e-07
3.2682748876395635 9.874590678807176e-06 3.1890145958487427e-07
3.270064887648914 1.153785037742402e-05 3.4573535025046165e-07
3.2718548876582645 1.0728871945721815e-05 3.4773153248463514e-07
3.273644887667615 8.743509061846368e-06 3.037251341928568e-07
3.2754348876769654 8.497569009961121e-06 3.0953315478602376e-07
3.277224887686316 8.634395640625785e-06 3.093021105057616e-07
3.2790148876956664 9.595174927682086e-06 3.07689283576287e-07
3.280804887705017 1.1113168238913017e-05 3.4007625038850904e-07
3.2825948877143674 1.001626346745318e-05 3.1320837273384114e-07
3.284384887723718 8.405333308970095e-06 3.20878028552472e-07
3.2861748877330683 8.682365880092519e-06 3.358532619241837e-07
3.287964887742419 8.913355019056609e-06 3.172244692547447e-07
3.2897548877517693 9.624377400476215e-06 3.737600183677662e-07
3.2915448877611198 1.0280121303075545e-05 3.942220070261344e-07
3.2933348877704702 9.219846492424163e-06 4.084201067382111e-07
3.2951248877798207 7.6055935103557225e-06 3.611831512708395e-07
3.296914887789171 8.117727954329452e-06 3.7074114437642956e-07
3.2987048877985217 7.99495473350744e-06 3.979864653368713e-07
3.300494887807872 9.434582845869702e-06 3.9842731553158925e-07
3.3022848878172226 1.1255723288327502e-05 4.678804422009102e-07
3.304074887826573 9.668372086845953e-06 3.9719123143408214e-07
3.3058648878359236 8.76594484559606e-06 4.225109499010708e-07
3.307654887845274 8.498081868863123e-06 3.83665866765553e-07
3.3094448878546245 8.30756375283368e-06 4.0745712336829487e-07
3.311234887863975 1.0835115329625418e-05 4.107422054249687e-07
3.3130248878733255 1.6079166641305813e-05 5.308936368469464e-07
3.314814887882676 1.4850287673407956e-05 5.430670870693625e-07
3.3166048878920265 9.1087703996363e-06 4.173245858014978e-07
3.318394887901377 8.788777826012864e-06 4.550137750808509e-07
3.3201848879107274 8.7687135663817e-06 5.714492770173905e-07
3.321974887920078 9.645169704562672e-06 5.096432228911861e-07
3.3237648879294284 1.0927191434664423e-05 5.404302795109213e-07
3.325554887938779 9.855153147099961e-06 4.54511871589178e-07
3.3273448879481293 9.64968411814936e-06 5.145189688861039e-07
