#Target name PANSTARRS (C/2017 K2)
#Obs. Start 2022-08-21 21:24:50.752
#Obs. End 2022-08-21 21:30:34.329
#Instrument used NIRSPEC
#Grating used G395M/F290LP
#Lower wavelength (um) 3.255
#Upper wavelength (um) 3.328
#Spectral plate scale (um) 0.001790000009350478
#Center pixel for extract (x,y) = 29,25
#Pixel scale (arcsec/pixel) 0.09999908561794624
#Aperture size (arcsec) 0.09999908561794624 0.09999908561794624
#X offset (arcsec) 0.2999972568538387
#Y offset (arcsec) -0.5999945137076774
#Wave (micron) Flux (Jy) Noise (Jy)
3.25574488757411 7.455307023332891e-06 3.126645809085528e-07
3.2575348875834607 8.168651615515064e-06 3.3324147529010247e-07
3.259324887592811 9.094567256512817e-06 3.6938914587345987e-07
3.2611148876021616 9.273953106585492e-06 3.738330637762847e-07
3.262904887611512 8.719254960171391e-06 3.550240812249192e-07
3.2646948876208626 7.623254864641837e-06 3.7959905594107504e-07
3.266484887630213 7.624211543747497e-06 4.121268740262631e-07
3.2682748876395635 8.51811564387424e-06 3.8749970000206355e-07
3.270064887648914 1.1172962027926455e-05 4.6046791630708714e-07
3.2718548876582645 1.0624803729119364e-05 4.4300328308472683e-07
3.273644887667615 7.97333575825377e-06 4.219794303768685e-07
3.2754348876769654 7.445358277919209e-06 3.7947207404947334e-07
3.277224887686316 8.220910323737534e-06 4.2570429790807467e-07
3.2790148876956664 9.062805868847504e-06 4.274986316102316e-07
3.280804887705017 1.1485279650149282e-05 4.7212169902210316e-07
3.2825948877143674 9.917405431059715e-06 4.825237350453037e-07
3.284384887723718 8.274929967071077e-06 4.806360421942463e-07
3.2861748877330683 7.617266430015125e-06 4.402531668833822e-07
3.287964887742419 7.921133536239039e-06 4.404559960787275e-07
3.2897548877517693 9.860962260432265e-06 4.385352969019184e-07
3.2915448877611198 1.1990160547764264e-05 5.579150023220455e-07
3.2933348877704702 8.956523930865603e-06 5.181139125357221e-07
3.2951248877798207 7.245667429377625e-06 4.761592860793833e-07
3.296914887789171 7.320253880269908e-06 4.744312452182524e-07
3.2987048877985217 7.70200112126112e-06 4.2222941546885226e-07
3.300494887807872 1.0065566960743828e-05 4.792129596094157e-07
3.3022848878172226 1.2798228923897356e-05 6.12847054816692e-07
3.304074887826573 9.84543393294312e-06 5.235728450027933e-07
3.3058648878359236 8.641058323319467e-06 5.107741238419427e-07
3.307654887845274 8.554687325262011e-06 4.7533945153651775e-07
3.3094448878546245 8.475671190094647e-06 4.5222493668749537e-07
3.311234887863975 1.313170914867959e-05 5.552613833922534e-07
3.3130248878733255 1.90219797124069e-05 6.932166174535904e-07
3.314814887882676 1.4608981283770176e-05 6.301154152785337e-07
3.3166048878920265 8.42962148169101e-06 4.5390747477017065e-07
3.318394887901377 8.496988008967244e-06 4.59122894523228e-07
3.3201848879107274 9.398241592345244e-06 4.745135088620615e-07
3.321974887920078 9.857215341985638e-06 4.51598208763544e-07
3.3237648879294284 1.0113249389533038e-05 4.6736777943157284e-07
3.325554887938779 1.0392490302396082e-05 4.798446749068679e-07
3.3273448879481293 1.026903386744238e-05 4.839145958350457e-07
