#Target name PANSTARRS (C/2017 K2)
#Obs. Start 2022-08-21 21:24:50.752
#Obs. End 2022-08-21 21:30:34.329
#Instrument used NIRSPEC
#Grating used G395M/F290LP
#Lower wavelength (um) 3.255
#Upper wavelength (um) 3.328
#Spectral plate scale (um) 0.001790000009350478
#Center pixel for extract (x,y) = 29,25
#Pixel scale (arcsec/pixel) 0.09999908561794624
#Aperture size (arcsec) 0.09999908561794624 0.09999908561794624
#X offset (arcsec) -0.6999935993256237
#Y offset (arcsec) -0.6999935993256237
#Wave (micron) Flux (Jy) Noise (Jy)
3.25574488757411 5.9000162277750774e-06 2.773517350075154e-07
3.2575348875834607 6.0433289096584325e-06 2.7712573413865837e-07
3.259324887592811 6.711029956168799e-06 2.8342579555230596e-07
3.2611148876021616 7.062006559646294e-06 2.776641463251145e-07
3.262904887611512 6.210811412208393e-06 2.477948224674101e-07
3.2646948876208626 5.719962405880736e-06 2.2615247940756217e-07
3.266484887630213 6.120074837238608e-06 2.5647108716461206e-07
3.2682748876395635 6.869651745258889e-06 2.5935325668791586e-07
3.270064887648914 8.363354193949489e-06 2.7076730924747197e-07
3.2718548876582645 7.7580040581108e-06 2.601261875047132e-07
3.273644887667615 6.6440879720570735e-06 2.490025794041914e-07
3.2754348876769654 6.17315707850564e-06 2.3168657271404677e-07
3.277224887686316 6.375924183852769e-06 2.2885508947536516e-07
3.2790148876956664 7.406553598112835e-06 2.5082439969850666e-07
3.280804887705017 8.397189432384615e-06 2.71801825002485e-07
3.2825948877143674 7.695385062103983e-06 2.4603413952690666e-07
3.284384887723718 6.335778629067471e-06 2.2357821015054514e-07
3.2861748877330683 5.9830738166151325e-06 2.0637972895561748e-07
3.287964887742419 6.311602532155561e-06 2.2460301733860325e-07
3.2897548877517693 7.093882264636791e-06 2.2915485023602295e-07
3.2915448877611198 7.521819981247749e-06 2.2774032744110503e-07
3.2933348877704702 6.643237092515113e-06 2.1279962742804275e-07
3.2951248877798207 6.300906465247438e-06 2.2043853244657814e-07
3.296914887789171 6.730192229689098e-06 2.1704885564115116e-07
3.2987048877985217 6.738869138822202e-06 1.973283325162024e-07
3.300494887807872 8.155096718870864e-06 2.1495756307356152e-07
3.3022848878172226 8.962688100360833e-06 2.3340189297085576e-07
3.304074887826573 6.942400152883503e-06 2.1606466192438096e-07
3.3058648878359236 6.089521178491123e-06 2.1188080192687423e-07
3.307654887845274 6.514368740896218e-06 1.9391971489905374e-07
3.3094448878546245 7.2503611642587205e-06 2.1925152354393872e-07
3.311234887863975 9.253478201190139e-06 2.456892822626008e-07
3.3130248878733255 1.2250840810049741e-05 2.7884915187266795e-07
3.314814887882676 9.422593424125671e-06 2.4636240957147994e-07
3.3166048878920265 7.068835562840536e-06 2.2982845386709033e-07
3.318394887901377 6.411145127590423e-06 2.2525644732404987e-07
3.3201848879107274 6.823379230146951e-06 2.3319081219407253e-07
3.321974887920078 7.5888700064393544e-06 2.3391315479258057e-07
3.3237648879294284 8.025699369433466e-06 2.3788028819442545e-07
3.325554887938779 8.099571673270776e-06 2.5339463422639957e-07
3.3273448879481293 7.854070958556825e-06 2.583909177539015e-07
