#Target name PANSTARRS (C/2017 K2)
#Obs. Start 2022-08-21 21:24:50.752
#Obs. End 2022-08-21 21:30:34.329
#Instrument used NIRSPEC
#Grating used G395M/F290LP
#Lower wavelength (um) 3.255
#Upper wavelength (um) 3.328
#Spectral plate scale (um) 0.001790000009350478
#Center pixel for extract (x,y) = 29,25
#Pixel scale (arcsec/pixel) 0.09999908561794624
#Aperture size (arcsec) 0.09999908561794624 0.09999908561794624
#X offset (arcsec) 0.4999954280897312
#Y offset (arcsec) -0.09999908561794624
#Wave (micron) Flux (Jy) Noise (Jy)
3.25574488757411 1.0560709815466052e-05 4.6315653090824075e-07
3.2575348875834607 1.0801484517465915e-05 4.833369010775336e-07
3.259324887592811 1.2414999592407875e-05 4.913331177846504e-07
3.2611148876021616 1.349107440230943e-05 5.425238556231193e-07
3.262904887611512 1.1623053993854888e-05 4.654781532728101e-07
3.2646948876208626 1.0927790367787742e-05 4.4393732287696764e-07
3.266484887630213 1.0299444069154338e-05 4.402974648468911e-07
3.2682748876395635 1.0841767253041435e-05 4.434504655626535e-07
3.270064887648914 1.539599196030109e-05 5.092216497356168e-07
3.2718548876582645 1.3361685122330282e-05 4.649134312901903e-07
3.273644887667615 1.0705016833926893e-05 4.3664157997612694e-07
3.2754348876769654 1.022035530886274e-05 3.980291662201019e-07
3.277224887686316 1.0993327817861025e-05 4.673902226123259e-07
3.2790148876956664 1.3026136426417066e-05 4.6582911866870664e-07
3.280804887705017 1.6426933393613426e-05 5.09574016079126e-07
3.2825948877143674 1.3430893279300071e-05 4.238260194249736e-07
3.284384887723718 1.2011567923890535e-05 3.9745589845704554e-07
3.2861748877330683 1.1016193076110822e-05 3.878036495960829e-07
3.287964887742419 1.1067460137575223e-05 4.2302857202495656e-07
3.2897548877517693 1.421779636305434e-05 4.3917446524066925e-07
3.2915448877611198 1.490339098492708e-05 4.600602405518344e-07
3.2933348877704702 1.2312382085077173e-05 4.071257152010695e-07
3.2951248877798207 1.1139723929401705e-05 3.7739026589722063e-07
3.296914887789171 1.0692963753123348e-05 3.615060136576283e-07
3.2987048877985217 1.0962343788006966e-05 3.460119813660362e-07
3.300494887807872 1.4874420733209206e-05 4.272189744478139e-07
3.3022848878172226 1.6273683622200526e-05 4.425511412522517e-07
3.304074887826573 1.3472856255404182e-05 3.778494404867108e-07
3.3058648878359236 1.168198524744223e-05 3.446226616186681e-07
3.307654887845274 1.1304698623649386e-05 3.2606346802662074e-07
3.3094448878546245 1.1069825385448447e-05 3.054004994237558e-07
3.311234887863975 1.669048727964177e-05 4.1543064472408835e-07
3.3130248878733255 2.369717994451214e-05 4.771462256534742e-07
3.314814887882676 2.0094867982906847e-05 4.0853260283149903e-07
3.3166048878920265 1.4120986175843002e-05 3.465978296386533e-07
3.318394887901377 1.183579808771957e-05 3.452338950620247e-07
3.3201848879107274 1.2247226589360974e-05 3.5610463211848073e-07
3.321974887920078 1.3910417249279475e-05 3.4178089542451036e-07
3.3237648879294284 1.4158542331137066e-05 3.422676126440633e-07
3.325554887938779 1.4254338456428537e-05 3.4324939673093987e-07
3.3273448879481293 1.4227806974314595e-05 3.3858973289578207e-07
