#Target name PANSTARRS (C/2017 K2)
#Obs. Start 2022-08-21 21:24:50.752
#Obs. End 2022-08-21 21:30:34.329
#Instrument used NIRSPEC
#Grating used G395M/F290LP
#Lower wavelength (um) 3.255
#Upper wavelength (um) 3.328
#Spectral plate scale (um) 0.001790000009350478
#Center pixel for extract (x,y) = 29,25
#Pixel scale (arcsec/pixel) 0.09999908561794624
#Aperture size (arcsec) 0.09999908561794624 0.09999908561794624
#X offset (arcsec) -0.39999634247178495
#Y offset (arcsec) -0.19999817123589247
#Wave (micron) Flux (Jy) Noise (Jy)
3.25574488757411 1.3464537540556655e-05 6.061563531707603e-07
3.2575348875834607 1.2799652734974945e-05 6.104528913847446e-07
3.259324887592811 1.6830929924208146e-05 6.270399430036499e-07
3.2611148876021616 1.721961420947348e-05 6.152476065697525e-07
3.262904887611512 1.431443798824894e-05 5.251378155618231e-07
3.2646948876208626 1.4308323132109672e-05 5.508723265979362e-07
3.266484887630213 1.3967228028560457e-05 5.86044573396578e-07
3.2682748876395635 1.634122857416469e-05 5.837979017292802e-07
3.270064887648914 2.1844790973291032e-05 6.770483370950292e-07
3.2718548876582645 1.9166718895187258e-05 6.437286473813221e-07
3.273644887667615 1.4514634074537513e-05 5.723911060783571e-07
3.2754348876769654 1.434670147553859e-05 5.718434476376582e-07
3.277224887686316 1.4156386889178299e-05 5.050469939639246e-07
3.2790148876956664 1.6497711508515745e-05 5.614611929947468e-07
3.280804887705017 2.099953136069799e-05 6.262854486574338e-07
3.2825948877143674 1.7407121520969832e-05 5.494842677034195e-07
3.284384887723718 1.5175901969611038e-05 5.019249541903996e-07
3.2861748877330683 1.3720409302332616e-05 4.773342328230787e-07
3.287964887742419 1.5291142799461498e-05 5.001998833382072e-07
3.2897548877517693 1.7970210110749226e-05 5.576635042066401e-07
3.2915448877611198 2.0370789658610422e-05 5.903306885603249e-07
3.2933348877704702 1.5883491244849232e-05 5.398224923986916e-07
3.2951248877798207 1.4113779253020796e-05 4.917002220970436e-07
3.296914887789171 1.4215976251916115e-05 5.064242375428724e-07
3.2987048877985217 1.4338177437808969e-05 5.050504683140037e-07
3.300494887807872 1.8700332899842564e-05 5.559411231738639e-07
3.3022848878172226 2.0330874531688437e-05 5.531916794273733e-07
3.304074887826573 1.6583285423419563e-05 4.749225855649267e-07
3.3058648878359236 1.4855279081637766e-05 4.623198849940245e-07
3.307654887845274 1.4639029256467432e-05 5.042207710999458e-07
3.3094448878546245 1.5501922428545954e-05 4.961958629857238e-07
3.311234887863975 2.1522998910478227e-05 5.936510464778829e-07
3.3130248878733255 3.040207845732194e-05 6.939999152827206e-07
3.314814887882676 2.4259881200295614e-05 5.652815771341769e-07
3.3166048878920265 1.7639715585518868e-05 5.048563530128084e-07
3.318394887901377 1.547168706509604e-05 5.059124433610549e-07
3.3201848879107274 1.6144430626405123e-05 5.14598542710497e-07
3.321974887920078 1.8741621627879704e-05 5.197252264417752e-07
3.3237648879294284 1.8841765397954064e-05 5.240923163775276e-07
3.325554887938779 1.8342952732941806e-05 5.252786388158369e-07
3.3273448879481293 1.7786793117978288e-05 5.225387775510161e-07
