#Target name PANSTARRS (C/2017 K2)
#Obs. Start 2022-08-21 21:24:50.752
#Obs. End 2022-08-21 21:30:34.329
#Instrument used NIRSPEC
#Grating used G395M/F290LP
#Lower wavelength (um) 3.255
#Upper wavelength (um) 3.328
#Spectral plate scale (um) 0.001790000009350478
#Center pixel for extract (x,y) = 29,25
#Pixel scale (arcsec/pixel) 0.09999908561794624
#Aperture size (arcsec) 0.09999908561794624 0.09999908561794624
#X offset (arcsec) -0.09999908561794624
#Y offset (arcsec) -0.09999908561794624
#Wave (micron) Flux (Jy) Noise (Jy)
3.25574488757411 4.15099423723464e-05 6.868882008602648e-07
3.2575348875834607 4.3237089765127995e-05 7.310167617838577e-07
3.259324887592811 5.07502036975323e-05 8.063463313277426e-07
3.2611148876021616 5.171330250553175e-05 8.019128925130598e-07
3.262904887611512 4.3771488741015254e-05 6.958070256271042e-07
3.2646948876208626 4.177648554435251e-05 6.871584156357739e-07
3.266484887630213 4.246035599197953e-05 6.965552997659205e-07
3.2682748876395635 5.067460542623633e-05 7.71366070389925e-07
3.270064887648914 6.18304342010887e-05 8.781135712824296e-07
3.2718548876582645 5.460959604643785e-05 8.001974041425372e-07
3.273644887667615 4.429221984784285e-05 6.666516246727563e-07
3.2754348876769654 4.272386504768427e-05 6.723454119975958e-07
3.277224887686316 4.3127452725727745e-05 6.563475989445299e-07
3.2790148876956664 5.390743124035547e-05 7.504284600170954e-07
3.280804887705017 6.455327742676699e-05 8.579235625935624e-07
3.2825948877143674 5.20273729934074e-05 7.020151848773682e-07
3.284384887723718 4.4563443305632966e-05 6.709297264161594e-07
3.2861748877330683 4.272571205701666e-05 6.095833512205857e-07
3.287964887742419 4.3130605194083414e-05 6.206027568376858e-07
3.2897548877517693 5.343679533033333e-05 7.472064486219387e-07
3.2915448877611198 5.744757430240291e-05 7.513077507766378e-07
3.2933348877704702 4.729147608957138e-05 6.481736300043325e-07
3.2951248877798207 4.1052307256168756e-05 6.214554856304942e-07
3.296914887789171 4.01430084229172e-05 6.124267705329263e-07
3.2987048877985217 4.207841598059683e-05 6.25365362303414e-07
3.300494887807872 5.7911747472974624e-05 7.932318365750229e-07
3.3022848878172226 6.121551996401282e-05 7.465564089297144e-07
3.304074887826573 4.9568774040740924e-05 5.980587078564948e-07
3.3058648878359236 4.249459559993354e-05 5.17253506549997e-07
3.307654887845274 4.2570158006970633e-05 5.089090142663997e-07
3.3094448878546245 4.5153446228489854e-05 5.190431891060803e-07
3.311234887863975 6.807596535401687e-05 6.792577995937376e-07
3.3130248878733255 8.866032846747861e-05 7.857243264330688e-07
3.314814887882676 7.154137088698148e-05 6.676864766551964e-07
3.3166048878920265 4.968636218633517e-05 5.35776163428309e-07
3.318394887901377 4.38188367355904e-05 5.052506357088852e-07
3.3201848879107274 4.579979548847522e-05 5.238306754014074e-07
3.321974887920078 5.188103964431977e-05 5.60890110709966e-07
3.3237648879294284 5.4658565105514437e-05 5.670369644927049e-07
3.325554887938779 5.2699282710697495e-05 5.469641310621514e-07
3.3273448879481293 5.106076666088936e-05 5.548093816545396e-07
