#Target name PANSTARRS (C/2017 K2)
#Obs. Start 2022-08-21 21:24:50.752
#Obs. End 2022-08-21 21:30:34.329
#Instrument used NIRSPEC
#Grating used G395M/F290LP
#Lower wavelength (um) 3.255
#Upper wavelength (um) 3.328
#Spectral plate scale (um) 0.001790000009350478
#Center pixel for extract (x,y) = 29,25
#Pixel scale (arcsec/pixel) 0.09999908561794624
#Aperture size (arcsec) 0.09999908561794624 0.09999908561794624
#X offset (arcsec) 0.39999634247178495
#Y offset (arcsec) 0.0
#Wave (micron) Flux (Jy) Noise (Jy)
3.25574488757411 1.2575493047508334e-05 3.2530423847747417e-07
3.2575348875834607 1.3148907854026134e-05 3.312630010337517e-07
3.259324887592811 1.475350079796489e-05 3.4368055236817897e-07
3.2611148876021616 1.577764147118685e-05 3.74866038488924e-07
3.262904887611512 1.3880442798312923e-05 3.346793238627694e-07
3.2646948876208626 1.3646348711136182e-05 3.0849858299310614e-07
3.266484887630213 1.3986388508867812e-05 3.502664631326917e-07
3.2682748876395635 1.5568280273541152e-05 3.546011911785942e-07
3.270064887648914 2.0037334538809403e-05 3.8769488002344436e-07
3.2718548876582645 1.8002502289445982e-05 3.6494391107987927e-07
3.273644887667615 1.417430287970247e-05 3.2339642801870043e-07
3.2754348876769654 1.3131279674179486e-05 3.1613806240016265e-07
3.277224887686316 1.3761795760475208e-05 3.2696514592901164e-07
3.2790148876956664 1.650279885363806e-05 3.7113551112936305e-07
3.280804887705017 2.0676763790043616e-05 4.17282865581596e-07
3.2825948877143674 1.7734748698702634e-05 3.697209182870645e-07
3.284384887723718 1.4852293382085893e-05 3.386938793412992e-07
3.2861748877330683 1.4241204964826192e-05 3.341225592625889e-07
3.287964887742419 1.4257347467748682e-05 3.3866000442802767e-07
3.2897548877517693 1.6537972725535937e-05 3.8265295362272546e-07
3.2915448877611198 1.8611039861292752e-05 4.139387475925292e-07
3.2933348877704702 1.6133613965926513e-05 3.787593279421112e-07
3.2951248877798207 1.3923606330483086e-05 4.7391255837418104e-07
3.296914887789171 1.348518818082053e-05 4.08123329995968e-07
3.2987048877985217 1.3598675248411691e-05 3.598073086395041e-07
3.300494887807872 1.822776211305378e-05 4.243369450192714e-07
3.3022848878172226 2.081674019924453e-05 4.2959122705910096e-07
3.304074887826573 1.6753780523715552e-05 3.755867699976776e-07
3.3058648878359236 1.4101984394881196e-05 3.5069139856253106e-07
3.307654887845274 1.3764584206603233e-05 3.4207383357029503e-07
3.3094448878546245 1.4434663053477433e-05 3.546603672057484e-07
3.311234887863975 2.0938664333737525e-05 4.2705797754817943e-07
3.3130248878733255 2.8917394973133523e-05 4.951800078529099e-07
3.314814887882676 2.523626233657177e-05 4.6209962801037903e-07
3.3166048878920265 1.7557889485668146e-05 3.9173109415206414e-07
3.318394887901377 1.4454452054921683e-05 3.569945420609262e-07
3.3201848879107274 1.456034934872708e-05 3.6151545604453684e-07
3.321974887920078 1.681140004203431e-05 3.9670529874519227e-07
3.3237648879294284 1.8259699235587613e-05 4.0059671092857867e-07
3.325554887938779 1.8106702307199825e-05 4.0157835492069404e-07
3.3273448879481293 1.7081346732208257e-05 3.87263360139826e-07
