#Target name PANSTARRS (C/2017 K2)
#Obs. Start 2022-08-21 21:24:50.752
#Obs. End 2022-08-21 21:30:34.329
#Instrument used NIRSPEC
#Grating used G395M/F290LP
#Lower wavelength (um) 3.255
#Upper wavelength (um) 3.328
#Spectral plate scale (um) 0.001790000009350478
#Center pixel for extract (x,y) = 29,25
#Pixel scale (arcsec/pixel) 0.09999908561794624
#Aperture size (arcsec) 0.09999908561794624 0.09999908561794624
#X offset (arcsec) -0.19999817123589247
#Y offset (arcsec) -0.09999908561794624
#Wave (micron) Flux (Jy) Noise (Jy)
3.25574488757411 2.6503712418290034e-05 7.057812122494312e-07
3.2575348875834607 2.8373630046039396e-05 7.497303958407128e-07
3.259324887592811 3.19782660116202e-05 7.87981084923177e-07
3.2611148876021616 3.168955872762543e-05 7.723454448469081e-07
3.262904887611512 2.9172361162372732e-05 7.385945434580574e-07
3.2646948876208626 2.774440059003104e-05 6.950378493499083e-07
3.266484887630213 2.7569070987637843e-05 7.065560483549816e-07
3.2682748876395635 3.195783055690962e-05 7.684384261071179e-07
3.270064887648914 3.901041154101866e-05 9.11181482691209e-07
3.2718548876582645 3.456982811766335e-05 8.221350669591113e-07
3.273644887667615 2.9546574219179446e-05 7.782234848017504e-07
3.2754348876769654 2.858099719089129e-05 7.665655833007535e-07
3.277224887686316 2.9381046318738516e-05 7.55938106787741e-07
3.2790148876956664 3.424788183853735e-05 8.546085843148368e-07
3.280804887705017 4.0432490374903805e-05 9.23994325403994e-07
3.2825948877143674 3.4127743744136645e-05 8.00244812209746e-07
3.284384887723718 2.936913041872519e-05 7.471853783698458e-07
3.2861748877330683 2.8049345417234338e-05 7.291598897802765e-07
3.287964887742419 2.8645968882280725e-05 7.610475308444326e-07
3.2897548877517693 3.537100696966534e-05 8.840152592329718e-07
3.2915448877611198 3.8168010309858454e-05 9.111242679907123e-07
3.2933348877704702 3.0794917616978675e-05 7.767724953404777e-07
3.2951248877798207 2.721440395192146e-05 7.387149689148324e-07
3.296914887789171 2.7117825089179903e-05 7.416233361584908e-07
3.2987048877985217 2.8103954131020006e-05 7.601500838038315e-07
3.300494887807872 3.7151627972439e-05 9.057654752589862e-07
3.3022848878172226 4.174494292866637e-05 9.340876486112925e-07
3.304074887826573 3.458112894563686e-05 7.488174823384693e-07
3.3058648878359236 2.9006953407199058e-05 6.51502561721279e-07
3.307654887845274 2.91902323225733e-05 6.668356531511412e-07
3.3094448878546245 3.1105053795655045e-05 6.595986940121232e-07
3.311234887863975 4.5292983300519485e-05 8.300041336609128e-07
3.3130248878733255 5.807631062485164e-05 9.192806970668005e-07
3.314814887882676 4.6446897897897095e-05 7.598169384615667e-07
3.3166048878920265 3.2677396701401226e-05 6.328838558746505e-07
3.318394887901377 2.9880355703736284e-05 6.073692936137081e-07
3.3201848879107274 3.121768550067189e-05 6.081297279778014e-07
3.321974887920078 3.571876834233412e-05 6.55451608889446e-07
3.3237648879294284 3.7026070788521327e-05 6.419235544015008e-07
3.325554887938779 3.504847251669369e-05 5.934888167443492e-07
3.3273448879481293 3.3954892362032155e-05 5.965793632155441e-07
