#Target name PANSTARRS (C/2017 K2)
#Obs. Start 2022-08-21 21:24:50.752
#Obs. End 2022-08-21 21:30:34.329
#Instrument used NIRSPEC
#Grating used G395M/F290LP
#Lower wavelength (um) 3.255
#Upper wavelength (um) 3.328
#Spectral plate scale (um) 0.001790000009350478
#Center pixel for extract (x,y) = 29,25
#Pixel scale (arcsec/pixel) 0.09999908561794624
#Aperture size (arcsec) 0.09999908561794624 0.09999908561794624
#X offset (arcsec) -0.7999926849435699
#Y offset (arcsec) 0.09999908561794624
#Wave (micron) Flux (Jy) Noise (Jy)
3.25574488757411 8.726554233460215e-06 3.4690715887150483e-07
3.2575348875834607 9.337006956731246e-06 3.373516594526651e-07
3.259324887592811 1.0290856372365202e-05 3.642864463653085e-07
3.2611148876021616 1.0513129599814654e-05 3.5821235780156565e-07
3.262904887611512 9.497168667437055e-06 3.5453571088718347e-07
3.2646948876208626 8.898251683035204e-06 3.4923530965194877e-07
3.266484887630213 8.858603744841887e-06 3.1304883281972366e-07
3.2682748876395635 1.0045548428042737e-05 3.371294411423621e-07
3.270064887648914 1.2285721491631259e-05 3.697649640800031e-07
3.2718548876582645 1.1748275846952024e-05 4.1053654631544607e-07
3.273644887667615 9.417885343541024e-06 3.2670154362623376e-07
3.2754348876769654 9.679455039446758e-06 3.150697277697826e-07
3.277224887686316 9.673870974338933e-06 3.501965838657776e-07
3.2790148876956664 1.0235225527201414e-05 3.369861802395025e-07
3.280804887705017 1.2555727357832356e-05 3.6826872401084507e-07
3.2825948877143674 1.1389265649485108e-05 3.3328605344313393e-07
3.284384887723718 9.896662440329223e-06 3.1557339645544734e-07
3.2861748877330683 9.497703941500859e-06 3.119092179748169e-07
3.287964887742419 9.585509509913566e-06 3.1783276070811487e-07
3.2897548877517693 1.148150404029555e-05 3.2860957823662546e-07
3.2915448877611198 1.175621978029424e-05 3.388413991249009e-07
3.2933348877704702 1.0445770245390197e-05 3.2912658394356175e-07
3.2951248877798207 9.393491371256409e-06 3.073245608748351e-07
3.296914887789171 9.714453176476112e-06 3.002503077915389e-07
3.2987048877985217 1.0440598619259507e-05 3.1683842413062976e-07
3.300494887807872 1.1531479988440223e-05 3.416990800839373e-07
3.3022848878172226 1.196163949588888e-05 3.2599877226587303e-07
3.304074887826573 1.0404289643568042e-05 2.8916763538025595e-07
3.3058648878359236 9.003337547983413e-06 2.8438793835365463e-07
3.307654887845274 9.261327990852792e-06 2.8496442829621986e-07
3.3094448878546245 9.854900304074848e-06 2.7518788736307165e-07
3.311234887863975 1.3300936447424126e-05 3.0981816356832137e-07
3.3130248878733255 1.7627405178657846e-05 3.427873922272724e-07
3.314814887882676 1.509058269094528e-05 3.190119102946479e-07
3.3166048878920265 1.1027075188861892e-05 2.7773640720296994e-07
3.318394887901377 9.840107193892767e-06 2.6827535967216847e-07
3.3201848879107274 9.861773689289456e-06 2.6796919658092127e-07
3.321974887920078 1.107965846862724e-05 2.80149511446639e-07
3.3237648879294284 1.1816956799316258e-05 2.8350332399318457e-07
3.325554887938779 1.1433986587097195e-05 2.803409649473704e-07
3.3273448879481293 1.132892851694962e-05 2.8351710931769213e-07
