#Target name PANSTARRS (C/2017 K2)
#Obs. Start 2022-08-21 21:24:50.752
#Obs. End 2022-08-21 21:30:34.329
#Instrument used NIRSPEC
#Grating used G395M/F290LP
#Lower wavelength (um) 3.255
#Upper wavelength (um) 3.328
#Spectral plate scale (um) 0.001790000009350478
#Center pixel for extract (x,y) = 29,25
#Pixel scale (arcsec/pixel) 0.09999908561794624
#Aperture size (arcsec) 0.09999908561794624 0.09999908561794624
#X offset (arcsec) -0.7999926849435699
#Y offset (arcsec) -0.6999935993256237
#Wave (micron) Flux (Jy) Noise (Jy)
3.25574488757411 5.925061584661624e-06 3.843620256531825e-07
3.2575348875834607 6.164208049308274e-06 3.5791743031017114e-07
3.259324887592811 6.021761937580139e-06 3.453156823836455e-07
3.2611148876021616 6.243384228730896e-06 3.7578962721197516e-07
3.262904887611512 5.644553318550363e-06 3.73754302501507e-07
3.2646948876208626 5.2778542722825245e-06 3.4445622904229694e-07
3.266484887630213 5.469465351601378e-06 3.1592562270419524e-07
3.2682748876395635 6.493716307419399e-06 3.8659112943741887e-07
3.270064887648914 7.488198583456202e-06 4.2153278025903455e-07
3.2718548876582645 6.40741569297e-06 3.7019491490229543e-07
3.273644887667615 6.3545871913345525e-06 3.6665312320509756e-07
3.2754348876769654 6.894366702660491e-06 3.743943394277776e-07
3.277224887686316 6.765668257968046e-06 3.551971262740217e-07
3.2790148876956664 6.990805694792409e-06 3.766396942043196e-07
3.280804887705017 8.201981167899964e-06 4.041442745299403e-07
3.2825948877143674 7.2073307781496555e-06 4.003128789422756e-07
3.284384887723718 6.295567622009715e-06 3.9809671991397916e-07
3.2861748877330683 5.761621432390826e-06 3.395543133459765e-07
3.287964887742419 6.1114212398737764e-06 3.2065805175834906e-07
3.2897548877517693 6.94627438944916e-06 3.1782942645279704e-07
3.2915448877611198 7.301340863348834e-06 3.5929772795491435e-07
3.2933348877704702 6.224135432686046e-06 3.035805563992414e-07
3.2951248877798207 5.774861620163344e-06 2.9565634839940973e-07
3.296914887789171 5.951667036809508e-06 3.014815165913544e-07
3.2987048877985217 6.102786919548095e-06 2.699281136086009e-07
3.300494887807872 7.813955888391576e-06 2.9480527272478426e-07
3.3022848878172226 8.249615179939686e-06 3.101467138024171e-07
3.304074887826573 6.983659741210302e-06 2.959415252954209e-07
3.3058648878359236 6.168996824475404e-06 2.8170167734449014e-07
3.307654887845274 6.1224113937047265e-06 2.4215516775831973e-07
3.3094448878546245 6.557089797772432e-06 2.727858225865895e-07
3.311234887863975 8.900591825927212e-06 3.107716204944722e-07
3.3130248878733255 1.1438570935988702e-05 3.3128807799601636e-07
3.314814887882676 9.477376079566915e-06 3.0509528897688517e-07
3.3166048878920265 6.843976074022503e-06 2.7271081585141343e-07
3.318394887901377 5.945227609127364e-06 2.580153797368807e-07
3.3201848879107274 6.116963164477415e-06 2.5843866204853726e-07
3.321974887920078 7.318668231724117e-06 2.7406242208905165e-07
3.3237648879294284 7.634765498529802e-06 2.8684413574588574e-07
3.325554887938779 7.4746060293401745e-06 3.0321056613476634e-07
3.3273448879481293 7.668563976099576e-06 3.0185013392716907e-07
