#Target name PANSTARRS (C/2017 K2)
#Obs. Start 2022-08-21 21:24:50.752
#Obs. End 2022-08-21 21:30:34.329
#Instrument used NIRSPEC
#Grating used G395M/F290LP
#Lower wavelength (um) 3.255
#Upper wavelength (um) 3.328
#Spectral plate scale (um) 0.001790000009350478
#Center pixel for extract (x,y) = 29,25
#Pixel scale (arcsec/pixel) 0.09999908561794624
#Aperture size (arcsec) 0.09999908561794624 0.09999908561794624
#X offset (arcsec) 0.09999908561794624
#Y offset (arcsec) -0.6999935993256237
#Wave (micron) Flux (Jy) Noise (Jy)
3.25574488757411 6.300149729385041e-06 3.712861690356169e-07
3.2575348875834607 7.134939219900911e-06 3.549106885251592e-07
3.259324887592811 8.319406131116297e-06 3.724504405585046e-07
3.2611148876021616 7.177997400810609e-06 3.733295071664289e-07
3.262904887611512 6.725899726204238e-06 3.499016843933353e-07
3.2646948876208626 7.122260307779886e-06 3.8244275544293816e-07
3.266484887630213 7.151142243760263e-06 3.1798540795997856e-07
3.2682748876395635 7.748743906467638e-06 3.6789352222125137e-07
3.270064887648914 1.1201054501908207e-05 4.102778753482644e-07
3.2718548876582645 9.729396019939023e-06 3.8596661501069534e-07
3.273644887667615 7.572072980792279e-06 3.2826270360775754e-07
3.2754348876769654 7.398765225993517e-06 3.154770672976082e-07
3.277224887686316 7.515655811752519e-06 3.5382282468506013e-07
3.2790148876956664 1.0064710701563036e-05 3.6258020424902886e-07
3.280804887705017 1.288329087650564e-05 4.2323434321028825e-07
3.2825948877143674 8.948165765333309e-06 3.536069946958703e-07
3.284384887723718 7.809289051704641e-06 3.3894613396841537e-07
3.2861748877330683 7.709671589629364e-06 3.3327316472509843e-07
3.287964887742419 7.186463607422785e-06 3.299157657526647e-07
3.2897548877517693 1.0560004186172563e-05 4.0076129425410134e-07
3.2915448877611198 1.1027178298606176e-05 3.963985472559478e-07
3.2933348877704702 8.004370894676735e-06 3.392761692069804e-07
3.2951248877798207 6.971596797735565e-06 3.107191690158582e-07
3.296914887789171 6.5375751579086235e-06 3.3202464021279186e-07
3.2987048877985217 7.585685260250691e-06 3.5942852042402227e-07
3.300494887807872 1.0926163027041e-05 4.0227639107812435e-07
3.3022848878172226 1.169603776067841e-05 4.209919304237326e-07
3.304074887826573 8.480979997015558e-06 3.539152872274886e-07
3.3058648878359236 7.493151885910951e-06 3.12179656901944e-07
3.307654887845274 7.782063596181345e-06 3.4352283368595783e-07
3.3094448878546245 7.5551190490125995e-06 2.8881568932103056e-07
3.311234887863975 1.3257258263139018e-05 4.108246932203958e-07
3.3130248878733255 1.795363723672016e-05 5.167749988834537e-07
3.314814887882676 1.3289300288630077e-05 4.420582878821558e-07
3.3166048878920265 8.88301564925594e-06 3.947227337218128e-07
3.318394887901377 8.515609628784905e-06 3.9974199279016054e-07
3.3201848879107274 8.186694027551794e-06 3.604592816394337e-07
3.321974887920078 9.250057647499331e-06 3.953348357526891e-07
3.3237648879294284 1.1357540126078678e-05 4.0930948432056373e-07
3.325554887938779 1.0239957816160806e-05 3.8311960927246664e-07
3.3273448879481293 9.271289288757083e-06 3.4745055843146166e-07
