#Target name PANSTARRS (C/2017 K2)
#Obs. Start 2022-08-21 21:24:50.752
#Obs. End 2022-08-21 21:30:34.329
#Instrument used NIRSPEC
#Grating used G395M/F290LP
#Lower wavelength (um) 3.255
#Upper wavelength (um) 3.328
#Spectral plate scale (um) 0.001790000009350478
#Center pixel for extract (x,y) = 29,25
#Pixel scale (arcsec/pixel) 0.09999908561794624
#Aperture size (arcsec) 0.09999908561794624 0.09999908561794624
#X offset (arcsec) 0.2999972568538387
#Y offset (arcsec) 0.39999634247178495
#Wave (micron) Flux (Jy) Noise (Jy)
3.25574488757411 1.0529360866777875e-05 3.35605070045144e-07
3.2575348875834607 1.099864290102724e-05 3.511211252332053e-07
3.259324887592811 1.3376798321022878e-05 4.0342421547604065e-07
3.2611148876021616 1.366640131488321e-05 3.6948012341141906e-07
3.262904887611512 1.1479192588810649e-05 3.365526990292266e-07
3.2646948876208626 1.0743789684203508e-05 3.5180644078631363e-07
3.266484887630213 1.1147806836747086e-05 3.5858355288098747e-07
3.2682748876395635 1.2479029847001671e-05 3.905077586778313e-07
3.270064887648914 1.6305559775494255e-05 4.1629301203647107e-07
3.2718548876582645 1.5351764156248626e-05 4.0361292311945146e-07
3.273644887667615 1.2454422482376714e-05 3.465777960877938e-07
3.2754348876769654 1.1313482677255898e-05 3.7031407950621914e-07
3.277224887686316 1.1328660431614479e-05 3.6303954695223253e-07
3.2790148876956664 1.3117601942448616e-05 3.817165602384956e-07
3.280804887705017 1.682228125817891e-05 4.545446257443594e-07
3.2825948877143674 1.426826813457805e-05 3.7226089234652624e-07
3.284384887723718 1.1924390876614722e-05 3.181133705149091e-07
3.2861748877330683 1.1502498080838214e-05 3.1852034579635555e-07
3.287964887742419 1.1488329905367141e-05 3.421038418681559e-07
3.2897548877517693 1.3375404994565338e-05 3.422015719736076e-07
3.2915448877611198 1.5362521640700083e-05 3.7087852129931643e-07
3.2933348877704702 1.3881361819946759e-05 3.362252135153163e-07
3.2951248877798207 1.199224426120527e-05 3.114982920211031e-07
3.296914887789171 1.1016397502386446e-05 3.0746630875427314e-07
3.2987048877985217 1.113289178808481e-05 3.1113101959499633e-07
3.300494887807872 1.4636451512860335e-05 3.4498469450070393e-07
3.3022848878172226 1.6838228300890498e-05 3.5608882942941113e-07
3.304074887826573 1.348186356402223e-05 3.111352504567863e-07
3.3058648878359236 1.1069182518608e-05 2.8375605494248903e-07
3.307654887845274 1.1325659489752583e-05 2.894142301790174e-07
3.3094448878546245 1.155875475731948e-05 3.0273539272354093e-07
3.311234887863975 1.6760155395731715e-05 3.457137476382761e-07
3.3130248878733255 2.3580079552838683e-05 3.9502651520211865e-07
3.314814887882676 2.076993016855261e-05 3.604337843928853e-07
3.3166048878920265 1.4131160866087638e-05 2.9650812454784156e-07
3.318394887901377 1.1907032575316154e-05 2.701299901595697e-07
3.3201848879107274 1.2477755769204912e-05 2.884262819226455e-07
3.321974887920078 1.3960934747733256e-05 3.083092309137936e-07
3.3237648879294284 1.502306822360116e-05 3.0647177604412226e-07
3.325554887938779 1.543026025966221e-05 3.188257243569397e-07
3.3273448879481293 1.4862647393624936e-05 3.1699771187417697e-07
