#Target name PANSTARRS (C/2017 K2)
#Obs. Start 2022-08-21 21:24:50.752
#Obs. End 2022-08-21 21:30:34.329
#Instrument used NIRSPEC
#Grating used G395M/F290LP
#Lower wavelength (um) 3.255
#Upper wavelength (um) 3.328
#Spectral plate scale (um) 0.001790000009350478
#Center pixel for extract (x,y) = 29,25
#Pixel scale (arcsec/pixel) 0.09999908561794624
#Aperture size (arcsec) 0.09999908561794624 0.09999908561794624
#X offset (arcsec) 0.6999935993256237
#Y offset (arcsec) -0.19999817123589247
#Wave (micron) Flux (Jy) Noise (Jy)
3.25574488757411 7.026588362484791e-06 3.927081710549626e-07
3.2575348875834607 7.396607094215333e-06 3.6829537003443583e-07
3.259324887592811 8.457148196988908e-06 3.754106708827798e-07
3.2611148876021616 8.572589866689104e-06 4.3086480051471993e-07
3.262904887611512 7.793667477142402e-06 3.7651629873860606e-07
3.2646948876208626 7.812363515297244e-06 3.51392965107945e-07
3.266484887630213 7.979017553467046e-06 3.9016094008686785e-07
3.2682748876395635 8.39015017497268e-06 4.25424752821466e-07
3.270064887648914 1.2230746065798528e-05 4.7203747405163654e-07
3.2718548876582645 1.0332988807092526e-05 4.2221711514881405e-07
3.273644887667615 7.86084123402715e-06 3.3931906622287676e-07
3.2754348876769654 8.342506300261767e-06 4.269850161965177e-07
3.277224887686316 7.5899988339876435e-06 3.441587798451998e-07
3.2790148876956664 9.481002852746291e-06 3.733099219188054e-07
3.280804887705017 1.1470153002359607e-05 4.412737292001743e-07
3.2825948877143674 1.03785435887236e-05 3.952426533997832e-07
3.284384887723718 8.442287841321426e-06 3.3414065950574305e-07
3.2861748877330683 7.976490019822384e-06 3.671339004067732e-07
3.287964887742419 7.2475467165430075e-06 3.666054909862708e-07
3.2897548877517693 8.705956492978192e-06 3.8530948652355164e-07
3.2915448877611198 1.1102477103340489e-05 3.985833810956276e-07
3.2933348877704702 9.17999861098758e-06 3.472068776037343e-07
3.2951248877798207 7.635286426890053e-06 3.2666932183114507e-07
3.296914887789171 7.410946073219328e-06 3.069925362906602e-07
3.2987048877985217 8.381733730019703e-06 3.3859774631612583e-07
3.300494887807872 1.0637821558486817e-05 3.68929663075495e-07
3.3022848878172226 1.114268990361119e-05 3.7348562876837176e-07
3.304074887826573 8.896779455208127e-06 3.2472794466757465e-07
3.3058648878359236 7.780223759700733e-06 3.227636480010628e-07
3.307654887845274 7.509948911558024e-06 3.1060412319791546e-07
3.3094448878546245 7.917764089117136e-06 2.765735086087426e-07
3.311234887863975 1.0890111377407006e-05 3.3118143786374893e-07
3.3130248878733255 1.6265018817254793e-05 3.938279204627234e-07
3.314814887882676 1.3838604450508426e-05 3.5730829828823344e-07
3.3166048878920265 1.005589795654942e-05 3.064412634051209e-07
3.318394887901377 8.210486376893673e-06 2.718557334666161e-07
3.3201848879107274 8.187210472879684e-06 2.751257413269788e-07
3.321974887920078 9.626692438387006e-06 2.757779384785264e-07
3.3237648879294284 1.0284668891101697e-05 2.7492512562886133e-07
3.325554887938779 1.0145663506709992e-05 2.913749124006888e-07
3.3273448879481293 1.0159324202917893e-05 2.8639857836718963e-07
