#Target name PANSTARRS (C/2017 K2)
#Obs. Start 2022-08-21 21:24:50.752
#Obs. End 2022-08-21 21:30:34.329
#Instrument used NIRSPEC
#Grating used G395M/F290LP
#Lower wavelength (um) 3.255
#Upper wavelength (um) 3.328
#Spectral plate scale (um) 0.001790000009350478
#Center pixel for extract (x,y) = 29,25
#Pixel scale (arcsec/pixel) 0.09999908561794624
#Aperture size (arcsec) 0.09999908561794624 0.09999908561794624
#X offset (arcsec) -0.19999817123589247
#Y offset (arcsec) -0.6999935993256237
#Wave (micron) Flux (Jy) Noise (Jy)
3.25574488757411 6.552950165691054e-06 3.2078635054070655e-07
3.2575348875834607 7.157348105456442e-06 3.3539764574162947e-07
3.259324887592811 8.22428156407238e-06 3.4327909682032604e-07
3.2611148876021616 9.083543479939167e-06 3.479046335716421e-07
3.262904887611512 7.267835576095416e-06 3.468026761985607e-07
3.2646948876208626 7.295082550174041e-06 3.810176554935455e-07
3.266484887630213 7.175228231721733e-06 3.3443948163150043e-07
3.2682748876395635 8.900386503045117e-06 3.838504836419352e-07
3.270064887648914 1.1265176210362152e-05 4.151198304867675e-07
3.2718548876582645 9.939322079662102e-06 4.07674214210336e-07
3.273644887667615 7.200937525700821e-06 3.23792475908769e-07
3.2754348876769654 6.923557071267248e-06 3.7151889445301407e-07
3.277224887686316 7.374590922294552e-06 4.039421738273535e-07
3.2790148876956664 9.064719227058823e-06 3.908081218459625e-07
3.280804887705017 1.1492705344950666e-05 4.7666048909725003e-07
3.2825948877143674 8.61387769811977e-06 3.7508573509352445e-07
3.284384887723718 7.85316090298771e-06 3.598246523709476e-07
3.2861748877330683 7.904287197236002e-06 4.28132056063771e-07
3.287964887742419 6.991103368141124e-06 3.891439081580594e-07
3.2897548877517693 9.478321102788439e-06 4.5522949299423175e-07
3.2915448877611198 1.064600578236354e-05 4.515759617154567e-07
3.2933348877704702 8.301317992149494e-06 4.256384253513325e-07
3.2951248877798207 7.544227970196808e-06 4.6245619719672583e-07
3.296914887789171 6.713644460641248e-06 4.342986351888946e-07
3.2987048877985217 7.664860991370078e-06 4.305131626639693e-07
3.300494887807872 1.1167932065618348e-05 5.51682242431705e-07
3.3022848878172226 1.1974870717596676e-05 5.667793022078043e-07
3.304074887826573 8.310481310293677e-06 4.480840717722179e-07
3.3058648878359236 7.574586168733389e-06 4.477736217812763e-07
3.307654887845274 7.552197008520242e-06 5.039226494479946e-07
3.3094448878546245 7.602605120984434e-06 4.482489633062153e-07
3.311234887863975 1.1827310810855301e-05 5.801900693616266e-07
3.3130248878733255 1.749152626103412e-05 6.329202244746724e-07
3.314814887882676 1.3701048878781998e-05 6.068192255431155e-07
3.3166048878920265 8.507281051266187e-06 4.264946845321244e-07
3.318394887901377 8.03001294317042e-06 4.7669327127138377e-07
3.3201848879107274 8.299696927648058e-06 4.79551596666322e-07
3.321974887920078 9.624584516571255e-06 5.017389643853572e-07
3.3237648879294284 9.95894251908961e-06 4.856936311892735e-07
3.325554887938779 1.0232310659560832e-05 5.451938936589304e-07
3.3273448879481293 9.784639531106891e-06 5.060479990520455e-07
