#Target name PANSTARRS (C/2017 K2)
#Obs. Start 2022-08-21 21:24:50.752
#Obs. End 2022-08-21 21:30:34.329
#Instrument used NIRSPEC
#Grating used G395M/F290LP
#Lower wavelength (um) 3.255
#Upper wavelength (um) 3.328
#Spectral plate scale (um) 0.001790000009350478
#Center pixel for extract (x,y) = 29,25
#Pixel scale (arcsec/pixel) 0.09999908561794624
#Aperture size (arcsec) 0.09999908561794624 0.09999908561794624
#X offset (arcsec) -0.6999935993256237
#Y offset (arcsec) 0.09999908561794624
#Wave (micron) Flux (Jy) Noise (Jy)
3.25574488757411 1.053296074176309e-05 3.592533459345487e-07
3.2575348875834607 1.0294431142369199e-05 3.4207940934179296e-07
3.259324887592811 1.133335685631499e-05 3.651354206185152e-07
3.2611148876021616 1.1720735682557045e-05 3.6752176676278445e-07
3.262904887611512 1.1296764552978363e-05 3.2514492271497466e-07
3.2646948876208626 1.0771665179419029e-05 3.4840432356608724e-07
3.266484887630213 1.0395025905498993e-05 3.3763296973326563e-07
3.2682748876395635 1.1554468081776688e-05 3.578370999740674e-07
3.270064887648914 1.4250345867808571e-05 3.836894026854439e-07
3.2718548876582645 1.3501628357091734e-05 3.931918061897679e-07
3.273644887667615 1.1162198267229694e-05 3.4126848482574324e-07
3.2754348876769654 1.0618179600503981e-05 3.168125346187498e-07
3.277224887686316 1.0919137218726145e-05 3.490722113308954e-07
3.2790148876956664 1.19070343685291e-05 3.3243873230811007e-07
3.280804887705017 1.3756673447700482e-05 3.8063329150656563e-07
3.2825948877143674 1.2420966508479257e-05 3.392054493714988e-07
3.284384887723718 1.0851864835129476e-05 3.2846603714424336e-07
3.2861748877330683 1.0678324859254458e-05 3.218246208353213e-07
3.287964887742419 1.102252849744221e-05 3.375321295241141e-07
3.2897548877517693 1.239010262389245e-05 3.5315305965045115e-07
3.2915448877611198 1.3064349794255133e-05 3.699453500945954e-07
3.2933348877704702 1.1764349311176167e-05 3.68608117579462e-07
3.2951248877798207 1.0585804934011796e-05 3.298061275925063e-07
3.296914887789171 1.0490598775778927e-05 3.368884221150986e-07
3.2987048877985217 1.092774643407061e-05 3.499854890795182e-07
3.300494887807872 1.2794564493246155e-05 3.9568154226784356e-07
3.3022848878172226 1.3122552106780711e-05 3.764728413436647e-07
3.304074887826573 1.1321509995000013e-05 3.736416663134578e-07
3.3058648878359236 9.704500844636542e-06 3.647311631754371e-07
3.307654887845274 1.0434362721246516e-05 3.3583468535884123e-07
3.3094448878546245 1.1054549004377942e-05 3.1904085387232323e-07
3.311234887863975 1.510706052468831e-05 3.673172564303041e-07
3.3130248878733255 1.9726931171404368e-05 4.253018616968929e-07
3.314814887882676 1.668914774957255e-05 3.962345243094702e-07
3.3166048878920265 1.245786993426168e-05 3.5941742491893085e-07
3.318394887901377 1.1055401677132846e-05 3.5379631875623063e-07
3.3201848879107274 1.146851848876109e-05 3.6252279341586646e-07
3.321974887920078 1.2774784457866626e-05 3.7572846183921115e-07
3.3237648879294284 1.3791720001479326e-05 3.874176885288248e-07
3.325554887938779 1.2926545862535951e-05 3.955621815312541e-07
3.3273448879481293 1.2450212914990515e-05 3.8680866858269603e-07
