#Target name PANSTARRS (C/2017 K2)
#Obs. Start 2022-08-21 21:24:50.752
#Obs. End 2022-08-21 21:30:34.329
#Instrument used NIRSPEC
#Grating used G395M/F290LP
#Lower wavelength (um) 3.255
#Upper wavelength (um) 3.328
#Spectral plate scale (um) 0.001790000009350478
#Center pixel for extract (x,y) = 29,25
#Pixel scale (arcsec/pixel) 0.09999908561794624
#Aperture size (arcsec) 0.09999908561794624 0.09999908561794624
#X offset (arcsec) -0.09999908561794624
#Y offset (arcsec) 0.2999972568538387
#Wave (micron) Flux (Jy) Noise (Jy)
3.25574488757411 1.7918353978832703e-05 4.4167919145819914e-07
3.2575348875834607 1.8741257605652056e-05 4.7559610513913734e-07
3.259324887592811 2.156176279469012e-05 4.910573552565957e-07
3.2611148876021616 2.2376826494518018e-05 5.024862298418926e-07
3.262904887611512 1.986886218271432e-05 4.708876883270627e-07
3.2646948876208626 1.927438519356198e-05 4.6369096440347715e-07
3.266484887630213 1.909102558360525e-05 4.262830854047245e-07
3.2682748876395635 2.0717729739750823e-05 4.496647049255561e-07
3.270064887648914 2.637189512798462e-05 5.175065737267285e-07
3.2718548876582645 2.5384232889077336e-05 4.845329741112262e-07
3.273644887667615 2.0417841773049795e-05 4.224744972441922e-07
3.2754348876769654 1.9169498375250562e-05 4.175345318107149e-07
3.277224887686316 1.9575688005275877e-05 4.2490718673548466e-07
3.2790148876956664 2.329616911346929e-05 4.667969493173623e-07
3.280804887705017 2.811939190125548e-05 4.95931588228092e-07
3.2825948877143674 2.4974759886151437e-05 4.5457900499877146e-07
3.284384887723718 1.9980780188979422e-05 4.1635910874483127e-07
3.2861748877330683 1.915025899357367e-05 4.033302118912384e-07
3.287964887742419 1.983044438860063e-05 4.1290961147634833e-07
3.2897548877517693 2.348019041900238e-05 4.6932047625185265e-07
3.2915448877611198 2.6336827055650446e-05 4.974796913778668e-07
3.2933348877704702 2.297859289428799e-05 4.545706553510007e-07
3.2951248877798207 1.9503722783404582e-05 4.1636490866794723e-07
3.296914887789171 1.9442814512546407e-05 4.19375433011513e-07
3.2987048877985217 2.010702955309351e-05 4.250146674363197e-07
3.300494887807872 2.544353444113763e-05 4.804006829953376e-07
3.3022848878172226 2.924778549201313e-05 5.126752097521761e-07
3.304074887826573 2.4388782726353975e-05 4.6042314202138997e-07
3.3058648878359236 1.954440899189252e-05 3.992034685278955e-07
3.307654887845274 1.8984056845065774e-05 3.690719993529303e-07
3.3094448878546245 2.0611331242927557e-05 3.8795890261050596e-07
3.311234887863975 2.9032255641839843e-05 4.5663301835039103e-07
3.3130248878733255 4.0336227117640404e-05 5.475881131287822e-07
3.314814887882676 3.6178849400967475e-05 5.22562985925761e-07
3.3166048878920265 2.4152742106526446e-05 4.2256087967398216e-07
3.318394887901377 2.1124130968903535e-05 4.0147712244621104e-07
3.3201848879107274 2.1394291051417822e-05 4.033534676216068e-07
3.321974887920078 2.3660241551077308e-05 4.090884988441598e-07
3.3237648879294284 2.6086392315520894e-05 4.214613039118421e-07
3.325554887938779 2.5702205408319283e-05 4.305540703342558e-07
3.3273448879481293 2.468060482123259e-05 4.3016780105852295e-07
