#Target name PANSTARRS (C/2017 K2)
#Obs. Start 2022-08-21 21:24:50.752
#Obs. End 2022-08-21 21:30:34.329
#Instrument used NIRSPEC
#Grating used G395M/F290LP
#Lower wavelength (um) 3.255
#Upper wavelength (um) 3.328
#Spectral plate scale (um) 0.001790000009350478
#Center pixel for extract (x,y) = 29,25
#Pixel scale (arcsec/pixel) 0.09999908561794624
#Aperture size (arcsec) 0.09999908561794624 0.09999908561794624
#X offset (arcsec) 0.19999817123589247
#Y offset (arcsec) 0.09999908561794624
#Wave (micron) Flux (Jy) Noise (Jy)
3.25574488757411 2.186784272568701e-05 3.997591684078905e-07
3.2575348875834607 2.306247222295966e-05 4.136173421912575e-07
3.259324887592811 2.5882706636843167e-05 4.3745533440635407e-07
3.2611148876021616 2.6363363020796747e-05 4.4419504119977275e-07
3.262904887611512 2.348546425827088e-05 4.0862128281537356e-07
3.2646948876208626 2.306631687151174e-05 4.1731413473230814e-07
3.266484887630213 2.3263959422567963e-05 4.053521715614829e-07
3.2682748876395635 2.592666007931519e-05 4.3697452918572615e-07
3.270064887648914 3.3750222209448135e-05 5.126862492193631e-07
3.2718548876582645 3.159712935963644e-05 4.796784104442101e-07
3.273644887667615 2.5370633162109534e-05 4.2378920252171573e-07
3.2754348876769654 2.3502153691141312e-05 4.1815296612479996e-07
3.277224887686316 2.43874001591741e-05 4.447884265705454e-07
3.2790148876956664 2.8854304362122418e-05 4.857915854463432e-07
3.280804887705017 3.451093183172842e-05 5.129125863156471e-07
3.2825948877143674 2.944558763902137e-05 4.5189963665186075e-07
3.284384887723718 2.4855957735394062e-05 4.2891779154174707e-07
3.2861748877330683 2.4325632939315714e-05 4.2849815169388317e-07
3.287964887742419 2.385878967467028e-05 4.2812869378950086e-07
3.2897548877517693 2.868737775558512e-05 4.848053183271064e-07
3.2915448877611198 3.316434726278848e-05 5.30965141213091e-07
3.2933348877704702 2.916989549457464e-05 5.003310120347422e-07
3.2951248877798207 2.4303074320479354e-05 4.607414373189619e-07
3.296914887789171 2.2607656037530082e-05 4.4714899527874376e-07
3.2987048877985217 2.296864773530019e-05 4.5596426199806317e-07
3.300494887807872 3.098895043037849e-05 5.605064752157446e-07
3.3022848878172226 3.632761076038138e-05 5.90267982145187e-07
3.304074887826573 2.981592197623007e-05 4.979292834856871e-07
3.3058648878359236 2.4446933035704175e-05 4.312669565363792e-07
3.307654887845274 2.4360003451814644e-05 4.3592538753763797e-07
3.3094448878546245 2.5299946501067362e-05 4.3525629495788304e-07
3.311234887863975 3.5900754351175694e-05 5.244695075127312e-07
3.3130248878733255 5.016187922199105e-05 6.477290252700128e-07
3.314814887882676 4.3616268228576825e-05 5.887159563420972e-07
3.3166048878920265 2.9190721869707036e-05 4.6542869982208703e-07
3.318394887901377 2.5332003768868444e-05 4.463876362892261e-07
3.3201848879107274 2.600254347146927e-05 4.5909871416743535e-07
3.321974887920078 2.888016966562764e-05 4.797738429955771e-07
3.3237648879294284 3.120045631070529e-05 4.858212855357293e-07
3.325554887938779 3.077049764310637e-05 4.833422246784613e-07
3.3273448879481293 2.993198409760891e-05 4.824456742443324e-07
