#Target name PANSTARRS (C/2017 K2)
#Obs. Start 2022-08-21 21:24:50.752
#Obs. End 2022-08-21 21:30:34.329
#Instrument used NIRSPEC
#Grating used G395M/F290LP
#Lower wavelength (um) 3.255
#Upper wavelength (um) 3.328
#Spectral plate scale (um) 0.001790000009350478
#Center pixel for extract (x,y) = 29,25
#Pixel scale (arcsec/pixel) 0.09999908561794624
#Aperture size (arcsec) 0.09999908561794624 0.09999908561794624
#X offset (arcsec) 0.19999817123589247
#Y offset (arcsec) 0.6999935993256237
#Wave (micron) Flux (Jy) Noise (Jy)
3.25574488757411 7.5351453466351096e-06 2.950560143284789e-07
3.2575348875834607 7.594993828643342e-06 3.222823944771989e-07
3.259324887592811 9.413665016877162e-06 3.316658575292172e-07
3.2611148876021616 1.0003212463646261e-05 3.305220398414728e-07
3.262904887611512 8.63085673488067e-06 3.092387036168175e-07
3.2646948876208626 7.878437136040807e-06 3.0724498705044216e-07
3.266484887630213 7.32480729623813e-06 2.8630505110457566e-07
3.2682748876395635 8.25717895213776e-06 2.8763390595298594e-07
3.270064887648914 1.1212756112974717e-05 3.5594411154103455e-07
3.2718548876582645 1.1340060782906386e-05 3.508065844752351e-07
3.273644887667615 9.176965391292692e-06 3.090722150025418e-07
3.2754348876769654 8.557787790442302e-06 3.156324884257448e-07
3.277224887686316 8.520039761363223e-06 3.0087482221826243e-07
3.2790148876956664 9.808668584557389e-06 3.3549929850039626e-07
3.280804887705017 1.2383547533975412e-05 3.72038421865653e-07
3.2825948877143674 1.1102105011654596e-05 3.4775607708680706e-07
3.284384887723718 8.326062537564673e-06 2.895079535742971e-07
3.2861748877330683 8.551033653888475e-06 3.0944077630045207e-07
3.287964887742419 8.193662453052438e-06 2.9141750120811037e-07
3.2897548877517693 9.816664521074983e-06 3.303287651088451e-07
3.2915448877611198 1.1911745138933163e-05 3.5051969842313664e-07
3.2933348877704702 1.0203184398316827e-05 3.2600569294707906e-07
3.2951248877798207 8.391089818555373e-06 3.2267054102273264e-07
3.296914887789171 8.14185384127893e-06 3.1134755005799243e-07
3.2987048877985217 7.945362532932798e-06 2.9601143258128723e-07
3.300494887807872 1.0393078476241735e-05 3.250286720820851e-07
3.3022848878172226 1.193659010427321e-05 3.623674003066822e-07
3.304074887826573 9.829171284753376e-06 3.220046986414388e-07
3.3058648878359236 8.459925883839267e-06 2.966032769096861e-07
3.307654887845274 8.406410133343008e-06 2.939183608102297e-07
3.3094448878546245 8.696276729506117e-06 2.8665265422620214e-07
3.311234887863975 1.259679641728385e-05 3.5004715879342275e-07
3.3130248878733255 1.763965282306582e-05 3.9758007845342215e-07
3.314814887882676 1.4911967922438553e-05 3.514444079042779e-07
3.3166048878920265 1.0450397631392361e-05 3.0356374502789076e-07
3.318394887901377 8.799939679983209e-06 3.000064868690503e-07
3.3201848879107274 9.089580331315367e-06 2.9855476891501917e-07
3.321974887920078 1.0661900821899747e-05 3.0995102943989583e-07
3.3237648879294284 1.1460501033688166e-05 3.0409946739493075e-07
3.325554887938779 1.0871810742706332e-05 2.887492563852433e-07
3.3273448879481293 9.751743039647984e-06 2.767082797690701e-07
