#Target name PANSTARRS (C/2017 K2)
#Obs. Start 2022-08-21 21:24:50.752
#Obs. End 2022-08-21 21:30:34.329
#Instrument used NIRSPEC
#Grating used G395M/F290LP
#Lower wavelength (um) 3.255
#Upper wavelength (um) 3.328
#Spectral plate scale (um) 0.001790000009350478
#Center pixel for extract (x,y) = 29,25
#Pixel scale (arcsec/pixel) 0.09999908561794624
#Aperture size (arcsec) 0.09999908561794624 0.09999908561794624
#X offset (arcsec) 0.5999945137076774
#Y offset (arcsec) -0.5999945137076774
#Wave (micron) Flux (Jy) Noise (Jy)
3.25574488757411 6.294003043716016e-06 2.855070433255136e-07
3.2575348875834607 6.199791670363866e-06 2.735695407000035e-07
3.259324887592811 7.769511105572878e-06 3.2237799514227944e-07
3.2611148876021616 8.178661330168847e-06 3.2252271303065613e-07
3.262904887611512 6.469816365300876e-06 2.8571525215969115e-07
3.2646948876208626 6.2868257089073885e-06 2.8402974406807726e-07
3.266484887630213 6.583889813524748e-06 2.7058779182039945e-07
3.2682748876395635 6.662307912175265e-06 3.1335477175935284e-07
3.270064887648914 9.184061134912364e-06 3.507086582371177e-07
3.2718548876582645 9.081405073503367e-06 3.180582572358313e-07
3.273644887667615 6.577116848235007e-06 3.112814533496322e-07
3.2754348876769654 6.4488259111841006e-06 3.001788314443465e-07
3.277224887686316 6.532505744915747e-06 3.0514972980110896e-07
3.2790148876956664 7.755337550462973e-06 3.0657457757993133e-07
3.280804887705017 1.003976083326576e-05 3.4963256235696405e-07
3.2825948877143674 8.229702446802294e-06 3.1466084719958303e-07
3.284384887723718 6.40955858243816e-06 2.9514158420865355e-07
3.2861748877330683 6.326620242258885e-06 3.1223729188672434e-07
3.287964887742419 6.534491728251301e-06 3.1201711895993565e-07
3.2897548877517693 7.198233360581168e-06 2.902110611620849e-07
3.2915448877611198 9.79890722989636e-06 3.5675730559221663e-07
3.2933348877704702 7.232639289035744e-06 3.4969636151123965e-07
3.2951248877798207 6.796226399747889e-06 3.1666341775486977e-07
3.296914887789171 6.23214481830072e-06 3.073935995731816e-07
3.2987048877985217 6.182404229354956e-06 3.014006258762056e-07
3.300494887807872 8.486152519752717e-06 3.336708096954453e-07
3.3022848878172226 1.0722593010598165e-05 3.8586832452619874e-07
3.304074887826573 7.478919154773891e-06 3.3550316511580693e-07
3.3058648878359236 6.612192541724191e-06 3.686465876009027e-07
3.307654887845274 6.050619216882536e-06 2.9775320272902124e-07
3.3094448878546245 6.505484715668075e-06 3.269144876633417e-07
3.311234887863975 9.510109388647912e-06 3.6469955779729794e-07
3.3130248878733255 1.5336329972439038e-05 4.2161406323951487e-07
3.314814887882676 1.1317867979510613e-05 3.989725083044901e-07
3.3166048878920265 7.308489058447122e-06 3.0428498087778494e-07
3.318394887901377 6.9373033933932295e-06 3.8415608635413734e-07
3.3201848879107274 7.562808346116757e-06 3.3764106721046614e-07
3.321974887920078 7.909240947993987e-06 3.433824026972756e-07
3.3237648879294284 9.173038254945185e-06 3.5950935510126656e-07
3.325554887938779 8.207620822609054e-06 3.249983555757495e-07
3.3273448879481293 8.02479200368377e-06 3.341989669453775e-07
