#Target name PANSTARRS (C/2017 K2)
#Obs. Start 2022-08-21 21:24:50.752
#Obs. End 2022-08-21 21:30:34.329
#Instrument used NIRSPEC
#Grating used G395M/F290LP
#Lower wavelength (um) 3.255
#Upper wavelength (um) 3.328
#Spectral plate scale (um) 0.001790000009350478
#Center pixel for extract (x,y) = 29,25
#Pixel scale (arcsec/pixel) 0.09999908561794624
#Aperture size (arcsec) 0.09999908561794624 0.09999908561794624
#X offset (arcsec) 0.19999817123589247
#Y offset (arcsec) 0.0
#Wave (micron) Flux (Jy) Noise (Jy)
3.25574488757411 2.509719329312055e-05 5.218940614597196e-07
3.2575348875834607 2.630502621730036e-05 5.414602561956695e-07
3.259324887592811 3.0037283354897462e-05 5.625228310955389e-07
3.2611148876021616 3.0834113665510086e-05 5.950990098923123e-07
3.262904887611512 2.6709546366074753e-05 5.277722134903709e-07
3.2646948876208626 2.5868312516541142e-05 5.186307501289448e-07
3.266484887630213 2.634508300804493e-05 5.423771483891329e-07
3.2682748876395635 2.9370222485408126e-05 5.746466877724708e-07
3.270064887648914 3.9826459714752845e-05 6.827564701234212e-07
3.2718548876582645 3.5957394775226996e-05 6.229969763075376e-07
3.273644887667615 2.832782780102204e-05 5.358720442829121e-07
3.2754348876769654 2.6061762535734137e-05 5.184870689418015e-07
3.277224887686316 2.670757383183628e-05 5.542077026739007e-07
3.2790148876956664 3.2428746208151024e-05 5.943768494169939e-07
3.280804887705017 3.939084525352833e-05 6.535667739715181e-07
3.2825948877143674 3.3803297726166625e-05 5.634169718997743e-07
3.284384887723718 2.807742533872548e-05 5.102402507257513e-07
3.2861748877330683 2.64860098201062e-05 5.062028317821848e-07
3.287964887742419 2.676982521918956e-05 4.962708417019477e-07
3.2897548877517693 3.2611531989965646e-05 5.851778911655486e-07
3.2915448877611198 3.614832174380768e-05 6.121069622119328e-07
3.2933348877704702 3.0964738469207697e-05 5.722735945926163e-07
3.2951248877798207 2.6384551624943843e-05 5.157123521003805e-07
3.296914887789171 2.5588024367318767e-05 5.212499617853726e-07
3.2987048877985217 2.672018011883307e-05 5.382054626263792e-07
3.300494887807872 3.486678418120083e-05 6.263961795567299e-07
3.3022848878172226 3.97860048307347e-05 6.452863890506713e-07
3.304074887826573 3.193755290493811e-05 5.371564890920046e-07
3.3058648878359236 2.6073203234317283e-05 4.570611199218348e-07
3.307654887845274 2.6411776183860666e-05 4.395542621384321e-07
3.3094448878546245 2.830784064954747e-05 4.672419463170134e-07
3.311234887863975 4.010431447401012e-05 5.708421063221104e-07
3.3130248878733255 5.621350667285139e-05 6.798716387996536e-07
3.314814887882676 4.799231033164927e-05 5.98991795004359e-07
3.3166048878920265 3.242528530716897e-05 4.769244836653594e-07
3.318394887901377 2.8154592671347514e-05 4.569573097037447e-07
3.3201848879107274 2.8150405519123116e-05 4.4841405097287844e-07
3.321974887920078 3.199065352663782e-05 4.7360894500758873e-07
3.3237648879294284 3.4588750100649144e-05 4.859073597570446e-07
3.325554887938779 3.354094349959786e-05 4.756884556057567e-07
3.3273448879481293 3.2411588746702186e-05 4.744790455507927e-07
