#Target name PANSTARRS (C/2017 K2)
#Obs. Start 2022-08-21 21:24:50.752
#Obs. End 2022-08-21 21:30:34.329
#Instrument used NIRSPEC
#Grating used G395M/F290LP
#Lower wavelength (um) 3.255
#Upper wavelength (um) 3.328
#Spectral plate scale (um) 0.001790000009350478
#Center pixel for extract (x,y) = 29,25
#Pixel scale (arcsec/pixel) 0.09999908561794624
#Aperture size (arcsec) 0.09999908561794624 0.09999908561794624
#X offset (arcsec) -0.6999935993256237
#Y offset (arcsec) -0.39999634247178495
#Wave (micron) Flux (Jy) Noise (Jy)
3.25574488757411 7.344226447512667e-06 3.8812693226715547e-07
3.2575348875834607 7.661920122141807e-06 3.8176553736703035e-07
3.259324887592811 8.906767651306578e-06 4.5567575084673405e-07
3.2611148876021616 8.305842268407374e-06 4.946362160276217e-07
3.262904887611512 8.015938014772439e-06 4.283887096663906e-07
3.2646948876208626 7.2414139282742984e-06 4.456867982365707e-07
3.266484887630213 7.170412110057206e-06 3.63891407157521e-07
3.2682748876395635 8.674759070783787e-06 4.7565371210496545e-07
3.270064887648914 1.1525849299795854e-05 4.930871041955659e-07
3.2718548876582645 1.0820898737404857e-05 5.530723747286884e-07
3.273644887667615 7.945436951269977e-06 4.7096238685376395e-07
3.2754348876769654 7.325954952522334e-06 4.452588647788405e-07
3.277224887686316 7.521306225739274e-06 4.866095147004557e-07
3.2790148876956664 9.860393811928997e-06 4.872239703233212e-07
3.280804887705017 1.1409144311576564e-05 5.06612805091522e-07
3.2825948877143674 9.909613024211274e-06 4.683505441817782e-07
3.284384887723718 8.039958998764688e-06 4.2034074195446606e-07
3.2861748877330683 8.133424843835343e-06 4.471542908607192e-07
3.287964887742419 8.101644627434117e-06 4.268266530783948e-07
3.2897548877517693 9.793851266000562e-06 4.7048707334777717e-07
3.2915448877611198 1.0831396205979424e-05 4.89164506918324e-07
3.2933348877704702 8.93755801416268e-06 4.352172365384451e-07
3.2951248877798207 7.625162843214324e-06 3.9611482734545376e-07
3.296914887789171 7.298950510494394e-06 3.905954299794248e-07
3.2987048877985217 7.867075338827199e-06 4.125723473481025e-07
3.300494887807872 1.0119578534619123e-05 4.529244018114905e-07
3.3022848878172226 1.029870436881491e-05 4.3867186127518996e-07
3.304074887826573 9.291716674009422e-06 4.227114815423315e-07
3.3058648878359236 8.468477716369522e-06 3.7607452391846377e-07
3.307654887845274 8.7261507605478e-06 3.9254896736827215e-07
3.3094448878546245 8.715514317970068e-06 3.691742965475989e-07
3.311234887863975 1.1332561566374297e-05 4.0472233353383164e-07
3.3130248878733255 1.518586685394122e-05 4.709612660956739e-07
3.314814887882676 1.2694259334006829e-05 4.15674801874004e-07
3.3166048878920265 9.434110334258941e-06 3.401268806352266e-07
3.318394887901377 8.155762897479584e-06 3.1083076850267416e-07
3.3201848879107274 8.93067117985099e-06 3.691019796318389e-07
3.321974887920078 1.0102117123576272e-05 3.5381004804283364e-07
3.3237648879294284 1.0232587710960691e-05 3.4973020840555896e-07
3.325554887938779 1.0105522434957055e-05 3.6943840319151725e-07
3.3273448879481293 9.816411678049869e-06 3.254725763425984e-07
