#Target name PANSTARRS (C/2017 K2)
#Obs. Start 2022-08-21 21:24:50.752
#Obs. End 2022-08-21 21:30:34.329
#Instrument used NIRSPEC
#Grating used G395M/F290LP
#Lower wavelength (um) 3.255
#Upper wavelength (um) 3.328
#Spectral plate scale (um) 0.001790000009350478
#Center pixel for extract (x,y) = 29,25
#Pixel scale (arcsec/pixel) 0.09999908561794624
#Aperture size (arcsec) 0.09999908561794624 0.09999908561794624
#X offset (arcsec) 0.09999908561794624
#Y offset (arcsec) 0.39999634247178495
#Wave (micron) Flux (Jy) Noise (Jy)
3.25574488757411 1.2859561289616804e-05 3.1385894478615813e-07
3.2575348875834607 1.3209204639270385e-05 3.1795949042914636e-07
3.259324887592811 1.5307514833640828e-05 3.350419451428024e-07
3.2611148876021616 1.5806327498653085e-05 3.394681270488523e-07
3.262904887611512 1.3984491289572989e-05 3.12079881412978e-07
3.2646948876208626 1.316791860105266e-05 3.020398222339087e-07
3.266484887630213 1.3669193347437122e-05 3.153575944852098e-07
3.2682748876395635 1.5147160352543536e-05 3.2885135377559977e-07
3.270064887648914 1.9643892859603463e-05 3.7006224516338674e-07
3.2718548876582645 1.8583160779651343e-05 3.506596530896306e-07
3.273644887667615 1.5010031565497797e-05 3.200647784633854e-07
3.2754348876769654 1.3423082940322189e-05 3.111875898595912e-07
3.277224887686316 1.3319472889626946e-05 3.0195579339610784e-07
3.2790148876956664 1.6664123462938097e-05 3.377174188553502e-07
3.280804887705017 2.0150979409139644e-05 3.604121257427952e-07
3.2825948877143674 1.7071084174529363e-05 3.250991677659487e-07
3.284384887723718 1.4459956322053495e-05 3.048758725618072e-07
3.2861748877330683 1.4187395127407103e-05 2.979054296966012e-07
3.287964887742419 1.4176186649900213e-05 3.145104134449472e-07
3.2897548877517693 1.7452841278191765e-05 3.8157254282392515e-07
3.2915448877611198 1.950860928867717e-05 3.949018308646015e-07
3.2933348877704702 1.7272800905394505e-05 3.6951856541390744e-07
3.2951248877798207 1.4569774475961097e-05 3.4269803978854384e-07
3.296914887789171 1.3697639084368856e-05 3.312264643200163e-07
3.2987048877985217 1.3955426894175553e-05 3.2963829406852257e-07
3.300494887807872 1.8530897588396513e-05 3.8398721612892027e-07
3.3022848878172226 2.162160231063363e-05 4.189486763497774e-07
3.304074887826573 1.7468641277441938e-05 3.76038939849105e-07
3.3058648878359236 1.3953162066227197e-05 3.4054212150758716e-07
3.307654887845274 1.4044010717005985e-05 3.337677552702339e-07
3.3094448878546245 1.4385148857665857e-05 3.4248397499334587e-07
3.311234887863975 2.0938927936040305e-05 3.956756863068231e-07
3.3130248878733255 2.9417100658191925e-05 4.60356288801319e-07
3.314814887882676 2.563626358872711e-05 4.3915919491169244e-07
3.3166048878920265 1.73159760934488e-05 3.671319951180202e-07
3.318394887901377 1.4272525222107263e-05 3.4177243370093057e-07
3.3201848879107274 1.4723052042174633e-05 3.512892389467116e-07
3.321974887920078 1.7071830151114093e-05 3.7097269299783225e-07
3.3237648879294284 1.831124693487776e-05 3.7003702810636083e-07
3.325554887938779 1.7985077639268486e-05 3.6450488211705767e-07
3.3273448879481293 1.771637723209067e-05 3.672126336625987e-07
