#Target name PANSTARRS (C/2017 K2)
#Obs. Start 2022-08-21 21:24:50.752
#Obs. End 2022-08-21 21:30:34.329
#Instrument used NIRSPEC
#Grating used G395M/F290LP
#Lower wavelength (um) 3.255
#Upper wavelength (um) 3.328
#Spectral plate scale (um) 0.001790000009350478
#Center pixel for extract (x,y) = 29,25
#Pixel scale (arcsec/pixel) 0.09999908561794624
#Aperture size (arcsec) 0.09999908561794624 0.09999908561794624
#X offset (arcsec) 0.6999935993256237
#Y offset (arcsec) 0.4999954280897312
#Wave (micron) Flux (Jy) Noise (Jy)
3.25574488757411 5.669392904251576e-06 3.1605338912646005e-07
3.2575348875834607 5.939080026851867e-06 3.361798508316219e-07
3.259324887592811 7.943483245767417e-06 3.637202954161239e-07
3.2611148876021616 7.76299098330825e-06 3.520176196294298e-07
3.262904887611512 6.538577115641121e-06 3.6310071232499654e-07
3.2646948876208626 6.869949418607604e-06 4.941311463943443e-07
3.266484887630213 6.26471135857792e-06 3.4899857752437966e-07
3.2682748876395635 7.101568871921534e-06 3.630436937571656e-07
3.270064887648914 1.012039803293456e-05 4.2316040119529775e-07
3.2718548876582645 9.479161223052734e-06 3.8727521215662815e-07
3.273644887667615 5.902063628653966e-06 3.3302292746254434e-07
3.2754348876769654 5.997719435032562e-06 3.787172714947824e-07
3.277224887686316 6.556767467745736e-06 3.3385920913038134e-07
3.2790148876956664 7.729032013179983e-06 3.815893822142281e-07
3.280804887705017 1.0438158953049105e-05 3.9234271986075223e-07
3.2825948877143674 8.23848381058939e-06 3.5359760834686623e-07
3.284384887723718 6.306291035415235e-06 3.3372992968469497e-07
3.2861748877330683 6.265611999779077e-06 3.415731348935689e-07
3.287964887742419 6.479978951358139e-06 3.338565193109652e-07
3.2897548877517693 7.845077995642328e-06 3.221097977313325e-07
3.2915448877611198 8.929369307253598e-06 3.840655851383665e-07
3.2933348877704702 6.683847986059397e-06 3.9095432473880845e-07
3.2951248877798207 6.804160470418914e-06 3.5913967304526624e-07
3.296914887789171 6.14345833402924e-06 2.887328372792242e-07
3.2987048877985217 6.4232349692593215e-06 3.2737722065976776e-07
3.300494887807872 8.531160371435854e-06 3.7847922247645754e-07
3.3022848878172226 1.002749436012187e-05 4.1471201463675356e-07
3.304074887826573 7.734664495037297e-06 3.5983392664414263e-07
3.3058648878359236 6.584570786140257e-06 4.720876840140704e-07
3.307654887845274 6.007331953019233e-06 3.423288340547318e-07
3.3094448878546245 6.69550073207318e-06 3.600943628053161e-07
3.311234887863975 9.868830878830832e-06 4.0566278966613794e-07
3.3130248878733255 1.3072881901443003e-05 4.499308009150843e-07
3.314814887882676 1.136539439877369e-05 3.6577985652028924e-07
3.3166048878920265 7.981496670362217e-06 3.5676282532581006e-07
3.318394887901377 7.108223933460202e-06 3.493982678782408e-07
3.3201848879107274 7.428347411628553e-06 3.714595503121464e-07
3.321974887920078 7.822032519491652e-06 4.1141143809948495e-07
3.3237648879294284 9.078467790700985e-06 3.627967907499294e-07
3.325554887938779 8.72052903796815e-06 3.660981798368134e-07
3.3273448879481293 8.37331997488614e-06 3.827036399073476e-07
