#Target name PANSTARRS (C/2017 K2)
#Obs. Start 2022-08-21 21:24:50.752
#Obs. End 2022-08-21 21:30:34.329
#Instrument used NIRSPEC
#Grating used G395M/F290LP
#Lower wavelength (um) 3.255
#Upper wavelength (um) 3.328
#Spectral plate scale (um) 0.001790000009350478
#Center pixel for extract (x,y) = 29,25
#Pixel scale (arcsec/pixel) 0.09999908561794624
#Aperture size (arcsec) 0.09999908561794624 0.09999908561794624
#X offset (arcsec) 0.39999634247178495
#Y offset (arcsec) -0.09999908561794624
#Wave (micron) Flux (Jy) Noise (Jy)
3.25574488757411 1.3551400775567257e-05 4.404204680472732e-07
3.2575348875834607 1.3406468822395409e-05 4.564644002957443e-07
3.259324887592811 1.4976094113924855e-05 4.6405092388304634e-07
3.2611148876021616 1.5630135360833796e-05 5.091652756036878e-07
3.262904887611512 1.3884360071989238e-05 4.378389979195276e-07
3.2646948876208626 1.3448170886016157e-05 4.338600265103567e-07
3.266484887630213 1.3633580138367953e-05 4.447662635793148e-07
3.2682748876395635 1.4904260693204953e-05 4.4868230442172993e-07
3.270064887648914 2.0054226604742516e-05 5.526902522578886e-07
3.2718548876582645 1.7314403445696854e-05 5.19707798653475e-07
3.273644887667615 1.3900712380826184e-05 4.4510260308213636e-07
3.2754348876769654 1.3195368208193964e-05 4.1944584463851993e-07
3.277224887686316 1.4284251041548517e-05 4.90491764686456e-07
3.2790148876956664 1.6420389959580525e-05 4.908587008851357e-07
3.280804887705017 2.030394047326855e-05 5.505660794498324e-07
3.2825948877143674 1.7006472918941688e-05 4.921206184566184e-07
3.284384887723718 1.4602496129157957e-05 4.5496415351641436e-07
3.2861748877330683 1.3870522744306345e-05 4.657173510681773e-07
3.287964887742419 1.3415131834128195e-05 4.3127390523653745e-07
3.2897548877517693 1.7029816965047552e-05 4.852719459578953e-07
3.2915448877611198 2.0167484141076836e-05 5.440628245944602e-07
3.2933348877704702 1.5810459061276215e-05 4.702461103584182e-07
3.2951248877798207 1.3706505625770794e-05 4.6115586564170704e-07
3.296914887789171 1.3867745954062458e-05 4.607397001439223e-07
3.2987048877985217 1.4057956534071994e-05 4.535396139460667e-07
3.300494887807872 1.8070206837362174e-05 5.300033626581217e-07
3.3022848878172226 1.9741882980931996e-05 5.077680825307371e-07
3.304074887826573 1.5973786689434778e-05 4.467698708358349e-07
3.3058648878359236 1.3974881461405735e-05 4.001467265554269e-07
3.307654887845274 1.4019270654623167e-05 4.2493442115707266e-07
3.3094448878546245 1.3897889863652223e-05 4.0543592020976123e-07
3.311234887863975 2.0349480909196073e-05 4.753638840628806e-07
3.3130248878733255 2.8872856943241733e-05 5.591279427649933e-07
3.314814887882676 2.462840797885669e-05 4.894461534263515e-07
3.3166048878920265 1.7207520781378694e-05 4.288903609874933e-07
3.318394887901377 1.4274757772222626e-05 4.2665187085425277e-07
3.3201848879107274 1.4746009650891047e-05 4.0468941126493665e-07
3.321974887920078 1.6549802551327946e-05 3.978103662219735e-07
3.3237648879294284 1.6905658487226245e-05 3.8542753036938526e-07
3.325554887938779 1.7081425633577796e-05 3.8863141350243554e-07
3.3273448879481293 1.7059460568225922e-05 3.907049560637741e-07
