#Target name PANSTARRS (C/2017 K2)
#Obs. Start 2022-08-21 21:24:50.752
#Obs. End 2022-08-21 21:30:34.329
#Instrument used NIRSPEC
#Grating used G395M/F290LP
#Lower wavelength (um) 3.255
#Upper wavelength (um) 3.328
#Spectral plate scale (um) 0.001790000009350478
#Center pixel for extract (x,y) = 29,25
#Pixel scale (arcsec/pixel) 0.09999908561794624
#Aperture size (arcsec) 0.09999908561794624 0.09999908561794624
#X offset (arcsec) -0.39999634247178495
#Y offset (arcsec) -0.5999945137076774
#Wave (micron) Flux (Jy) Noise (Jy)
3.25574488757411 7.305315968142595e-06 3.378376481794595e-07
3.2575348875834607 7.949781906233451e-06 3.041420842213046e-07
3.259324887592811 8.817610000334045e-06 3.627292370560522e-07
3.2611148876021616 9.289485917107e-06 3.638791628753873e-07
3.262904887611512 7.799438933002882e-06 3.3085969623505016e-07
3.2646948876208626 7.352472537235958e-06 3.5024228277689905e-07
3.266484887630213 7.583452710135329e-06 3.2776306965121686e-07
3.2682748876395635 8.021616223559827e-06 3.2989570418285296e-07
3.270064887648914 1.149696691551224e-05 3.923021203989405e-07
3.2718548876582645 1.0032804063649253e-05 4.092883860495187e-07
3.273644887667615 8.00691277402495e-06 3.491913759348191e-07
3.2754348876769654 8.014687248743953e-06 3.4358503575995516e-07
3.277224887686316 8.273968804933058e-06 3.777134084735319e-07
3.2790148876956664 9.570640188181363e-06 4.0942755618534966e-07
3.280804887705017 1.244520626445068e-05 4.1945646382142307e-07
3.2825948877143674 9.585492474390597e-06 4.2986942723600155e-07
3.284384887723718 8.241845188253045e-06 4.6329090980323677e-07
3.2861748877330683 8.315927298004809e-06 3.709227352059686e-07
3.287964887742419 8.298589618655098e-06 4.056663760920261e-07
3.2897548877517693 1.0099095559765519e-05 4.098531360510908e-07
3.2915448877611198 1.0906548863858797e-05 4.4060612162488864e-07
3.2933348877704702 8.828822064266822e-06 4.4974834149802544e-07
3.2951248877798207 8.260214861652066e-06 3.9838307360598487e-07
3.296914887789171 8.346388606285671e-06 3.4023679898490753e-07
3.2987048877985217 8.189994435975349e-06 4.5729334099809146e-07
3.300494887807872 1.0980859608260927e-05 4.861516850206736e-07
3.3022848878172226 1.1985826352078454e-05 4.578458186985776e-07
3.304074887826573 8.650859128665264e-06 3.908733499668029e-07
3.3058648878359236 7.355663559669925e-06 3.4035391820531684e-07
3.307654887845274 7.206478553697987e-06 3.8312821109080774e-07
3.3094448878546245 8.882076902279723e-06 4.4908093005540557e-07
3.311234887863975 1.2496944044312899e-05 4.746217180556549e-07
3.3130248878733255 1.7766642784125808e-05 6.138065358175768e-07
3.314814887882676 1.2827166001175763e-05 4.878895325150924e-07
3.3166048878920265 9.608556779277185e-06 4.769833234650865e-07
3.318394887901377 9.023324699457983e-06 4.1838670022447815e-07
3.3201848879107274 8.911268615796186e-06 4.155733732668552e-07
3.321974887920078 9.559110725557484e-06 4.280446089137955e-07
3.3237648879294284 1.0738670061248198e-05 5.56224955160167e-07
3.325554887938779 1.0342019427478845e-05 4.349247747148487e-07
3.3273448879481293 9.557958586240921e-06 4.1921045742065887e-07
