#Target name PANSTARRS (C/2017 K2)
#Obs. Start 2022-08-21 21:24:50.752
#Obs. End 2022-08-21 21:30:34.329
#Instrument used NIRSPEC
#Grating used G395M/F290LP
#Lower wavelength (um) 3.255
#Upper wavelength (um) 3.328
#Spectral plate scale (um) 0.001790000009350478
#Center pixel for extract (x,y) = 29,25
#Pixel scale (arcsec/pixel) 0.09999908561794624
#Aperture size (arcsec) 0.09999908561794624 0.09999908561794624
#X offset (arcsec) -0.19999817123589247
#Y offset (arcsec) 0.39999634247178495
#Wave (micron) Flux (Jy) Noise (Jy)
3.25574488757411 1.3477414602707999e-05 3.651979309009873e-07
3.2575348875834607 1.3984534326683648e-05 3.8998506512358804e-07
3.259324887592811 1.6142352292602953e-05 4.2917385674636936e-07
3.2611148876021616 1.6830350716427213e-05 4.1691990807413596e-07
3.262904887611512 1.5491676009783556e-05 3.82666178568188e-07
3.2646948876208626 1.4568269970301025e-05 3.709400228995075e-07
3.266484887630213 1.4654963746688411e-05 3.6352951437024653e-07
3.2682748876395635 1.628331317571016e-05 3.8501800536328397e-07
3.270064887648914 1.987811874793159e-05 4.1816179209475903e-07
3.2718548876582645 1.956038472601121e-05 4.1599858888621704e-07
3.273644887667615 1.6170943279783157e-05 3.8817988808690996e-07
3.2754348876769654 1.4941788157091913e-05 3.7146577051954607e-07
3.277224887686316 1.549718834637362e-05 3.7073884682234495e-07
3.2790148876956664 1.780687351652595e-05 3.9513525675580493e-07
3.280804887705017 2.0439258115240785e-05 4.2480480548395937e-07
3.2825948877143674 1.8369018876296762e-05 4.0593482567354336e-07
3.284384887723718 1.5209535471589957e-05 3.677224104798542e-07
3.2861748877330683 1.4850433820262897e-05 3.6408218820339835e-07
3.287964887742419 1.4818388208345948e-05 3.6766645663220884e-07
3.2897548877517693 1.815699834385501e-05 4.1817070212157485e-07
3.2915448877611198 2.0198490586092697e-05 4.509082981022665e-07
3.2933348877704702 1.7585209084871007e-05 4.395486863669342e-07
3.2951248877798207 1.5110465836069095e-05 4.025280853261955e-07
3.296914887789171 1.4461008938051663e-05 3.9875774303548583e-07
3.2987048877985217 1.4934914771877304e-05 4.12881340353527e-07
3.300494887807872 1.8975661022061653e-05 4.657699706605047e-07
3.3022848878172226 2.1203541610918593e-05 5.041925840339812e-07
3.304074887826573 1.6779609962961897e-05 4.4890415848565375e-07
3.3058648878359236 1.4179345394501187e-05 4.139476296003928e-07
3.307654887845274 1.4808120271028222e-05 4.03712866722131e-07
3.3094448878546245 1.5165834872143049e-05 4.129608301210632e-07
3.311234887863975 2.0807689853515823e-05 4.834117677179483e-07
3.3130248878733255 2.9760326995325165e-05 6.187076109453296e-07
3.314814887882676 2.6827724478727592e-05 6.108885300543439e-07
3.3166048878920265 1.8093443290691394e-05 4.94605002914814e-07
3.318394887901377 1.586896801321523e-05 4.698767365108927e-07
3.3201848879107274 1.611686177060304e-05 4.738952986995944e-07
3.321974887920078 1.7343037469987718e-05 5.137836955411321e-07
3.3237648879294284 1.883857885855246e-05 5.641738198379795e-07
3.325554887938779 1.9424039573022026e-05 5.41673816649727e-07
3.3273448879481293 1.787319011762343e-05 5.259316485169997e-07
