#Target name PANSTARRS (C/2017 K2)
#Obs. Start 2022-08-21 21:24:50.752
#Obs. End 2022-08-21 21:30:34.329
#Instrument used NIRSPEC
#Grating used G395M/F290LP
#Lower wavelength (um) 3.255
#Upper wavelength (um) 3.328
#Spectral plate scale (um) 0.001790000009350478
#Center pixel for extract (x,y) = 29,25
#Pixel scale (arcsec/pixel) 0.09999908561794624
#Aperture size (arcsec) 0.09999908561794624 0.09999908561794624
#X offset (arcsec) -0.6999935993256237
#Y offset (arcsec) 0.2999972568538387
#Wave (micron) Flux (Jy) Noise (Jy)
3.25574488757411 9.514485724837908e-06 3.899138129280136e-07
3.2575348875834607 9.753867100380231e-06 3.8351080988379576e-07
3.259324887592811 1.0772648756718847e-05 3.90473799707703e-07
3.2611148876021616 1.1217617513266081e-05 3.970044290794244e-07
3.262904887611512 1.0314256008072331e-05 3.7102234258122106e-07
3.2646948876208626 9.718458317586686e-06 3.5570970498650225e-07
3.266484887630213 9.666265958243146e-06 3.8207119611713706e-07
3.2682748876395635 1.034331681704388e-05 4.0113873755987515e-07
3.270064887648914 1.2980439084356938e-05 4.540643809027765e-07
3.2718548876582645 1.3128821179233169e-05 4.58278683491904e-07
3.273644887667615 1.0723906539079693e-05 4.951741799108417e-07
3.2754348876769654 8.782443301287949e-06 3.342212700313693e-07
3.277224887686316 9.208006803960961e-06 3.266698261722856e-07
3.2790148876956664 1.2604254389918224e-05 4.775828169674499e-07
3.280804887705017 1.3413307239957607e-05 4.3140497789516783e-07
3.2825948877143674 1.2501686195943486e-05 4.4674625085908723e-07
3.284384887723718 1.0608197680650833e-05 4.208828526426193e-07
3.2861748877330683 9.64884579109801e-06 3.999217904067555e-07
3.287964887742419 9.694798666002667e-06 3.6223910152432463e-07
3.2897548877517693 1.1489283894653384e-05 3.9289250774182225e-07
3.2915448877611198 1.2287581950060728e-05 4.01770536914184e-07
3.2933348877704702 1.1268981408229462e-05 3.699209175682325e-07
3.2951248877798207 9.968364059897737e-06 3.6675937107203357e-07
3.296914887789171 9.746389402403471e-06 3.9269545045064067e-07
3.2987048877985217 1.0594178341854118e-05 4.066186282032301e-07
3.300494887807872 1.228323968491667e-05 4.373612747836473e-07
3.3022848878172226 1.3001991710731677e-05 4.2012337092290246e-07
3.304074887826573 1.1587748320805627e-05 4.069995738780353e-07
3.3058648878359236 1.0335695662031593e-05 3.6341077005060655e-07
3.307654887845274 1.0004096517627686e-05 3.6789867770846553e-07
3.3094448878546245 1.0526409238271941e-05 3.6031089326831223e-07
3.311234887863975 1.3431107568246888e-05 3.853715204838354e-07
3.3130248878733255 1.770068482561714e-05 4.565812393266311e-07
3.314814887882676 1.668795167653886e-05 4.2914275570937075e-07
3.3166048878920265 1.3201773564830173e-05 4.075894568797766e-07
3.318394887901377 1.0316533388511294e-05 3.451496140536535e-07
3.3201848879107274 1.0600722672493489e-05 3.3503723795882425e-07
3.321974887920078 1.1838097883320335e-05 4.1235671349157844e-07
3.3237648879294284 1.244769255419763e-05 5.987386717897231e-07
3.325554887938779 1.174518793426234e-05 3.488472471632717e-07
3.3273448879481293 1.2158831053889669e-05 3.566413631678018e-07
