#Target name PANSTARRS (C/2017 K2)
#Obs. Start 2022-08-21 21:24:50.752
#Obs. End 2022-08-21 21:30:34.329
#Instrument used NIRSPEC
#Grating used G395M/F290LP
#Lower wavelength (um) 3.255
#Upper wavelength (um) 3.328
#Spectral plate scale (um) 0.001790000009350478
#Center pixel for extract (x,y) = 29,25
#Pixel scale (arcsec/pixel) 0.09999908561794624
#Aperture size (arcsec) 0.09999908561794624 0.09999908561794624
#X offset (arcsec) 0.5999945137076774
#Y offset (arcsec) 0.2999972568538387
#Wave (micron) Flux (Jy) Noise (Jy)
3.25574488757411 6.825170201574837e-06 3.339349723772681e-07
3.2575348875834607 7.231879415050695e-06 3.443878627988044e-07
3.259324887592811 9.295146193764949e-06 3.558021675289307e-07
3.2611148876021616 9.93002247733417e-06 3.6112843025709316e-07
3.262904887611512 8.86552375359304e-06 3.4210395394396493e-07
3.2646948876208626 8.330610125590827e-06 3.6020856805469134e-07
3.266484887630213 7.573208084585874e-06 3.171940686915523e-07
3.2682748876395635 8.788018400331053e-06 3.271178772377321e-07
3.270064887648914 1.1536537745548962e-05 4.829342126957815e-07
3.2718548876582645 1.1672955523662382e-05 3.968491760650014e-07
3.273644887667615 9.146608985969055e-06 3.4805840158159583e-07
3.2754348876769654 8.227026973089746e-06 3.1922334130833425e-07
3.277224887686316 7.947725090986606e-06 3.290227737254716e-07
3.2790148876956664 1.0127439083559442e-05 3.491559039412692e-07
3.280804887705017 1.028627023026075e-05 3.301146442757426e-07
3.2825948877143674 9.467490993212748e-06 3.38286483775569e-07
3.284384887723718 8.43855526857835e-06 3.2235059260697794e-07
3.2861748877330683 8.383948348005625e-06 3.212434237087779e-07
3.287964887742419 8.62904021016833e-06 3.2293694522073556e-07
3.2897548877517693 1.0115369863839397e-05 3.427865796776571e-07
3.2915448877611198 1.1187862730885178e-05 3.4569029577524196e-07
3.2933348877704702 9.656507293401534e-06 3.35606975333897e-07
3.2951248877798207 8.071618173292189e-06 3.2045031924635983e-07
3.296914887789171 7.696094277823362e-06 3.088984974985853e-07
3.2987048877985217 8.147279207041203e-06 3.23698948646155e-07
3.300494887807872 1.0274433231616965e-05 3.6109155731593084e-07
3.3022848878172226 1.240583986068958e-05 3.979304834702737e-07
3.304074887826573 1.0387554483767536e-05 3.779723876491884e-07
3.3058648878359236 8.947261986009498e-06 3.4570060674967033e-07
3.307654887845274 8.736512841545092e-06 3.3999642439354577e-07
3.3094448878546245 8.254373470486766e-06 3.3117191141998357e-07
3.311234887863975 1.160683707259522e-05 3.979694298139027e-07
3.3130248878733255 1.6422418083420267e-05 4.35180503692044e-07
3.314814887882676 1.435753517154017e-05 3.974564027981861e-07
3.3166048878920265 1.030836082051871e-05 3.7380423227441837e-07
3.318394887901377 8.857806661688249e-06 3.7746471225335167e-07
3.3201848879107274 8.931197487850073e-06 3.671311825684049e-07
3.321974887920078 9.99449475891868e-06 3.884885448649075e-07
3.3237648879294284 1.0563991395153695e-05 3.810678374370271e-07
3.325554887938779 1.0784256224105793e-05 3.9655410847884563e-07
3.3273448879481293 1.085313622310682e-05 3.9033009050160744e-07
