#Target name PANSTARRS (C/2017 K2)
#Obs. Start 2022-08-21 21:24:50.752
#Obs. End 2022-08-21 21:30:34.329
#Instrument used NIRSPEC
#Grating used G395M/F290LP
#Lower wavelength (um) 3.255
#Upper wavelength (um) 3.328
#Spectral plate scale (um) 0.001790000009350478
#Center pixel for extract (x,y) = 29,25
#Pixel scale (arcsec/pixel) 0.09999908561794624
#Aperture size (arcsec) 0.09999908561794624 0.09999908561794624
#X offset (arcsec) 0.2999972568538387
#Y offset (arcsec) -0.7999926849435699
#Wave (micron) Flux (Jy) Noise (Jy)
3.25574488757411 5.7631075576182215e-06 3.0038874943461135e-07
3.2575348875834607 6.027397557560105e-06 3.2153692223360757e-07
3.259324887592811 7.190744006720273e-06 3.4194788837992655e-07
3.2611148876021616 7.34395029271928e-06 3.294197742599167e-07
3.262904887611512 5.70951425066213e-06 2.9791773001663936e-07
3.2646948876208626 5.663871601596795e-06 2.966286340614733e-07
3.266484887630213 5.856971047659223e-06 2.797090815362048e-07
3.2682748876395635 6.912851589991169e-06 3.066240590496067e-07
3.270064887648914 8.893279103541308e-06 3.3486057846488143e-07
3.2718548876582645 8.061612941670768e-06 3.1676719995400765e-07
3.273644887667615 5.810348856023191e-06 2.872374657975859e-07
3.2754348876769654 6.237563907817691e-06 2.9426190118377974e-07
3.277224887686316 6.006064599771014e-06 2.6494743663750285e-07
3.2790148876956664 7.90773464912097e-06 3.23861010265975e-07
3.280804887705017 9.938081176304807e-06 3.430283552166314e-07
3.2825948877143674 7.791245743061441e-06 2.9086222161239916e-07
3.284384887723718 7.117047886054718e-06 2.805892969211714e-07
3.2861748877330683 6.04176253815179e-06 2.689642336322127e-07
3.287964887742419 5.903058861837922e-06 2.5612152271632804e-07
3.2897548877517693 7.678579070392189e-06 2.5875059704394815e-07
3.2915448877611198 9.196456719388227e-06 3.067672358956095e-07
3.2933348877704702 7.134520056375235e-06 2.7313908553657063e-07
3.2951248877798207 5.745519725062813e-06 2.680645730943839e-07
3.296914887789171 5.749060424020874e-06 2.653144008551347e-07
3.2987048877985217 6.7253935918507745e-06 2.6791856633420364e-07
3.300494887807872 8.931309563659078e-06 3.1374176952784426e-07
3.3022848878172226 9.803333776048788e-06 3.20824568391577e-07
3.304074887826573 6.977933115673425e-06 2.9932823209190923e-07
3.3058648878359236 6.16774919656957e-06 2.801265639247454e-07
3.307654887845274 6.576456049265118e-06 2.5966272601552863e-07
3.3094448878546245 6.502805655529638e-06 2.6870561870293556e-07
3.311234887863975 1.0382553212866533e-05 3.4981748744182094e-07
3.3130248878733255 1.6170638433582665e-05 5.302469033910877e-07
3.314814887882676 1.1374815939581818e-05 4.77009044863253e-07
3.3166048878920265 7.130800484426004e-06 3.9956466084136373e-07
3.318394887901377 6.9705141454205844e-06 3.295858425899086e-07
3.3201848879107274 7.312327430753896e-06 3.5407213732218996e-07
3.321974887920078 8.407261909491439e-06 3.2867662758936224e-07
3.3237648879294284 8.940555369598687e-06 3.537911072311119e-07
3.325554887938779 8.13028851439617e-06 3.119402909928633e-07
3.3273448879481293 8.269140579081157e-06 3.476780443047879e-07
