#Target name PANSTARRS (C/2017 K2)
#Obs. Start 2022-08-21 21:24:50.752
#Obs. End 2022-08-21 21:30:34.329
#Instrument used NIRSPEC
#Grating used G395M/F290LP
#Lower wavelength (um) 3.255
#Upper wavelength (um) 3.328
#Spectral plate scale (um) 0.001790000009350478
#Center pixel for extract (x,y) = 29,25
#Pixel scale (arcsec/pixel) 0.09999908561794624
#Aperture size (arcsec) 0.09999908561794624 0.09999908561794624
#X offset (arcsec) -0.2999972568538387
#Y offset (arcsec) -0.39999634247178495
#Wave (micron) Flux (Jy) Noise (Jy)
3.25574488757411 1.110077086122421e-05 4.554324062464338e-07
3.2575348875834607 1.1080715567657766e-05 4.402101858106291e-07
3.259324887592811 1.293054024436886e-05 4.718681275042313e-07
3.2611148876021616 1.3339945105202887e-05 5.044645359845299e-07
3.262904887611512 1.2273663031188881e-05 5.74184319022424e-07
3.2646948876208626 1.1114427074399751e-05 4.604773026560912e-07
3.266484887630213 1.1230366360691925e-05 4.5859731501690285e-07
3.2682748876395635 1.3079575068756733e-05 5.092690578028256e-07
3.270064887648914 1.6729697673876738e-05 5.857859024293963e-07
3.2718548876582645 1.4881085209115832e-05 5.207790752738415e-07
3.273644887667615 1.2094881493878355e-05 4.509882922109432e-07
3.2754348876769654 1.1326504093049239e-05 4.3521404237788844e-07
3.277224887686316 1.1878734778452306e-05 4.5134225563473064e-07
3.2790148876956664 1.544605487927355e-05 4.986611945563888e-07
3.280804887705017 1.74118161524574e-05 5.164917833141e-07
3.2825948877143674 1.4150273826251975e-05 4.567222026754062e-07
3.284384887723718 1.255615683233246e-05 4.1162068363489573e-07
3.2861748877330683 1.1583735110236804e-05 4.095130980465721e-07
3.287964887742419 1.163243339415883e-05 4.0007471784814173e-07
3.2897548877517693 1.48528734864733e-05 4.5319624168623007e-07
3.2915448877611198 1.4925086171730874e-05 4.700688904854303e-07
3.2933348877704702 1.2788207553359438e-05 4.1842763591371696e-07
3.2951248877798207 1.108547027177896e-05 3.796950768904394e-07
3.296914887789171 1.1008129894107825e-05 3.744864657427791e-07
3.2987048877985217 1.2267493482054819e-05 3.937706497243223e-07
3.300494887807872 1.6538144873978567e-05 4.742816240132318e-07
3.3022848878172226 1.6249032323858437e-05 4.4724647321362515e-07
3.304074887826573 1.2829810093661789e-05 3.764328863177547e-07
3.3058648878359236 1.153062731568532e-05 3.7412039813161916e-07
3.307654887845274 1.171684530707489e-05 3.328911543301077e-07
3.3094448878546245 1.2887959506405519e-05 3.5192633388299584e-07
3.311234887863975 1.9153241106699653e-05 4.50625642911958e-07
3.3130248878733255 2.367920477796081e-05 4.639706495848471e-07
3.314814887882676 1.9162067300810348e-05 4.066961006062042e-07
3.3166048878920265 1.4003021455530504e-05 3.5007198358511724e-07
3.318394887901377 1.2523119573657443e-05 3.3899371014933763e-07
3.3201848879107274 1.2650336376154855e-05 3.422622049862788e-07
3.321974887920078 1.4386014979517842e-05 3.570401569151909e-07
3.3237648879294284 1.4893222570927747e-05 3.426010942137552e-07
3.325554887938779 1.4438498735964792e-05 3.4162987327187723e-07
3.3273448879481293 1.4420612333454196e-05 3.3713434445900597e-07
