#Target name PANSTARRS (C/2017 K2)
#Obs. Start 2022-08-21 21:24:50.752
#Obs. End 2022-08-21 21:30:34.329
#Instrument used NIRSPEC
#Grating used G395M/F290LP
#Lower wavelength (um) 3.255
#Upper wavelength (um) 3.328
#Spectral plate scale (um) 0.001790000009350478
#Center pixel for extract (x,y) = 29,25
#Pixel scale (arcsec/pixel) 0.09999908561794624
#Aperture size (arcsec) 0.09999908561794624 0.09999908561794624
#X offset (arcsec) 0.5999945137076774
#Y offset (arcsec) -0.7999926849435699
#Wave (micron) Flux (Jy) Noise (Jy)
3.25574488757411 5.228995944105242e-06 2.5537123121294954e-07
3.2575348875834607 5.247923755033105e-06 2.928034026433038e-07
3.259324887592811 5.910104395495161e-06 2.9442788545691496e-07
3.2611148876021616 6.174754382935567e-06 3.5546826567495503e-07
3.262904887611512 5.211023019070096e-06 2.7925021515518946e-07
3.2646948876208626 5.402085823531301e-06 2.5600754161857075e-07
3.266484887630213 5.407003710030404e-06 2.5825253214873353e-07
3.2682748876395635 5.832157911848933e-06 2.596843846656187e-07
3.270064887648914 8.110466338512455e-06 2.862605850273532e-07
3.2718548876582645 7.766598031145241e-06 2.895345155410311e-07
3.273644887667615 5.710701805934338e-06 2.4436009118676347e-07
3.2754348876769654 5.622073152780304e-06 2.56804456658495e-07
3.277224887686316 5.61519124980421e-06 2.4959498411163526e-07
3.2790148876956664 6.548515550080376e-06 2.4812583836930396e-07
3.280804887705017 8.094361493061788e-06 2.786628258401985e-07
3.2825948877143674 6.971225602656143e-06 3.5452610038656135e-07
3.284384887723718 5.354731104407618e-06 4.7570588339405694e-07
3.2861748877330683 5.681287285709573e-06 2.6862313090750846e-07
3.287964887742419 5.419393018260962e-06 2.7083323784211866e-07
3.2897548877517693 6.418220249261238e-06 2.827321023324746e-07
3.2915448877611198 7.2422894644942395e-06 3.133224939263596e-07
3.2933348877704702 6.020354713722283e-06 3.235110815713117e-07
3.2951248877798207 5.573845587256096e-06 2.984233600289617e-07
3.296914887789171 5.168453488687656e-06 2.916916946748391e-07
3.2987048877985217 5.106243793535323e-06 3.0164114056232855e-07
3.300494887807872 7.224676975260851e-06 3.251772285669201e-07
3.3022848878172226 8.03094272408192e-06 3.2998558898167433e-07
3.304074887826573 5.951496681579822e-06 3.0335718931189607e-07
3.3058648878359236 5.126848258565888e-06 2.7242726405463287e-07
3.307654887845274 5.768232560212364e-06 3.263394827252458e-07
3.3094448878546245 5.912938568553259e-06 3.2631698350658816e-07
3.311234887863975 7.7644192774182e-06 3.469742082242416e-07
3.3130248878733255 1.1765604560237014e-05 3.914276208802331e-07
3.314814887882676 1.0203222952395124e-05 4.2239946249006386e-07
3.3166048878920265 6.47026153041424e-06 3.1996584354298696e-07
3.318394887901377 6.333204023583027e-06 3.5591920269248336e-07
3.3201848879107274 6.199059142876214e-06 4.404391286694724e-07
3.321974887920078 7.096131401971887e-06 3.71797458876294e-07
3.3237648879294284 7.292735234430257e-06 4.1178156845872125e-07
3.325554887938779 7.349073053797244e-06 3.868159535102813e-07
3.3273448879481293 7.5306210703772294e-06 4.4491963932393706e-07
