#Target name PANSTARRS (C/2017 K2)
#Obs. Start 2022-08-21 21:24:50.752
#Obs. End 2022-08-21 21:30:34.329
#Instrument used NIRSPEC
#Grating used G395M/F290LP
#Lower wavelength (um) 3.255
#Upper wavelength (um) 3.328
#Spectral plate scale (um) 0.001790000009350478
#Center pixel for extract (x,y) = 29,25
#Pixel scale (arcsec/pixel) 0.09999908561794624
#Aperture size (arcsec) 0.09999908561794624 0.09999908561794624
#X offset (arcsec) 0.19999817123589247
#Y offset (arcsec) 0.39999634247178495
#Wave (micron) Flux (Jy) Noise (Jy)
3.25574488757411 1.1602039331363367e-05 4.128506035629076e-07
3.2575348875834607 1.2728951728229218e-05 4.3039948977468685e-07
3.259324887592811 1.4691478941868445e-05 4.691724801460627e-07
3.2611148876021616 1.4714702842707057e-05 4.7416814725661506e-07
3.262904887611512 1.2144748952639911e-05 4.58835616205798e-07
3.2646948876208626 1.2868097879837036e-05 4.989771362619717e-07
3.266484887630213 1.3434064576391654e-05 4.4628822504663936e-07
3.2682748876395635 1.3887863113475473e-05 5.012799579095805e-07
3.270064887648914 1.7745009463168585e-05 5.503171590780341e-07
3.2718548876582645 1.6719289865949372e-05 5.267855541058027e-07
3.273644887667615 1.3809280935840573e-05 4.660023878694271e-07
3.2754348876769654 1.3001791767488415e-05 4.981618968272752e-07
3.277224887686316 1.2258319404632973e-05 4.920938323382663e-07
3.2790148876956664 1.406704633048547e-05 5.678518676999743e-07
3.280804887705017 1.8424154794687988e-05 6.256315423497989e-07
3.2825948877143674 1.6125897770628193e-05 5.768673018141751e-07
3.284384887723718 1.3588141915578243e-05 5.132935319904522e-07
3.2861748877330683 1.29627015185207e-05 4.6312943658141396e-07
3.287964887742419 1.2552548887888997e-05 4.875153113888275e-07
3.2897548877517693 1.5328011257591515e-05 5.228242906744543e-07
3.2915448877611198 1.7275922889130124e-05 5.80778075093567e-07
3.2933348877704702 1.545503170327155e-05 5.84652816000364e-07
3.2951248877798207 1.3140724526755887e-05 5.230543823103399e-07
3.296914887789171 1.274759038356985e-05 4.961362946932382e-07
3.2987048877985217 1.336657880045464e-05 5.340039646984304e-07
3.300494887807872 1.759838202715812e-05 6.173593389630093e-07
3.3022848878172226 1.9561421203092883e-05 6.033156797157403e-07
3.304074887826573 1.550589798164295e-05 4.841338721553624e-07
3.3058648878359236 1.2698555872220813e-05 4.7611008479923046e-07
3.307654887845274 1.301586041964109e-05 4.671977604293135e-07
3.3094448878546245 1.314601360833441e-05 4.4756583323138256e-07
3.311234887863975 1.8525250760835646e-05 5.381999709117379e-07
3.3130248878733255 2.6177864107797747e-05 6.343813007587553e-07
3.314814887882676 2.2912299604958776e-05 5.768307651004398e-07
3.3166048878920265 1.5785673271963326e-05 4.852221842986974e-07
3.318394887901377 1.3743170554231657e-05 4.4978131980482494e-07
3.3201848879107274 1.338840847822924e-05 4.392386846792286e-07
3.321974887920078 1.4990867498764552e-05 4.649021116334808e-07
3.3237648879294284 1.698809965911678e-05 4.7401964680968445e-07
3.325554887938779 1.6653037820517878e-05 4.6626618630487076e-07
3.3273448879481293 1.582417355387244e-05 4.6274271900244506e-07
