#Target name PANSTARRS (C/2017 K2)
#Obs. Start 2022-08-21 21:24:50.752
#Obs. End 2022-08-21 21:30:34.329
#Instrument used NIRSPEC
#Grating used G395M/F290LP
#Lower wavelength (um) 3.255
#Upper wavelength (um) 3.328
#Spectral plate scale (um) 0.001790000009350478
#Center pixel for extract (x,y) = 29,25
#Pixel scale (arcsec/pixel) 0.09999908561794624
#Aperture size (arcsec) 0.09999908561794624 0.09999908561794624
#X offset (arcsec) -0.7999926849435699
#Y offset (arcsec) 0.19999817123589247
#Wave (micron) Flux (Jy) Noise (Jy)
3.25574488757411 8.682898464336906e-06 2.686564734606872e-07
3.2575348875834607 8.911113502876524e-06 2.685224868310227e-07
3.259324887592811 9.798927851845217e-06 2.8982616481501225e-07
3.2611148876021616 9.977720148433407e-06 2.722152726619015e-07
3.262904887611512 9.127366017866272e-06 2.5970150424544413e-07
3.2646948876208626 8.890720188670125e-06 2.5577349931041784e-07
3.266484887630213 9.157190735551994e-06 2.6660478568210437e-07
3.2682748876395635 9.865781520219446e-06 2.786798333442149e-07
3.270064887648914 1.1510491327536392e-05 2.8963333838562056e-07
3.2718548876582645 1.0957260925917007e-05 2.806067527284238e-07
3.273644887667615 9.390868797325712e-06 2.676911925366864e-07
3.2754348876769654 9.014727139997654e-06 2.5221296293416395e-07
3.277224887686316 9.101227249387082e-06 2.508048985077399e-07
3.2790148876956664 1.023910872983179e-05 2.7268007906079404e-07
3.280804887705017 1.2171540450630742e-05 2.995610415661632e-07
3.2825948877143674 1.1291726521212007e-05 2.9106788072192185e-07
3.284384887723718 9.533235559381071e-06 2.714158919541791e-07
3.2861748877330683 9.4059918586895e-06 2.696011044168789e-07
3.287964887742419 9.73177651012227e-06 2.755092087074866e-07
3.2897548877517693 1.054540832941433e-05 2.787720437160731e-07
3.2915448877611198 1.1424137365001905e-05 2.8933894325431884e-07
3.2933348877704702 1.0492673523155212e-05 2.8433652357627395e-07
3.2951248877798207 9.197786386786254e-06 2.7087212814784307e-07
3.296914887789171 9.345346293527629e-06 2.6747539056644885e-07
3.2987048877985217 9.821352876317244e-06 2.781998967111067e-07
3.300494887807872 1.1164080244214492e-05 2.9314697103580617e-07
3.3022848878172226 1.2086485670874234e-05 3.0450170747344674e-07
3.304074887826573 1.0409996543762534e-05 2.803102841946555e-07
3.3058648878359236 9.197408018855055e-06 2.6611380958180935e-07
3.307654887845274 9.314321916382329e-06 2.7708460231675385e-07
3.3094448878546245 9.355026953606176e-06 2.7352202055698573e-07
3.311234887863975 1.230343843551864e-05 2.933960875402702e-07
3.3130248878733255 1.6984333911934238e-05 3.446642417438087e-07
3.314814887882676 1.4956325734429462e-05 3.399393217688582e-07
3.3166048878920265 1.0844254439394856e-05 2.924358500276746e-07
3.318394887901377 9.388612935442075e-06 2.720332895670309e-07
3.3201848879107274 9.442612853433234e-06 2.749810514575544e-07
3.321974887920078 1.0455920727260087e-05 3.0904677379389785e-07
3.3237648879294284 1.080548069251177e-05 3.254274938484265e-07
3.325554887938779 1.1158146502582574e-05 2.988575977509484e-07
3.3273448879481293 1.1355080734525889e-05 3.093899499210687e-07
