#Target name PANSTARRS (C/2017 K2)
#Obs. Start 2022-08-21 21:24:50.752
#Obs. End 2022-08-21 21:30:34.329
#Instrument used NIRSPEC
#Grating used G395M/F290LP
#Lower wavelength (um) 3.255
#Upper wavelength (um) 3.328
#Spectral plate scale (um) 0.001790000009350478
#Center pixel for extract (x,y) = 29,25
#Pixel scale (arcsec/pixel) 0.09999908561794624
#Aperture size (arcsec) 0.09999908561794624 0.09999908561794624
#X offset (arcsec) 0.19999817123589247
#Y offset (arcsec) -0.6999935993256237
#Wave (micron) Flux (Jy) Noise (Jy)
3.25574488757411 6.5937928320083565e-06 3.1782029227436315e-07
3.2575348875834607 7.5748614269203036e-06 3.452069688489114e-07
3.259324887592811 8.495705861712236e-06 3.3201892434653266e-07
3.2611148876021616 7.770724214129538e-06 3.7348854273940587e-07
3.262904887611512 6.992141190132503e-06 3.2726234295553846e-07
3.2646948876208626 6.731427305104324e-06 3.0563025483221436e-07
3.266484887630213 7.455627560146642e-06 3.24865265552557e-07
3.2682748876395635 8.470620605837682e-06 3.6813229973233476e-07
3.270064887648914 1.1097385275185811e-05 3.927378151064442e-07
3.2718548876582645 9.416077784893404e-06 4.028080787160402e-07
3.273644887667615 7.787790221718224e-06 3.592940574721695e-07
3.2754348876769654 7.184652910652513e-06 3.5000745593808303e-07
3.277224887686316 7.606248033080306e-06 4.6847562078462696e-07
3.2790148876956664 1.0523469265650143e-05 4.3983672119607496e-07
3.280804887705017 1.1849755560669714e-05 4.1937022148639436e-07
3.2825948877143674 9.303535740523766e-06 3.889947072373226e-07
3.284384887723718 7.4632608193463e-06 3.227201625871692e-07
3.2861748877330683 7.87628707372087e-06 3.980984010511142e-07
3.287964887742419 6.349052887885926e-06 3.3099673693051e-07
3.2897548877517693 1.0039914152972478e-05 4.437160852299934e-07
3.2915448877611198 1.0461066351803087e-05 4.1264012519359774e-07
3.2933348877704702 8.240986239252836e-06 3.885144063578352e-07
3.2951248877798207 7.327911796147545e-06 3.907763483541098e-07
3.296914887789171 6.778660982354283e-06 4.0901719061068086e-07
3.2987048877985217 7.641146646791265e-06 4.0427246123648883e-07
3.300494887807872 1.0327786696341788e-05 4.965859428389629e-07
3.3022848878172226 1.1532702063061606e-05 5.199135698388068e-07
3.304074887826573 7.688992257958385e-06 4.156055390240394e-07
3.3058648878359236 7.126163684055883e-06 3.8253549817488913e-07
3.307654887845274 7.504997850619456e-06 4.6421466664000146e-07
3.3094448878546245 7.6182015905654566e-06 4.0038334660718694e-07
3.311234887863975 1.3235294094393615e-05 5.450736363158689e-07
3.3130248878733255 1.7411622485459442e-05 5.839482514270592e-07
3.314814887882676 1.2732896796706167e-05 4.772053456427238e-07
3.3166048878920265 8.240228606783967e-06 3.9906984614461024e-07
3.318394887901377 7.867913665878548e-06 3.8543369453888044e-07
3.3201848879107274 8.245426234502346e-06 3.9743373546581495e-07
3.321974887920078 8.981351860682681e-06 4.48938565759018e-07
3.3237648879294284 1.0044395392119701e-05 4.345115512070503e-07
3.325554887938779 9.846494618399536e-06 4.1093357486884334e-07
3.3273448879481293 9.382299929272488e-06 4.0147636593450023e-07
