#Target name PANSTARRS (C/2017 K2)
#Obs. Start 2022-08-21 21:24:50.752
#Obs. End 2022-08-21 21:30:34.329
#Instrument used NIRSPEC
#Grating used G395M/F290LP
#Lower wavelength (um) 3.255
#Upper wavelength (um) 3.328
#Spectral plate scale (um) 0.001790000009350478
#Center pixel for extract (x,y) = 29,25
#Pixel scale (arcsec/pixel) 0.09999908561794624
#Aperture size (arcsec) 0.09999908561794624 0.09999908561794624
#X offset (arcsec) -0.7999926849435699
#Y offset (arcsec) 0.0
#Wave (micron) Flux (Jy) Noise (Jy)
3.25574488757411 8.870447019730976e-06 3.450291045400218e-07
3.2575348875834607 9.871273234860651e-06 3.7581851475174597e-07
3.259324887592811 1.0536934501647142e-05 3.937141635165841e-07
3.2611148876021616 1.086972433944591e-05 3.8441691478064227e-07
3.262904887611512 9.234764230905855e-06 3.469429110545772e-07
3.2646948876208626 8.548014779897138e-06 3.167691052427607e-07
3.266484887630213 8.3568905578926e-06 3.2462617983299885e-07
3.2682748876395635 1.0071799272330933e-05 3.5904973220854037e-07
3.270064887648914 1.285560456525572e-05 4.0026474238230833e-07
3.2718548876582645 1.1108389326417077e-05 3.76528122736456e-07
3.273644887667615 8.822575406976166e-06 3.0919359310369334e-07
3.2754348876769654 8.755792570513226e-06 3.47734754664144e-07
3.277224887686316 8.959454040816209e-06 3.254038458527266e-07
3.2790148876956664 9.814734127340693e-06 3.50007231786465e-07
3.280804887705017 1.2163372365670518e-05 4.054251048941923e-07
3.2825948877143674 1.1194455478274041e-05 3.549107445630637e-07
3.284384887723718 1.0201953357630724e-05 3.6245224169409834e-07
3.2861748877330683 9.811555657397335e-06 3.440527841488341e-07
3.287964887742419 9.080619646233864e-06 3.316437225569389e-07
3.2897548877517693 1.1240612779454323e-05 3.6934280252643664e-07
3.2915448877611198 1.1112319152584e-05 3.6410384685348846e-07
3.2933348877704702 1.0233801716123825e-05 3.501000305563205e-07
3.2951248877798207 9.247034290475634e-06 3.6134588534551357e-07
3.296914887789171 8.928058468591486e-06 3.27097675573159e-07
3.2987048877985217 9.521609263258214e-06 3.5291517874583977e-07
3.300494887807872 1.1213690376918576e-05 3.90874582800702e-07
3.3022848878172226 1.1878347444456388e-05 3.9942994571894064e-07
3.304074887826573 1.0277670877587477e-05 3.4499225961781165e-07
3.3058648878359236 9.464453290485498e-06 3.7229014413267633e-07
3.307654887845274 9.126071318120657e-06 3.759835183615524e-07
3.3094448878546245 9.843519678125328e-06 3.814508845332512e-07
3.311234887863975 1.3395332970012752e-05 4.537521376988908e-07
3.3130248878733255 1.733102473647541e-05 4.63465495894713e-07
3.314814887882676 1.512402611235213e-05 4.3442480453088103e-07
3.3166048878920265 1.0714429408670301e-05 3.7252306568273926e-07
3.318394887901377 1.0246417865791807e-05 3.887947920130114e-07
3.3201848879107274 1.0060580932152849e-05 3.6600798682951724e-07
3.321974887920078 1.1033396264489728e-05 4.034216097134813e-07
3.3237648879294284 1.1712646498966358e-05 4.1178630366165163e-07
3.325554887938779 1.2045470407811065e-05 3.8516653382916677e-07
3.3273448879481293 1.2001114389033096e-05 4.316158765487615e-07
