#Target name PANSTARRS (C/2017 K2)
#Obs. Start 2022-08-21 21:24:50.752
#Obs. End 2022-08-21 21:30:34.329
#Instrument used NIRSPEC
#Grating used G395M/F290LP
#Lower wavelength (um) 3.255
#Upper wavelength (um) 3.328
#Spectral plate scale (um) 0.001790000009350478
#Center pixel for extract (x,y) = 29,25
#Pixel scale (arcsec/pixel) 0.09999908561794624
#Aperture size (arcsec) 0.09999908561794624 0.09999908561794624
#X offset (arcsec) 0.09999908561794624
#Y offset (arcsec) -0.09999908561794624
#Wave (micron) Flux (Jy) Noise (Jy)
3.25574488757411 3.5976962314872654e-05 5.894289826389817e-07
3.2575348875834607 3.762946183921862e-05 6.223726019755754e-07
3.259324887592811 4.505154510973031e-05 7.008560408227425e-07
3.2611148876021616 4.514189793713007e-05 6.978048889984126e-07
3.262904887611512 3.98081259056127e-05 6.357721615484973e-07
3.2646948876208626 3.6235959646810125e-05 5.953669831516413e-07
3.266484887630213 3.701839225069483e-05 6.278556307415825e-07
3.2682748876395635 4.352832906579979e-05 6.919469106133821e-07
3.270064887648914 6.184313014873269e-05 1.0061847837097833e-06
3.2718548876582645 5.092706111735384e-05 7.756366630541249e-07
3.273644887667615 3.9223305368164166e-05 6.543968074130031e-07
3.2754348876769654 3.6220889485228185e-05 6.319876416679486e-07
3.277224887686316 3.6257553517082574e-05 6.379126974246681e-07
3.2790148876956664 4.6849510068098996e-05 7.839666415204562e-07
3.280804887705017 5.658046259687346e-05 8.489862453182375e-07
3.2825948877143674 4.6667516886405645e-05 7.115033547539487e-07
3.284384887723718 3.970254511389193e-05 6.79215322862125e-07
3.2861748877330683 3.7274538374051234e-05 6.614094468202992e-07
3.287964887742419 3.861862679057303e-05 7.128693907519962e-07
3.2897548877517693 4.7508921091168934e-05 8.467914647505085e-07
3.2915448877611198 5.075899402738411e-05 8.477735850648123e-07
3.2933348877704702 4.266415464307273e-05 7.685796976643676e-07
3.2951248877798207 3.7428665026593786e-05 7.697637225485923e-07
3.296914887789171 3.604299200189908e-05 7.383312773827066e-07
3.2987048877985217 3.700565326594018e-05 7.621667198731484e-07
3.300494887807872 5.021378556387001e-05 9.72775097121446e-07
3.3022848878172226 5.6365606994767146e-05 9.87976723627346e-07
3.304074887826573 4.405011458183849e-05 7.683555460463592e-07
3.3058648878359236 3.6559738589564956e-05 6.581329665819665e-07
3.307654887845274 3.7087362806949535e-05 6.526062282504479e-07
3.3094448878546245 3.878389646835001e-05 6.636711366460037e-07
3.311234887863975 5.8885533830120716e-05 8.890349666045557e-07
3.3130248878733255 8.150355822489339e-05 1.0617841355712408e-06
3.314814887882676 6.694197335244784e-05 8.998712403497429e-07
3.3166048878920265 4.5074433679748386e-05 7.092222197753821e-07
3.318394887901377 3.884804328178517e-05 6.629825989133865e-07
3.3201848879107274 4.0392186120772964e-05 6.868607983249633e-07
3.321974887920078 4.589489674375086e-05 7.055272484662278e-07
3.3237648879294284 4.841161372793455e-05 7.216504743495693e-07
3.325554887938779 4.6863550925451033e-05 6.991035674352485e-07
3.3273448879481293 4.2358978491399644e-05 6.866674675544311e-07
