#Target name PANSTARRS (C/2017 K2)
#Obs. Start 2022-08-21 21:24:50.752
#Obs. End 2022-08-21 21:30:34.329
#Instrument used NIRSPEC
#Grating used G395M/F290LP
#Lower wavelength (um) 3.255
#Upper wavelength (um) 3.328
#Spectral plate scale (um) 0.001790000009350478
#Center pixel for extract (x,y) = 29,25
#Pixel scale (arcsec/pixel) 0.09999908561794624
#Aperture size (arcsec) 0.09999908561794624 0.09999908561794624
#X offset (arcsec) 0.39999634247178495
#Y offset (arcsec) -0.6999935993256237
#Wave (micron) Flux (Jy) Noise (Jy)
3.25574488757411 6.436080201880909e-06 2.524444555176621e-07
3.2575348875834607 6.798198037379891e-06 2.602408410573244e-07
3.259324887592811 7.707510768031764e-06 2.9539254996396615e-07
3.2611148876021616 8.086202374166285e-06 2.9883027927250367e-07
3.262904887611512 6.7291736847368676e-06 2.711953267620589e-07
3.2646948876208626 6.185318648692302e-06 2.744528101507654e-07
3.266484887630213 5.631125740025189e-06 2.4269789486342246e-07
3.2682748876395635 6.581527703774175e-06 2.4937654835988614e-07
3.270064887648914 9.789614800420204e-06 3.4261434717816995e-07
3.2718548876582645 9.581631686922022e-06 3.169912114772547e-07
3.273644887667615 6.992305717420121e-06 2.94382354659507e-07
3.2754348876769654 6.5369959501276896e-06 2.840564741485247e-07
3.277224887686316 6.24616146727802e-06 2.801071467908354e-07
3.2790148876956664 7.665376540091498e-06 2.7361876999910857e-07
3.280804887705017 9.836618498110085e-06 3.2320578706758435e-07
3.2825948877143674 8.897079818376258e-06 3.1769053650648856e-07
3.284384887723718 7.651544592047436e-06 3.074106350961503e-07
3.2861748877330683 6.343500652307859e-06 2.7712864810969253e-07
3.287964887742419 6.515349180073386e-06 3.0541781513624695e-07
3.2897548877517693 8.560711624147604e-06 3.241708998778716e-07
3.2915448877611198 9.472350600291168e-06 3.4190510343983927e-07
3.2933348877704702 7.929499771229583e-06 3.4493868738110767e-07
3.2951248877798207 6.542350035675437e-06 3.2252366567503265e-07
3.296914887789171 6.3169799294715815e-06 3.1185715876153445e-07
3.2987048877985217 6.38271059823959e-06 3.2285798781329215e-07
3.300494887807872 9.502161868879808e-06 3.719075453396883e-07
3.3022848878172226 1.0276380660874222e-05 4.022346428392703e-07
3.304074887826573 7.369968467627984e-06 3.4601607213306487e-07
3.3058648878359236 6.5281805152946575e-06 3.374346515892327e-07
3.307654887845274 6.837021545922175e-06 3.110211853021723e-07
3.3094448878546245 7.267670600504562e-06 3.348971712165213e-07
3.311234887863975 1.0167965696095353e-05 3.5506249520845534e-07
3.3130248878733255 1.5542350414369943e-05 4.670868894352561e-07
3.314814887882676 1.1643072526555979e-05 4.165119241104085e-07
3.3166048878920265 7.519698162031682e-06 3.528567872493486e-07
3.318394887901377 7.844501477680812e-06 4.184591292160471e-07
3.3201848879107274 8.256309243859888e-06 4.451948134539946e-07
3.321974887920078 8.377862183273463e-06 4.2839843224282166e-07
3.3237648879294284 8.848915015305093e-06 3.985568751667981e-07
3.325554887938779 8.612415332963886e-06 4.070628406722182e-07
3.3273448879481293 8.20100476345192e-06 3.9069867981846993e-07
