#Target name PANSTARRS (C/2017 K2)
#Obs. Start 2022-08-21 21:24:50.752
#Obs. End 2022-08-21 21:30:34.329
#Instrument used NIRSPEC
#Grating used G395M/F290LP
#Lower wavelength (um) 3.255
#Upper wavelength (um) 3.328
#Spectral plate scale (um) 0.001790000009350478
#Center pixel for extract (x,y) = 29,25
#Pixel scale (arcsec/pixel) 0.09999908561794624
#Aperture size (arcsec) 0.09999908561794624 0.09999908561794624
#X offset (arcsec) 0.4999954280897312
#Y offset (arcsec) 0.0
#Wave (micron) Flux (Jy) Noise (Jy)
3.25574488757411 9.58996026444074e-06 4.1142956636159136e-07
3.2575348875834607 1.0998315639664949e-05 4.3593656709958615e-07
3.259324887592811 1.289341894321373e-05 5.042502470377139e-07
3.2611148876021616 1.3725003513895316e-05 5.00930673650819e-07
3.262904887611512 1.139628518155466e-05 4.3408280519970474e-07
3.2646948876208626 1.106698224632563e-05 4.294813927662768e-07
3.266484887630213 1.0708733267753472e-05 3.8330475850894155e-07
3.2682748876395635 1.1822714806079658e-05 5.618387763952819e-07
3.270064887648914 1.5793767835192844e-05 5.144523958555555e-07
3.2718548876582645 1.4206637198903412e-05 5.144892127588134e-07
3.273644887667615 1.1401132236142473e-05 5.317134153519074e-07
3.2754348876769654 1.051322912313305e-05 4.640385395061514e-07
3.277224887686316 1.1217376326125104e-05 5.1043117186639e-07
3.2790148876956664 1.3240653111276958e-05 5.399889249750627e-07
3.280804887705017 1.468797141734985e-05 5.280855214144421e-07
3.2825948877143674 1.3635300726187786e-05 5.189749349383967e-07
3.284384887723718 1.144275898481957e-05 5.270037657059338e-07
3.2861748877330683 1.021014385775275e-05 4.446480236008155e-07
3.287964887742419 1.165588682625428e-05 4.896069822122726e-07
3.2897548877517693 1.2783752315799903e-05 5.039786313145922e-07
3.2915448877611198 1.3966915112901717e-05 5.15845217971955e-07
3.2933348877704702 1.2392098469899196e-05 4.992889311626212e-07
3.2951248877798207 1.1150580937171556e-05 5.005328605667586e-07
3.296914887789171 1.078092981409455e-05 4.478713238677757e-07
3.2987048877985217 1.144468668873444e-05 4.790265215011374e-07
3.300494887807872 1.449335401653027e-05 5.301683382489757e-07
3.3022848878172226 1.6853624827228256e-05 5.454648929651025e-07
3.304074887826573 1.4219825383500552e-05 4.711350396375349e-07
3.3058648878359236 1.2176379435760308e-05 4.553735104088021e-07
3.307654887845274 1.1876031509939126e-05 5.083376517920964e-07
3.3094448878546245 1.1638055116738479e-05 4.559272209431873e-07
3.311234887863975 1.6618326597559573e-05 4.820438824690524e-07
3.3130248878733255 2.3508946381773437e-05 5.653106047687089e-07
3.314814887882676 2.0845121380510275e-05 5.145752869801287e-07
3.3166048878920265 1.3902320892837012e-05 4.423583428418123e-07
3.318394887901377 1.1396010819974217e-05 4.096696399327987e-07
3.3201848879107274 1.2223804538492046e-05 4.19005442747038e-07
3.321974887920078 1.3520150453591001e-05 4.2633312725344485e-07
3.3237648879294284 1.4382237576451165e-05 4.21780271664268e-07
3.325554887938779 1.4397113174428672e-05 4.082388241171468e-07
3.3273448879481293 1.3652485085830778e-05 3.908523077336624e-07
