#Target name PANSTARRS (C/2017 K2)
#Obs. Start 2022-08-21 21:24:50.752
#Obs. End 2022-08-21 21:30:34.329
#Instrument used NIRSPEC
#Grating used G395M/F290LP
#Lower wavelength (um) 3.255
#Upper wavelength (um) 3.328
#Spectral plate scale (um) 0.001790000009350478
#Center pixel for extract (x,y) = 29,25
#Pixel scale (arcsec/pixel) 0.09999908561794624
#Aperture size (arcsec) 0.09999908561794624 0.09999908561794624
#X offset (arcsec) 0.6999935993256237
#Y offset (arcsec) -0.5999945137076774
#Wave (micron) Flux (Jy) Noise (Jy)
3.25574488757411 5.338554082135954e-06 3.261296207728854e-07
3.2575348875834607 6.046842710422331e-06 3.741224435151335e-07
3.259324887592811 7.319226369252958e-06 4.056862975670766e-07
3.2611148876021616 7.1785402960294255e-06 3.7249810079628363e-07
3.262904887611512 6.196356770969505e-06 3.9730064544262247e-07
3.2646948876208626 5.78114100359023e-06 3.3843669337858685e-07
3.266484887630213 6.724823350134562e-06 3.5937559262322003e-07
3.2682748876395635 6.0515781375043755e-06 3.508738299606376e-07
3.270064887648914 8.627158233183531e-06 4.015777665226968e-07
3.2718548876582645 8.191032706269964e-06 4.0627136130903066e-07
3.273644887667615 6.675340983852743e-06 3.748234216625501e-07
3.2754348876769654 6.39263154885264e-06 3.6251567660199466e-07
3.277224887686316 6.230373572215218e-06 3.6622810371840143e-07
3.2790148876956664 6.9396157414846035e-06 3.712895593288393e-07
3.280804887705017 9.385522332932977e-06 4.227695087924434e-07
3.2825948877143674 8.05438719011265e-06 4.025709263041874e-07
3.284384887723718 6.425775055394592e-06 3.956169025450004e-07
3.2861748877330683 5.922152096659875e-06 3.6744443445457156e-07
3.287964887742419 6.105703580401619e-06 3.6462768918477403e-07
3.2897548877517693 6.841991435596657e-06 3.815471296342335e-07
3.2915448877611198 8.778668588040688e-06 4.487584599339483e-07
3.2933348877704702 6.082049308456432e-06 3.846144764129644e-07
3.2951248877798207 5.699441773555306e-06 3.744399823009946e-07
3.296914887789171 6.169871464088873e-06 3.776897044399276e-07
3.2987048877985217 5.051164361351835e-06 3.447148719905263e-07
3.300494887807872 7.653518919498853e-06 4.4149051183374064e-07
3.3022848878172226 9.712667136383822e-06 4.6592623235720876e-07
3.304074887826573 7.131443351266452e-06 3.7187933025477155e-07
3.3058648878359236 5.76262607994274e-06 4.360081555225876e-07
3.307654887845274 5.17335882269615e-06 3.3665897491511474e-07
3.3094448878546245 6.026730930648149e-06 3.5997334895054385e-07
3.311234887863975 8.83508217065456e-06 3.894097239580651e-07
3.3130248878733255 1.3946956652834254e-05 5.144223035008378e-07
3.314814887882676 1.0332618508619576e-05 4.59507958984014e-07
3.3166048878920265 7.823863389907546e-06 3.797354802195854e-07
3.318394887901377 6.931115912129725e-06 3.9320870161797534e-07
3.3201848879107274 7.20241199504408e-06 3.9772446011437176e-07
3.321974887920078 7.98209291366612e-06 3.956209933120291e-07
3.3237648879294284 8.8997266006817e-06 4.362433466077829e-07
3.325554887938779 7.875610135834485e-06 4.009543728540633e-07
3.3273448879481293 7.507096806370487e-06 3.6906269706078297e-07
