#Target name PANSTARRS (C/2017 K2)
#Obs. Start 2022-08-21 21:24:50.752
#Obs. End 2022-08-21 21:30:34.329
#Instrument used NIRSPEC
#Grating used G395M/F290LP
#Lower wavelength (um) 3.255
#Upper wavelength (um) 3.328
#Spectral plate scale (um) 0.001790000009350478
#Center pixel for extract (x,y) = 29,25
#Pixel scale (arcsec/pixel) 0.09999908561794624
#Aperture size (arcsec) 0.09999908561794624 0.09999908561794624
#X offset (arcsec) -0.19999817123589247
#Y offset (arcsec) 0.4999954280897312
#Wave (micron) Flux (Jy) Noise (Jy)
3.25574488757411 1.1650778859183106e-05 3.9559247001863745e-07
3.2575348875834607 1.1337499178215785e-05 3.991756176893579e-07
3.259324887592811 1.300233690422341e-05 4.0060377170454596e-07
3.2611148876021616 1.3680003731670429e-05 4.118908423725003e-07
3.262904887611512 1.2327534734454538e-05 3.954486487367329e-07
3.2646948876208626 1.1586258160849108e-05 4.050249942560474e-07
3.266484887630213 1.1603942826903495e-05 3.9984728801272e-07
3.2682748876395635 1.2965608316703032e-05 4.0048684861680236e-07
3.270064887648914 1.567015270089359e-05 4.0835157238100507e-07
3.2718548876582645 1.5677971109329726e-05 4.124576377575867e-07
3.273644887667615 1.3575716743088803e-05 4.074284879990943e-07
3.2754348876769654 1.2643153661707393e-05 3.963416687828782e-07
3.277224887686316 1.215691321264599e-05 3.6925821330959074e-07
3.2790148876956664 1.3683814309176571e-05 3.847124026510818e-07
3.280804887705017 1.722480914737244e-05 4.110226471180494e-07
3.2825948877143674 1.6030120474072637e-05 3.9195740322939587e-07
3.284384887723718 1.2541594150013693e-05 3.6555503244742687e-07
3.2861748877330683 1.1960850482193491e-05 3.5711421100599046e-07
3.287964887742419 1.2173137306757434e-05 3.5582954204528e-07
3.2897548877517693 1.4335111043674616e-05 3.616424659550909e-07
3.2915448877611198 1.5806458403198007e-05 3.7770043569863975e-07
3.2933348877704702 1.3760873152415486e-05 3.6996339429984505e-07
3.2951248877798207 1.2128131248287244e-05 3.5352257359273795e-07
3.296914887789171 1.1770266913891587e-05 3.4976402728092597e-07
3.2987048877985217 1.2025303935042088e-05 3.4420969028143996e-07
3.300494887807872 1.573757033473873e-05 3.9329640093852105e-07
3.3022848878172226 1.8247164677108585e-05 4.2962412130904365e-07
3.304074887826573 1.4885516238300621e-05 3.980686729427759e-07
3.3058648878359236 1.2026809337308633e-05 3.5471029697865974e-07
3.307654887845274 1.1677087086285511e-05 3.639496025213464e-07
3.3094448878546245 1.2811953279164772e-05 3.869169898520986e-07
3.311234887863975 1.7559847674203067e-05 3.9340671155353344e-07
3.3130248878733255 2.4058449590288578e-05 4.818485903718626e-07
3.314814887882676 2.196742163368399e-05 4.6657327402154216e-07
3.3166048878920265 1.4443411242825064e-05 3.7518192415660225e-07
3.318394887901377 1.2574089858379601e-05 3.626895622196647e-07
3.3201848879107274 1.3036199040852698e-05 3.55341255764401e-07
3.321974887920078 1.4270929262587044e-05 3.8191003110378903e-07
3.3237648879294284 1.6437992137839486e-05 4.072371745931242e-07
3.325554887938779 1.6163097973152863e-05 4.2908136618498867e-07
3.3273448879481293 1.4721508085829792e-05 3.9413845451052175e-07
