#Target name PANSTARRS (C/2017 K2)
#Obs. Start 2022-08-21 21:24:50.752
#Obs. End 2022-08-21 21:30:34.329
#Instrument used NIRSPEC
#Grating used G395M/F290LP
#Lower wavelength (um) 3.255
#Upper wavelength (um) 3.328
#Spectral plate scale (um) 0.001790000009350478
#Center pixel for extract (x,y) = 29,25
#Pixel scale (arcsec/pixel) 0.09999908561794624
#Aperture size (arcsec) 0.09999908561794624 0.09999908561794624
#X offset (arcsec) 0.5999945137076774
#Y offset (arcsec) 0.19999817123589247
#Wave (micron) Flux (Jy) Noise (Jy)
3.25574488757411 7.628980593572243e-06 3.687855055661634e-07
3.2575348875834607 8.403766937463453e-06 3.3058920127001855e-07
3.259324887592811 1.0239383091412233e-05 3.7359103606674016e-07
3.2611148876021616 1.0183919911658715e-05 3.392257070739763e-07
3.262904887611512 8.87856668794171e-06 3.4652215044862324e-07
3.2646948876208626 8.288145946468851e-06 3.475816591090443e-07
3.266484887630213 8.654094981422831e-06 3.3911716165295574e-07
3.2682748876395635 9.60391146114558e-06 3.591215167642075e-07
3.270064887648914 1.2917649733120435e-05 4.1807902410980946e-07
3.2718548876582645 1.202419841926207e-05 3.883177973698896e-07
3.273644887667615 9.28082111216127e-06 3.569647298957311e-07
3.2754348876769654 9.06788783433099e-06 3.5248783368610683e-07
3.277224887686316 8.752100345061392e-06 3.2484293444761296e-07
3.2790148876956664 1.0334771260758927e-05 4.7635155212973005e-07
3.280804887705017 1.3138266928416042e-05 4.4355371540169865e-07
3.2825948877143674 1.1311348753852458e-05 3.6425405645650633e-07
3.284384887723718 8.860628282255738e-06 3.7237534976647177e-07
3.2861748877330683 8.526143858224826e-06 3.3661302383342304e-07
3.287964887742419 8.233710277732284e-06 3.208253809411923e-07
3.2897548877517693 9.561400658487058e-06 3.3737211328780835e-07
3.2915448877611198 1.1088577909811026e-05 5.554025989115988e-07
3.2933348877704702 9.855532411637631e-06 4.275685108771457e-07
3.2951248877798207 8.219592312223646e-06 3.2775253452517047e-07
3.296914887789171 8.130229338369015e-06 3.4991496537670234e-07
3.2987048877985217 8.439589055840604e-06 3.482634162552167e-07
3.300494887807872 1.1192691853343552e-05 4.3806827700579794e-07
3.3022848878172226 1.303440134487627e-05 4.291388050371033e-07
3.304074887826573 1.0511724617472977e-05 3.8469309759298087e-07
3.3058648878359236 8.99583115859955e-06 3.774432497359274e-07
3.307654887845274 8.816367303763807e-06 3.6648296410807695e-07
3.3094448878546245 8.625615173445161e-06 3.606292165848363e-07
3.311234887863975 1.2376237501408924e-05 4.345180235850202e-07
3.3130248878733255 1.8292975888190662e-05 5.345302726975141e-07
3.314814887882676 1.584720199450015e-05 4.764562309353399e-07
3.3166048878920265 1.1130931806336943e-05 3.929345081512466e-07
3.318394887901377 9.150914490247761e-06 3.783710693207685e-07
3.3201848879107274 9.293179039165308e-06 3.785640078259692e-07
3.321974887920078 1.0698033166116224e-05 3.917864876206645e-07
3.3237648879294284 1.2042813762834428e-05 4.22630282618708e-07
3.325554887938779 1.1666347533963494e-05 4.5276570246594057e-07
3.3273448879481293 1.1099107656218589e-05 4.4477525766298745e-07
