#Target name PANSTARRS (C/2017 K2)
#Obs. Start 2022-08-21 21:24:50.752
#Obs. End 2022-08-21 21:30:34.329
#Instrument used NIRSPEC
#Grating used G395M/F290LP
#Lower wavelength (um) 3.255
#Upper wavelength (um) 3.328
#Spectral plate scale (um) 0.001790000009350478
#Center pixel for extract (x,y) = 29,25
#Pixel scale (arcsec/pixel) 0.09999908561794624
#Aperture size (arcsec) 0.09999908561794624 0.09999908561794624
#X offset (arcsec) 0.0
#Y offset (arcsec) 0.0
#Wave (micron) Flux (Jy) Noise (Jy)
3.25574488757411 6.562896131624673e-05 8.795146870086955e-07
3.2575348875834607 6.759368431913596e-05 9.307203869676664e-07
3.259324887592811 7.833597667053118e-05 1.031934200828494e-06
3.2611148876021616 8.031283613862587e-05 1.0156427491558371e-06
3.262904887611512 7.124956493101937e-05 8.941618744874519e-07
3.2646948876208626 6.73826518470264e-05 8.457091486629552e-07
3.266484887630213 6.741742583243775e-05 8.605254024995944e-07
3.2682748876395635 7.5579370831542e-05 9.356497051992883e-07
3.270064887648914 9.681421835403811e-05 1.1296460379232725e-06
3.2718548876582645 9.011538448740514e-05 1.0409440871901492e-06
3.273644887667615 7.399286512996358e-05 9.245263492693368e-07
3.2754348876769654 6.726134457778616e-05 8.555077124925728e-07
3.277224887686316 6.76573577243539e-05 8.548561037390224e-07
3.2790148876956664 8.216313780998008e-05 1.0252287051757737e-06
3.280804887705017 9.977599644523566e-05 1.1447091387292434e-06
3.2825948877143674 8.544435885503369e-05 9.380286823591155e-07
3.284384887723718 7.104960016920058e-05 8.258179340808931e-07
3.2861748877330683 6.728885963719992e-05 8.154358475516953e-07
3.287964887742419 6.75169348051299e-05 8.297307247248471e-07
3.2897548877517693 8.07511619378218e-05 9.726655990560489e-07
3.2915448877611198 9.091286214789058e-05 1.0719097366115324e-06
3.2933348877704702 7.715023971624816e-05 9.57986694123344e-07
3.2951248877798207 6.560036315621474e-05 8.938171853368595e-07
3.296914887789171 6.395919315124939e-05 8.967937507102971e-07
3.2987048877985217 6.739157487463607e-05 9.292402577960526e-07
3.300494887807872 8.819577154933686e-05 1.1370704998907544e-06
3.3022848878172226 9.72734458433101e-05 1.1337792816835378e-06
3.304074887826573 7.977332291942212e-05 9.148786955165433e-07
3.3058648878359236 6.778033626805801e-05 7.714796031844463e-07
3.307654887845274 6.751641118695025e-05 7.375710671702312e-07
3.3094448878546245 7.123814575099156e-05 7.466065068163393e-07
3.311234887863975 0.00010305568250000915 9.528789512037876e-07
3.3130248878733255 0.0001419587702463254 1.184072180216074e-06
3.314814887882676 0.00012196592352744536 1.0843479098948164e-06
3.3166048878920265 8.202039088678058e-05 8.331634386409316e-07
3.318394887901377 7.047508343332865e-05 7.500327763734061e-07
3.3201848879107274 7.239745791933081e-05 7.56166573324396e-07
3.321974887920078 8.123280458889463e-05 8.033890429934538e-07
3.3237648879294284 8.66204626693812e-05 8.302188709109647e-07
3.325554887938779 8.496756505176163e-05 8.203091839167195e-07
3.3273448879481293 7.404291011680659e-05 8.522424398351405e-07
