#Target name PANSTARRS (C/2017 K2)
#Obs. Start 2022-08-21 21:24:50.752
#Obs. End 2022-08-21 21:30:34.329
#Instrument used NIRSPEC
#Grating used G395M/F290LP
#Lower wavelength (um) 3.255
#Upper wavelength (um) 3.328
#Spectral plate scale (um) 0.001790000009350478
#Center pixel for extract (x,y) = 29,25
#Pixel scale (arcsec/pixel) 0.09999908561794624
#Aperture size (arcsec) 0.09999908561794624 0.09999908561794624
#X offset (arcsec) 0.5999945137076774
#Y offset (arcsec) 0.5999945137076774
#Wave (micron) Flux (Jy) Noise (Jy)
3.25574488757411 5.277452592583054e-06 3.47065101705344e-07
3.2575348875834607 6.633786411996645e-06 3.5136505823150297e-07
3.259324887592811 6.955067857423628e-06 3.6604443948639583e-07
3.2611148876021616 8.169977696487202e-06 3.870109093800441e-07
3.262904887611512 6.574810776388937e-06 3.7641674740125807e-07
3.2646948876208626 6.816992702246656e-06 3.7823206729865106e-07
3.266484887630213 6.71651987759706e-06 3.237215879595738e-07
3.2682748876395635 6.617194709231666e-06 3.553838725907749e-07
3.270064887648914 9.436827051869202e-06 3.6930917978373545e-07
3.2718548876582645 9.271449781315577e-06 3.762667619498582e-07
3.273644887667615 6.878742438278836e-06 3.3447601834523583e-07
3.2754348876769654 7.266307310363836e-06 3.365359156768282e-07
3.277224887686316 6.18566429048727e-06 3.8843651367057725e-07
3.2790148876956664 8.230572155080166e-06 3.7001338011066093e-07
3.280804887705017 1.044122534718346e-05 4.113812336689583e-07
3.2825948877143674 9.785043900625779e-06 3.8046484156563234e-07
3.284384887723718 7.495575413204858e-06 3.4296175416713067e-07
3.2861748877330683 6.559731648742278e-06 3.2799002316445033e-07
3.287964887742419 6.98305004880932e-06 3.2299942748425536e-07
3.2897548877517693 8.217022638074798e-06 3.926318474290308e-07
3.2915448877611198 9.007478973277736e-06 3.6370155073706797e-07
3.2933348877704702 7.5657348696414746e-06 3.467356828837285e-07
3.2951248877798207 6.5358895377412004e-06 3.0899561118708744e-07
3.296914887789171 6.644647902798858e-06 3.052864342691418e-07
3.2987048877985217 6.9980825529194324e-06 3.1369957298575417e-07
3.300494887807872 9.057081036523571e-06 3.3099889438983336e-07
3.3022848878172226 1.1312807532582457e-05 4.1556973080306255e-07
3.304074887826573 7.909413096436617e-06 3.545441165728588e-07
3.3058648878359236 6.931123981587974e-06 3.2107769160621296e-07
3.307654887845274 7.120439748338422e-06 2.9795180106257664e-07
3.3094448878546245 7.124343124614419e-06 2.8110408913087983e-07
3.311234887863975 9.693071801937531e-06 3.2331354795794186e-07
3.3130248878733255 1.4082835570457978e-05 3.9120912909057946e-07
3.314814887882676 1.2410048531469306e-05 3.6215823882812815e-07
3.3166048878920265 8.810714199957635e-06 2.852531075612624e-07
3.318394887901377 7.448667204104247e-06 2.720921854046626e-07
3.3201848879107274 7.424081806337854e-06 2.710645062739988e-07
3.321974887920078 8.44856408662566e-06 2.9236983737617115e-07
3.3237648879294284 8.717966536671079e-06 2.8585912947950023e-07
3.325554887938779 8.671046223383096e-06 2.749017858416362e-07
3.3273448879481293 8.564486337394865e-06 2.643905599615133e-07
