#Target name PANSTARRS (C/2017 K2)
#Obs. Start 2022-08-21 21:24:50.752
#Obs. End 2022-08-21 21:30:34.329
#Instrument used NIRSPEC
#Grating used G395M/F290LP
#Lower wavelength (um) 3.255
#Upper wavelength (um) 3.328
#Spectral plate scale (um) 0.001790000009350478
#Center pixel for extract (x,y) = 29,25
#Pixel scale (arcsec/pixel) 0.09999908561794624
#Aperture size (arcsec) 0.09999908561794624 0.09999908561794624
#X offset (arcsec) -0.4999954280897312
#Y offset (arcsec) -0.4999954280897312
#Wave (micron) Flux (Jy) Noise (Jy)
3.25574488757411 7.608704734813679e-06 4.867774603002485e-07
3.2575348875834607 8.526893421235445e-06 4.2893320196548514e-07
3.259324887592811 1.0605488135892348e-05 5.194044094385008e-07
3.2611148876021616 9.190542703098695e-06 4.490023368943414e-07
3.262904887611512 8.995518242940811e-06 4.49461903749163e-07
3.2646948876208626 8.086502737334417e-06 4.4971469073637195e-07
3.266484887630213 8.646322299916773e-06 4.651295975068071e-07
3.2682748876395635 8.707108632294754e-06 5.174452682592032e-07
3.270064887648914 1.2618917492161857e-05 5.163366143565337e-07
3.2718548876582645 1.1142794806568418e-05 5.221901097092041e-07
3.273644887667615 8.347739792239026e-06 4.812238237745688e-07
3.2754348876769654 7.900216603852971e-06 4.441138702951015e-07
3.277224887686316 8.34653295992767e-06 4.813140448008172e-07
3.2790148876956664 1.0722384997896653e-05 5.473038888771476e-07
3.280804887705017 1.3449100666927655e-05 5.532622871870459e-07
3.2825948877143674 1.0014319624621811e-05 4.849099410948117e-07
3.284384887723718 9.054668268507327e-06 4.5649059801609906e-07
3.2861748877330683 8.866796038176854e-06 4.776182329230953e-07
3.287964887742419 8.517739965762457e-06 5.212123043135473e-07
3.2897548877517693 1.0348317191338409e-05 5.739142163227239e-07
3.2915448877611198 1.1268669389177195e-05 5.71986176180425e-07
3.2933348877704702 9.521036331722584e-06 5.193124512372129e-07
3.2951248877798207 8.232312468242383e-06 4.992578861635271e-07
3.296914887789171 8.047079847365578e-06 4.193064223321187e-07
3.2987048877985217 8.683553883667963e-06 4.846500933316356e-07
3.300494887807872 1.1274783348709989e-05 4.96656270409113e-07
3.3022848878172226 1.2498687047294532e-05 5.475766813962638e-07
3.304074887826573 9.927091470777093e-06 5.093518818256797e-07
3.3058648878359236 8.486003683078361e-06 4.4151001302450734e-07
3.307654887845274 7.654495323946898e-06 3.7304343366394574e-07
3.3094448878546245 8.297427616667341e-06 4.346102059379262e-07
3.311234887863975 1.2893016366907788e-05 5.497452922625901e-07
3.3130248878733255 1.761570984383664e-05 5.596496556559077e-07
3.314814887882676 1.453102224763334e-05 4.824043743087143e-07
3.3166048878920265 1.0419517607889058e-05 3.88253998215614e-07
3.318394887901377 9.094777062427274e-06 4.371338449482256e-07
3.3201848879107274 9.507492194356048e-06 4.4375164128039994e-07
3.321974887920078 1.0564441491602656e-05 3.9345392348807643e-07
3.3237648879294284 1.1326716588783112e-05 3.830024900520573e-07
3.325554887938779 1.1702147237178847e-05 4.6915006498426177e-07
3.3273448879481293 1.1129760838284468e-05 3.849333881274858e-07
