#Target name PANSTARRS (C/2017 K2)
#Obs. Start 2022-08-21 21:24:50.752
#Obs. End 2022-08-21 21:30:34.329
#Instrument used NIRSPEC
#Grating used G395M/F290LP
#Lower wavelength (um) 3.255
#Upper wavelength (um) 3.328
#Spectral plate scale (um) 0.001790000009350478
#Center pixel for extract (x,y) = 29,25
#Pixel scale (arcsec/pixel) 0.09999908561794624
#Aperture size (arcsec) 0.09999908561794624 0.09999908561794624
#X offset (arcsec) -0.39999634247178495
#Y offset (arcsec) 0.39999634247178495
#Wave (micron) Flux (Jy) Noise (Jy)
3.25574488757411 1.1792828222547366e-05 3.4382297270247105e-07
3.2575348875834607 1.2288123500369836e-05 3.776791412949289e-07
3.259324887592811 1.382642315497938e-05 3.8182743123255297e-07
3.2611148876021616 1.4211786409872301e-05 4.359040370960227e-07
3.262904887611512 1.2401063638013059e-05 4.2914194315975544e-07
3.2646948876208626 1.2182736375647025e-05 3.935417629033835e-07
3.266484887630213 1.2078748853627056e-05 3.6718007564008294e-07
3.2682748876395635 1.2445043978679243e-05 3.7517489139958726e-07
3.270064887648914 1.5558460639459437e-05 4.2366292110392023e-07
3.2718548876582645 1.5367476288064537e-05 4.0973674532343997e-07
3.273644887667615 1.2283484458483535e-05 3.800131760553455e-07
3.2754348876769654 1.1613730183152212e-05 3.7978092696013657e-07
3.277224887686316 1.2165379867561402e-05 4.1561397272866693e-07
3.2790148876956664 1.43166257080407e-05 4.49301074963242e-07
3.280804887705017 1.6597849898951272e-05 4.556526632300793e-07
3.2825948877143674 1.4919130911543627e-05 4.499961971496382e-07
3.284384887723718 1.2640853866106628e-05 4.3151206633067135e-07
3.2861748877330683 1.2198923708893118e-05 4.155630062545223e-07
3.287964887742419 1.1915396120487283e-05 3.9913316897669755e-07
3.2897548877517693 1.3814505461753113e-05 4.4780990632444137e-07
3.2915448877611198 1.615978411563223e-05 5.222333149335752e-07
3.2933348877704702 1.444815877409448e-05 5.20697428046982e-07
3.2951248877798207 1.1575723034802713e-05 4.499110475537473e-07
3.296914887789171 1.1847578600155616e-05 4.734422882795995e-07
3.2987048877985217 1.2387684476237376e-05 4.823904769083977e-07
3.300494887807872 1.4887014467715388e-05 5.148296990665681e-07
3.3022848878172226 1.733999080119575e-05 5.640889784505634e-07
3.304074887826573 1.4746972606242012e-05 5.666596612816922e-07
3.3058648878359236 1.219680054476734e-05 5.125530471203617e-07
3.307654887845274 1.2459102768160728e-05 4.653482013722697e-07
3.3094448878546245 1.3826032234557572e-05 5.024935147694778e-07
3.311234887863975 1.809572067113036e-05 5.323031022209831e-07
3.3130248878733255 2.4456998339959222e-05 6.515334386066598e-07
3.314814887882676 2.1431697473431057e-05 6.150650911147892e-07
3.3166048878920265 1.4582482079489228e-05 5.032672861548426e-07
3.318394887901377 1.2898348485596971e-05 4.7037729509285756e-07
3.3201848879107274 1.292656289805892e-05 4.643542290411639e-07
3.321974887920078 1.418364551914106e-05 4.5932468701734e-07
3.3237648879294284 1.6342137733127336e-05 5.008202229410454e-07
3.325554887938779 1.6121176240946465e-05 5.223239282251552e-07
3.3273448879481293 1.5390958411567096e-05 5.136164784340978e-07
