#Target name PANSTARRS (C/2017 K2)
#Obs. Start 2022-08-21 21:24:50.752
#Obs. End 2022-08-21 21:30:34.329
#Instrument used NIRSPEC
#Grating used G395M/F290LP
#Lower wavelength (um) 3.255
#Upper wavelength (um) 3.328
#Spectral plate scale (um) 0.001790000009350478
#Center pixel for extract (x,y) = 29,25
#Pixel scale (arcsec/pixel) 0.09999908561794624
#Aperture size (arcsec) 0.09999908561794624 0.09999908561794624
#X offset (arcsec) -0.7999926849435699
#Y offset (arcsec) 0.39999634247178495
#Wave (micron) Flux (Jy) Noise (Jy)
3.25574488757411 7.808081322786813e-06 3.0805801298791073e-07
3.2575348875834607 7.981347833687861e-06 3.173545612500463e-07
3.259324887592811 9.095939064415028e-06 3.25415501736863e-07
3.2611148876021616 9.542600613981462e-06 3.230317613551531e-07
3.262904887611512 8.60696755203981e-06 3.0576171975617627e-07
3.2646948876208626 8.37002135967553e-06 2.9695906156536984e-07
3.266484887630213 8.211827700175836e-06 2.978125188509367e-07
3.2682748876395635 8.705192584264019e-06 2.8923569341527374e-07
3.270064887648914 1.0131779555490556e-05 3.1508233629829556e-07
3.2718548876582645 9.876653770299324e-06 3.2301772386007534e-07
3.273644887667615 8.656597410086278e-06 2.908873265936161e-07
3.2754348876769654 8.025403489297697e-06 2.799545555768762e-07
3.277224887686316 8.30838863078795e-06 2.84834644509393e-07
3.2790148876956664 9.380359672867007e-06 3.1611903753158417e-07
3.280804887705017 1.0485730202635784e-05 3.2306936278907404e-07
3.2825948877143674 1.0174131658803525e-05 3.309602002167746e-07
3.284384887723718 8.896118656238238e-06 2.946814009368824e-07
3.2861748877330683 8.439235792890624e-06 2.881664061405171e-07
3.287964887742419 8.535357386331441e-06 2.8114056980671067e-07
3.2897548877517693 9.514877541866187e-06 2.9903033459157617e-07
3.2915448877611198 1.0650762279697676e-05 3.2031100901576757e-07
3.2933348877704702 9.698201287564034e-06 3.3186182208126106e-07
3.2951248877798207 8.391238655229728e-06 3.950335199401814e-07
3.296914887789171 8.073619398937767e-06 2.8403551597224096e-07
3.2987048877985217 8.772985896220941e-06 3.2389387649696556e-07
3.300494887807872 1.0015325617083435e-05 3.273042312891538e-07
3.3022848878172226 1.0744684497462598e-05 3.3798275833316766e-07
3.304074887826573 9.18158470783661e-06 3.3160309507617487e-07
3.3058648878359236 8.654150571024098e-06 3.2386521310881266e-07
3.307654887845274 8.987783218906577e-06 3.134236983818904e-07
3.3094448878546245 9.203099676739523e-06 3.1740042827488124e-07
3.311234887863975 1.0795121301333894e-05 3.400875980641707e-07
3.3130248878733255 1.4628176731729941e-05 4.181169337522051e-07
3.314814887882676 1.3181722754296089e-05 3.676886476423917e-07
3.3166048878920265 1.0666012659180495e-05 3.5881795943551977e-07
3.318394887901377 8.431500768856393e-06 3.6702748442612375e-07
3.3201848879107274 8.470094297838598e-06 3.1774307204195927e-07
3.321974887920078 9.953259827269862e-06 3.57223316806056e-07
3.3237648879294284 1.044784409616001e-05 3.8334235994286247e-07
3.325554887938779 1.0583116011202169e-05 3.873745113234059e-07
3.3273448879481293 1.010289268817458e-05 4.0306613326627235e-07
