#Target name PANSTARRS (C/2017 K2)
#Obs. Start 2022-08-21 21:24:50.752
#Obs. End 2022-08-21 21:30:34.329
#Instrument used NIRSPEC
#Grating used G395M/F290LP
#Lower wavelength (um) 3.255
#Upper wavelength (um) 3.328
#Spectral plate scale (um) 0.001790000009350478
#Center pixel for extract (x,y) = 29,25
#Pixel scale (arcsec/pixel) 0.09999908561794624
#Aperture size (arcsec) 0.09999908561794624 0.09999908561794624
#X offset (arcsec) 0.6999935993256237
#Y offset (arcsec) 0.39999634247178495
#Wave (micron) Flux (Jy) Noise (Jy)
3.25574488757411 6.106370655616812e-06 2.9781263092674574e-07
3.2575348875834607 6.6691252594853715e-06 3.1655293902614386e-07
3.259324887592811 7.963771657016588e-06 3.260972588830355e-07
3.2611148876021616 8.343023642196131e-06 3.3517993848263885e-07
3.262904887611512 7.225548028448431e-06 3.304101321461821e-07
3.2646948876208626 6.874421691690106e-06 2.9825395744365195e-07
3.266484887630213 6.435839463043168e-06 3.100285578807745e-07
3.2682748876395635 7.5271619626081235e-06 3.2159486542686276e-07
3.270064887648914 9.909674890057843e-06 3.391879095073896e-07
3.2718548876582645 9.707092037340718e-06 3.465343386928525e-07
3.273644887667615 7.276972892651909e-06 3.0924971506505215e-07
3.2754348876769654 6.732722901456413e-06 2.6118847004140703e-07
3.277224887686316 7.214148125459762e-06 3.18143827116006e-07
3.2790148876956664 8.026046356138145e-06 2.8396591689484936e-07
3.280804887705017 1.0767556928564171e-05 3.200448009504304e-07
3.2825948877143674 8.72485426758924e-06 3.0577586932706306e-07
3.284384887723718 7.063594001405029e-06 2.824064660694129e-07
3.2861748877330683 6.857209537246481e-06 2.898982855981064e-07
3.287964887742419 7.04530053955613e-06 3.0804974739699666e-07
3.2897548877517693 8.703479169295962e-06 3.3667912054178324e-07
3.2915448877611198 9.691484808482031e-06 3.250133176962515e-07
3.2933348877704702 8.175890816170263e-06 3.1061936550794e-07
3.2951248877798207 7.162339961989489e-06 3.209581907748623e-07
3.296914887789171 6.510103583908755e-06 2.886525349620727e-07
3.2987048877985217 6.3217866367681526e-06 2.678770422469676e-07
3.300494887807872 8.963169578036316e-06 3.219364724927075e-07
3.3022848878172226 1.0270619067684936e-05 3.382886132159401e-07
3.304074887826573 7.941108135222999e-06 2.824050090838959e-07
3.3058648878359236 7.262047981318441e-06 2.9603911530611126e-07
3.307654887845274 6.949989030062794e-06 3.2732376049887274e-07
3.3094448878546245 7.305413698248047e-06 5.243516037616589e-07
3.311234887863975 1.0692658906922856e-05 3.4553868522461154e-07
3.3130248878733255 1.4612003744187403e-05 3.975536565814494e-07
3.314814887882676 1.23756484309568e-05 3.5021614109444883e-07
3.3166048878920265 8.680584323032588e-06 2.989492477437616e-07
3.318394887901377 7.343726141101272e-06 2.905349322311547e-07
3.3201848879107274 8.139996072668877e-06 3.177041537172826e-07
3.321974887920078 8.622010815427587e-06 3.243613727152742e-07
3.3237648879294284 9.185473290105816e-06 3.1751079492779813e-07
3.325554887938779 9.21024114728927e-06 2.9991380017500385e-07
3.3273448879481293 9.239531487517658e-06 3.066679087098796e-07
