#Target name PANSTARRS (C/2017 K2)
#Obs. Start 2022-08-21 21:24:50.752
#Obs. End 2022-08-21 21:30:34.329
#Instrument used NIRSPEC
#Grating used G395M/F290LP
#Lower wavelength (um) 3.255
#Upper wavelength (um) 3.328
#Spectral plate scale (um) 0.001790000009350478
#Center pixel for extract (x,y) = 29,25
#Pixel scale (arcsec/pixel) 0.09999908561794624
#Aperture size (arcsec) 0.09999908561794624 0.09999908561794624
#X offset (arcsec) -0.09999908561794624
#Y offset (arcsec) -0.39999634247178495
#Wave (micron) Flux (Jy) Noise (Jy)
3.25574488757411 1.302785342781101e-05 5.129272682466266e-07
3.2575348875834607 1.287174706817821e-05 4.908758484839134e-07
3.259324887592811 1.5416022148886318e-05 5.719294097831644e-07
3.2611148876021616 1.5245699197032956e-05 6.025612974453332e-07
3.262904887611512 1.2096264957664703e-05 5.29193558900162e-07
3.2646948876208626 1.2321579474267293e-05 5.377664616825098e-07
3.266484887630213 1.2521625827275035e-05 5.109183654081311e-07
3.2682748876395635 1.4142278786340851e-05 5.700430058039105e-07
3.270064887648914 1.905356357199075e-05 6.548176520758137e-07
3.2718548876582645 1.677085549736896e-05 6.762657677586576e-07
3.273644887667615 1.3074882230482108e-05 5.540256355221734e-07
3.2754348876769654 1.33211190591096e-05 5.518669994028483e-07
3.277224887686316 1.3618460663430052e-05 6.30929646030949e-07
3.2790148876956664 1.4584002724065796e-05 5.985274088897503e-07
3.280804887705017 2.1546999272521615e-05 7.658327195856751e-07
3.2825948877143674 1.637741919780185e-05 6.310999452227309e-07
3.284384887723718 1.3092795531186866e-05 5.665637804270892e-07
3.2861748877330683 1.2408139656290346e-05 5.719594460999775e-07
3.287964887742419 1.2815796134503908e-05 5.8148510533467e-07
3.2897548877517693 1.6515335205330036e-05 6.811658342041294e-07
3.2915448877611198 1.992777640077869e-05 7.248177927499319e-07
3.2933348877704702 1.5744296676491927e-05 6.717268095697972e-07
3.2951248877798207 1.2255450263922464e-05 5.56493712950159e-07
3.296914887789171 1.29402146282021e-05 5.911082705231959e-07
3.2987048877985217 1.316062919043503e-05 5.506887464227874e-07
3.300494887807872 1.9182886503090964e-05 7.151687940874304e-07
3.3022848878172226 2.2722699613956696e-05 8.049988999139899e-07
3.304074887826573 1.54417027514583e-05 5.991526237902799e-07
3.3058648878359236 1.3294352666099986e-05 5.79784186819318e-07
3.307654887845274 1.4201041477911453e-05 5.504494645705634e-07
3.3094448878546245 1.4145510156066062e-05 5.418120061222292e-07
3.311234887863975 2.0510371560963643e-05 6.738505340746174e-07
3.3130248878733255 3.2931347932114096e-05 8.440586082237506e-07
3.314814887882676 2.3623521929621647e-05 6.766226171345268e-07
3.3166048878920265 1.5090478684594526e-05 5.212641954131161e-07
3.318394887901377 1.3866770446220886e-05 5.378355564187609e-07
3.3201848879107274 1.4457661906091563e-05 5.230261392064708e-07
3.321974887920078 1.559144141192672e-05 5.42044675501722e-07
3.3237648879294284 1.7742382406205525e-05 5.761732163290122e-07
3.325554887938779 1.4114398808092972e-05 6.457386149400031e-07
3.3273448879481293 1.6697244106015017e-05 5.342123696652737e-07
