#Target name PANSTARRS (C/2017 K2)
#Obs. Start 2022-08-21 21:24:50.752
#Obs. End 2022-08-21 21:30:34.329
#Instrument used NIRSPEC
#Grating used G395M/F290LP
#Lower wavelength (um) 3.255
#Upper wavelength (um) 3.328
#Spectral plate scale (um) 0.001790000009350478
#Center pixel for extract (x,y) = 29,25
#Pixel scale (arcsec/pixel) 0.09999908561794624
#Aperture size (arcsec) 0.09999908561794624 0.09999908561794624
#X offset (arcsec) -0.4999954280897312
#Y offset (arcsec) -0.19999817123589247
#Wave (micron) Flux (Jy) Noise (Jy)
3.25574488757411 1.200050290341917e-05 4.801431888241505e-07
3.2575348875834607 1.1919527683110412e-05 4.816206281763481e-07
3.259324887592811 1.3648663749046972e-05 5.107443116767476e-07
3.2611148876021616 1.3847960539044096e-05 4.2582318232247586e-07
3.262904887611512 1.2677211258547584e-05 4.5511021631449904e-07
3.2646948876208626 1.2358577940335753e-05 4.442297847005641e-07
3.266484887630213 1.196127368044829e-05 4.626440922905214e-07
3.2682748876395635 1.3382350108297708e-05 4.473728106693251e-07
3.270064887648914 1.794883501245595e-05 5.053872561200613e-07
3.2718548876582645 1.5153829311482519e-05 4.771827063293049e-07
3.273644887667615 1.2728870137040263e-05 4.410288715764524e-07
3.2754348876769654 1.2304120753043858e-05 4.457711913207508e-07
3.277224887686316 1.2217766790509372e-05 4.311732331410995e-07
3.2790148876956664 1.43767862091012e-05 4.3222131006900203e-07
3.280804887705017 1.717093565089384e-05 4.902061394872089e-07
3.2825948877143674 1.5139757969510428e-05 4.553070494540626e-07
3.284384887723718 1.3114821565778838e-05 3.861492985793722e-07
3.2861748877330683 1.2036767945393508e-05 3.728622350997382e-07
3.287964887742419 1.3397930438962234e-05 4.3190875865664165e-07
3.2897548877517693 1.5127183960346628e-05 4.238144195787417e-07
3.2915448877611198 1.650525376215849e-05 4.5575725797883244e-07
3.2933348877704702 1.3516685966183064e-05 4.118641683299573e-07
3.2951248877798207 1.2668993860231397e-05 3.785979948150497e-07
3.296914887789171 1.2668269402201995e-05 3.8574750680409216e-07
3.2987048877985217 1.2519660465888338e-05 3.836324121365653e-07
3.300494887807872 1.563222624712658e-05 4.0247524158225e-07
3.3022848878172226 1.6616981687851524e-05 4.1827790263288737e-07
3.304074887826573 1.4782375112790253e-05 3.7221872382338845e-07
3.3058648878359236 1.275460094957468e-05 3.4658351195405307e-07
3.307654887845274 1.2516577036231016e-05 3.709605607915075e-07
3.3094448878546245 1.3581943675037075e-05 3.6626878723706997e-07
3.311234887863975 1.883932662835013e-05 4.1931213819837796e-07
3.3130248878733255 2.561698654957839e-05 4.98370918211068e-07
3.314814887882676 2.085051536504603e-05 4.1465233426845885e-07
3.3166048878920265 1.4877603686184924e-05 3.604851991702659e-07
3.318394887901377 1.3618809443347675e-05 3.5172476554050184e-07
3.3201848879107274 1.3556571505091473e-05 3.3883887741919834e-07
3.321974887920078 1.5203892230454978e-05 3.5950854255165125e-07
3.3237648879294284 1.5926132055446198e-05 3.620654400582727e-07
3.325554887938779 1.5509941676831825e-05 3.540144743184573e-07
3.3273448879481293 1.5241791786027834e-05 3.444372602116229e-07
