#Target name PANSTARRS (C/2017 K2)
#Obs. Start 2022-08-21 21:24:50.752
#Obs. End 2022-08-21 21:30:34.329
#Instrument used NIRSPEC
#Grating used G395M/F290LP
#Lower wavelength (um) 3.255
#Upper wavelength (um) 3.328
#Spectral plate scale (um) 0.001790000009350478
#Center pixel for extract (x,y) = 29,25
#Pixel scale (arcsec/pixel) 0.09999908561794624
#Aperture size (arcsec) 0.09999908561794624 0.09999908561794624
#X offset (arcsec) 0.39999634247178495
#Y offset (arcsec) -0.19999817123589247
#Wave (micron) Flux (Jy) Noise (Jy)
3.25574488757411 1.1362237447385661e-05 5.294819859946342e-07
3.2575348875834607 1.144147145792573e-05 4.964121132591974e-07
3.259324887592811 1.3508205862170572e-05 5.811005732339765e-07
3.2611148876021616 1.526932119114515e-05 5.970154501883793e-07
3.262904887611512 1.282900763086932e-05 5.104343660269465e-07
3.2646948876208626 1.2617451540580083e-05 5.505873178156386e-07
3.266484887630213 1.1917857305253014e-05 5.575690803375541e-07
3.2682748876395635 1.3642354329303273e-05 5.382852045644857e-07
3.270064887648914 1.900008816878573e-05 6.58589171162518e-07
3.2718548876582645 1.683163645010811e-05 6.098527814654317e-07
3.273644887667615 1.3411758800580406e-05 5.256929830817254e-07
3.2754348876769654 1.2440827238441269e-05 4.768535957161643e-07
3.277224887686316 1.2488672849608391e-05 5.095810208171888e-07
3.2790148876956664 1.5223117266428321e-05 5.292124997118837e-07
3.280804887705017 1.7572938128694757e-05 5.560843000198667e-07
3.2825948877143674 1.4905557186163512e-05 5.212059720303384e-07
3.284384887723718 1.3203907488233612e-05 4.6290422024322e-07
3.2861748877330683 1.247257876343539e-05 4.704203882414197e-07
3.287964887742419 1.1925617434268464e-05 4.3152971827058953e-07
3.2897548877517693 1.502990664116336e-05 5.244755035685129e-07
3.2915448877611198 1.719747161604014e-05 5.432604178398948e-07
3.2933348877704702 1.3709605194344614e-05 4.5604448025835786e-07
3.2951248877798207 1.2302154495050688e-05 4.3828850597049114e-07
3.296914887789171 1.2644149791497824e-05 4.420822440863305e-07
3.2987048877985217 1.333245933776788e-05 4.536411266100722e-07
3.300494887807872 1.683713444099462e-05 5.170896517172329e-07
3.3022848878172226 1.853429572692552e-05 5.408615472239693e-07
3.304074887826573 1.4588670457359202e-05 4.3221408117932133e-07
3.3058648878359236 1.2316458954705509e-05 3.767429160244125e-07
3.307654887845274 1.253384567688238e-05 3.8887473008378365e-07
3.3094448878546245 1.2211133695829268e-05 3.680317116937535e-07
3.311234887863975 1.871624587150821e-05 4.7512202446704964e-07
3.3130248878733255 2.6704243835399145e-05 5.250981407254357e-07
3.314814887882676 2.2648869450623572e-05 4.905743645576922e-07
3.3166048878920265 1.57729719446805e-05 4.2872448879016714e-07
3.318394887901377 1.3014740558157521e-05 3.861203830206491e-07
3.3201848879107274 1.3378214062642218e-05 3.9485599185871877e-07
3.321974887920078 1.5245275998778157e-05 3.836678841301151e-07
3.3237648879294284 1.6553161239172183e-05 4.049652298308959e-07
3.325554887938779 1.7027060796752518e-05 4.505705576518324e-07
3.3273448879481293 1.6518112892180396e-05 4.078785564291029e-07
