#Target name PANSTARRS (C/2017 K2)
#Obs. Start 2022-08-21 21:24:50.752
#Obs. End 2022-08-21 21:30:34.329
#Instrument used NIRSPEC
#Grating used G395M/F290LP
#Lower wavelength (um) 3.255
#Upper wavelength (um) 3.328
#Spectral plate scale (um) 0.001790000009350478
#Center pixel for extract (x,y) = 29,25
#Pixel scale (arcsec/pixel) 0.09999908561794624
#Aperture size (arcsec) 0.09999908561794624 0.09999908561794624
#X offset (arcsec) 0.0
#Y offset (arcsec) 0.2999972568538387
#Wave (micron) Flux (Jy) Noise (Jy)
3.25574488757411 1.837710447346156e-05 4.410056438650363e-07
3.2575348875834607 1.8805311172014127e-05 4.6115976027606997e-07
3.259324887592811 2.1374510119431823e-05 4.926532027010062e-07
3.2611148876021616 2.2424278495443914e-05 5.235110351941275e-07
3.262904887611512 2.0511094225780106e-05 4.7008516949668826e-07
3.2646948876208626 1.978158471551364e-05 4.576739784644219e-07
3.266484887630213 1.911993217626361e-05 4.211838042087478e-07
3.2682748876395635 2.1030175576699152e-05 4.4465620513487275e-07
3.270064887648914 2.7435731259542917e-05 5.437963083206483e-07
3.2718548876582645 2.638199271007266e-05 4.86646723869045e-07
3.273644887667615 2.108074597493478e-05 4.250346449492747e-07
3.2754348876769654 1.918995176209059e-05 4.1606527399257454e-07
3.277224887686316 1.9479693729954088e-05 4.0761411355775746e-07
3.2790148876956664 2.331775222446408e-05 4.538614956695267e-07
3.280804887705017 2.800595504362675e-05 4.95448205263857e-07
3.2825948877143674 2.4564121294811892e-05 4.487662492026741e-07
3.284384887723718 1.9763252699586442e-05 4.0286221133178923e-07
3.2861748877330683 1.8692519871045264e-05 3.8927226297832146e-07
3.287964887742419 1.945127309800357e-05 3.986443223167736e-07
3.2897548877517693 2.4023064119263308e-05 4.6515806476229417e-07
3.2915448877611198 2.6777717149356397e-05 4.973741159657849e-07
3.2933348877704702 2.3132299935001624e-05 4.6185552689836797e-07
3.2951248877798207 1.9500425064800445e-05 4.257670323421648e-07
3.296914887789171 1.9357649450193837e-05 4.2846430479956385e-07
3.2987048877985217 2.029760863836305e-05 4.4297473177238304e-07
3.300494887807872 2.576369288695839e-05 5.064451957191562e-07
3.3022848878172226 3.0027331023057895e-05 5.444694356295274e-07
3.304074887826573 2.4935049185505076e-05 4.877061764915616e-07
3.3058648878359236 1.930355718173606e-05 4.1899070477815396e-07
3.307654887845274 1.9080474318642363e-05 3.9790972142665567e-07
3.3094448878546245 2.039629631952683e-05 4.192949905996003e-07
3.311234887863975 2.8463588366591455e-05 4.961661628963378e-07
3.3130248878733255 4.030715196296531e-05 6.100315423807933e-07
3.314814887882676 3.6295401069480054e-05 5.890951088039583e-07
3.3166048878920265 2.4230671554649705e-05 4.86240112833978e-07
3.318394887901377 2.0838897138381422e-05 4.520109279302019e-07
3.3201848879107274 2.1096750400460577e-05 4.5927540168033037e-07
3.321974887920078 2.3492013071942615e-05 4.879449540026451e-07
3.3237648879294284 2.530276901824132e-05 4.911824318594444e-07
3.325554887938779 2.547306865832641e-05 5.070899678483573e-07
3.3273448879481293 2.4677133160972877e-05 5.160609078663835e-07
