#Target name PANSTARRS (C/2017 K2)
#Obs. Start 2022-08-21 21:24:50.752
#Obs. End 2022-08-21 21:30:34.329
#Instrument used NIRSPEC
#Grating used G395M/F290LP
#Lower wavelength (um) 3.255
#Upper wavelength (um) 3.328
#Spectral plate scale (um) 0.001790000009350478
#Center pixel for extract (x,y) = 29,25
#Pixel scale (arcsec/pixel) 0.09999908561794624
#Aperture size (arcsec) 0.09999908561794624 0.09999908561794624
#X offset (arcsec) -0.4999954280897312
#Y offset (arcsec) -0.5999945137076774
#Wave (micron) Flux (Jy) Noise (Jy)
3.25574488757411 6.120784052957986e-06 3.5032591934936843e-07
3.2575348875834607 6.623288943422077e-06 3.4899182495688714e-07
3.259324887592811 7.999108711292371e-06 3.818494821479745e-07
3.2611148876021616 9.080703030635765e-06 4.3780632782120293e-07
3.262904887611512 7.858467020089203e-06 3.611478193720509e-07
3.2646948876208626 7.348862799579552e-06 3.6142531907514526e-07
3.266484887630213 7.215404719430317e-06 3.4461862688954396e-07
3.2682748876395635 7.925590567011517e-06 3.4151485547288666e-07
3.270064887648914 1.0178828083504038e-05 3.5925592367815584e-07
3.2718548876582645 9.458781357943414e-06 3.86030862468207e-07
3.273644887667615 7.806246865945032e-06 3.575218307233386e-07
3.2754348876769654 6.901519829094374e-06 3.0208526897445986e-07
3.277224887686316 7.360008514633399e-06 3.2562617623883866e-07
3.2790148876956664 9.30744494474183e-06 3.551918867299507e-07
3.280804887705017 1.1767120721781222e-05 4.047821259779353e-07
3.2825948877143674 9.276756795023542e-06 3.579619804442503e-07
3.284384887723718 7.705821561438454e-06 3.109138446960985e-07
3.2861748877330683 7.71677719592023e-06 3.136338405237732e-07
3.287964887742419 7.493929243722205e-06 3.220433647955452e-07
3.2897548877517693 9.20347804467072e-06 3.553440576596261e-07
3.2915448877611198 9.623513968443647e-06 3.3806493792011994e-07
3.2933348877704702 7.955747925698362e-06 3.3681111782583794e-07
3.2951248877798207 7.662958392436422e-06 3.252339669452285e-07
3.296914887789171 7.985968943444721e-06 3.374138054887579e-07
3.2987048877985217 8.068272934545032e-06 3.479774268095903e-07
3.300494887807872 9.35044350132114e-06 3.3787258781291653e-07
3.3022848878172226 1.1331165550097342e-05 3.7586908896055915e-07
3.304074887826573 8.731682822480246e-06 3.2395125931117566e-07
3.3058648878359236 7.584298210038455e-06 2.8771689808955357e-07
3.307654887845274 6.8001620538568806e-06 3.3044694904944e-07
3.3094448878546245 7.377671213829222e-06 3.017889405354528e-07
3.311234887863975 1.1366405770874145e-05 4.939612394678941e-07
3.3130248878733255 1.646180779894964e-05 4.476701758095655e-07
3.314814887882676 1.2126631225659531e-05 4.2470430150223487e-07
3.3166048878920265 8.377960809985385e-06 3.500386970698429e-07
3.318394887901377 8.00148920147562e-06 3.88268736184498e-07
3.3201848879107274 7.479041541557325e-06 3.4350257598348037e-07
3.321974887920078 9.116505423670532e-06 3.8804864731456607e-07
3.3237648879294284 1.0414601514602898e-05 4.0194226507253066e-07
3.325554887938779 9.50928809711953e-06 4.230037472332622e-07
3.3273448879481293 8.848038134175445e-06 3.6542471630050723e-07
