#Target name PANSTARRS (C/2017 K2)
#Obs. Start 2022-08-21 21:24:50.752
#Obs. End 2022-08-21 21:30:34.329
#Instrument used NIRSPEC
#Grating used G395M/F290LP
#Lower wavelength (um) 3.255
#Upper wavelength (um) 3.328
#Spectral plate scale (um) 0.001790000009350478
#Center pixel for extract (x,y) = 29,25
#Pixel scale (arcsec/pixel) 0.09999908561794624
#Aperture size (arcsec) 0.09999908561794624 0.09999908561794624
#X offset (arcsec) 0.4999954280897312
#Y offset (arcsec) -0.2999972568538387
#Wave (micron) Flux (Jy) Noise (Jy)
3.25574488757411 9.086323856608942e-06 3.1357612148213607e-07
3.2575348875834607 9.311234900299117e-06 3.113103128704508e-07
3.259324887592811 1.1297815375763585e-05 3.6394528760269976e-07
3.2611148876021616 1.1168580312097628e-05 3.461908543572069e-07
3.262904887611512 9.621211483023464e-06 3.2193277399101036e-07
3.2646948876208626 9.079437918903724e-06 3.140228276378745e-07
3.266484887630213 9.222358783758802e-06 3.3683339289287755e-07
3.2682748876395635 1.02381466710873e-05 3.3734910972801024e-07
3.270064887648914 1.4193701857331388e-05 3.998350437305863e-07
3.2718548876582645 1.2870602998319897e-05 3.719169036697402e-07
3.273644887667615 1.028011502683024e-05 3.4913601048517104e-07
3.2754348876769654 1.0279196005196407e-05 3.564073208596488e-07
3.277224887686316 1.0787119985177469e-05 3.53673483669562e-07
3.2790148876956664 1.1349134440403364e-05 3.519316855028758e-07
3.280804887705017 1.3978324430258343e-05 4.042883479824152e-07
3.2825948877143674 1.16943933844087e-05 3.7167669719209197e-07
3.284384887723718 9.934750283261202e-06 3.5055477815135493e-07
3.2861748877330683 9.458370712179222e-06 3.469067105682688e-07
3.287964887742419 9.16203061728803e-06 3.5482074768843334e-07
3.2897548877517693 1.18267369827132e-05 3.9784356868039096e-07
3.2915448877611198 1.3393514652087469e-05 4.0790077545823794e-07
3.2933348877704702 1.0768248212154107e-05 3.669594544100582e-07
3.2951248877798207 9.7137547200344e-06 3.755561733018195e-07
3.296914887789171 9.585403710349866e-06 3.449067737944937e-07
3.2987048877985217 9.408106056750556e-06 3.4661861970122357e-07
3.300494887807872 1.2803618425400749e-05 4.0242475143029364e-07
3.3022848878172226 1.446237895274093e-05 4.1020858447934756e-07
3.304074887826573 1.1385180710398526e-05 3.578579460745422e-07
3.3058648878359236 9.524343016391445e-06 3.1017509700104745e-07
3.307654887845274 9.396375754276941e-06 3.1796795215272615e-07
3.3094448878546245 1.0370807668082897e-05 3.407114960739447e-07
3.311234887863975 1.4363533468838075e-05 3.816203431564655e-07
3.3130248878733255 1.9557881400741292e-05 4.2998674258907673e-07
3.314814887882676 1.6368315055684825e-05 3.9254773453437317e-07
3.3166048878920265 1.207452583714378e-05 3.455250960327698e-07
3.318394887901377 1.0470260154567319e-05 3.3472112813952796e-07
3.3201848879107274 1.0339892676927182e-05 3.3058766022764474e-07
3.321974887920078 1.1783248879000161e-05 3.26426565628842e-07
3.3237648879294284 1.2726113072138761e-05 3.3032789652132534e-07
3.325554887938779 1.2432383895294132e-05 3.217540691135532e-07
3.3273448879481293 1.2360963810157833e-05 3.2247897544619223e-07
