#Target name PANSTARRS (C/2017 K2)
#Obs. Start 2022-08-21 21:24:50.752
#Obs. End 2022-08-21 21:30:34.329
#Instrument used NIRSPEC
#Grating used G395M/F290LP
#Lower wavelength (um) 3.255
#Upper wavelength (um) 3.328
#Spectral plate scale (um) 0.001790000009350478
#Center pixel for extract (x,y) = 29,25
#Pixel scale (arcsec/pixel) 0.09999908561794624
#Aperture size (arcsec) 0.09999908561794624 0.09999908561794624
#X offset (arcsec) -0.2999972568538387
#Y offset (arcsec) 0.0
#Wave (micron) Flux (Jy) Noise (Jy)
3.25574488757411 2.2244385166108066e-05 5.41806738559206e-07
3.2575348875834607 2.284122740313363e-05 5.519023032826847e-07
3.259324887592811 2.5977060122321135e-05 6.098536780719038e-07
3.2611148876021616 2.6034878687276686e-05 5.930604630023353e-07
3.262904887611512 2.352314145543867e-05 5.256812711596844e-07
3.2646948876208626 2.3316177783499187e-05 5.259823628205742e-07
3.266484887630213 2.3456597116297292e-05 5.360478912272397e-07
3.2682748876395635 2.6240938579892358e-05 5.768685906859787e-07
3.270064887648914 3.208048990870968e-05 6.138573621969601e-07
3.2718548876582645 2.9369897913865253e-05 5.641752768234966e-07
3.273644887667615 2.436532391461969e-05 5.106859201802564e-07
3.2754348876769654 2.3554992503751187e-05 5.261434717960177e-07
3.277224887686316 2.4284891141226515e-05 4.979972014259436e-07
3.2790148876956664 2.8202887482357123e-05 5.232710808870495e-07
3.280804887705017 3.0622561161646745e-05 5.580631105036445e-07
3.2825948877143674 2.6917361814162666e-05 5.089193812787326e-07
3.284384887723718 2.4141505834218924e-05 4.497162878166503e-07
3.2861748877330683 2.4020567966845166e-05 4.4842806044900396e-07
3.287964887742419 2.4081402715972635e-05 4.638862004627624e-07
3.2897548877517693 2.6869703593748198e-05 4.946012483752124e-07
3.2915448877611198 2.88099564128027e-05 5.156380458390107e-07
3.2933348877704702 2.545311199147189e-05 4.806668630417225e-07
3.2951248877798207 2.3513849025962518e-05 4.562472814347509e-07
3.296914887789171 2.275276282896398e-05 4.4475934289810884e-07
3.2987048877985217 2.315034503685777e-05 4.682257477684521e-07
3.300494887807872 2.9133335469071003e-05 5.381255525745592e-07
3.3022848878172226 3.1828998966156074e-05 5.250484911420469e-07
3.304074887826573 2.726672093956461e-05 4.5533548869059744e-07
3.3058648878359236 2.3465602631702396e-05 4.2415689523210616e-07
3.307654887845274 2.3597421715220756e-05 4.164036028410059e-07
3.3094448878546245 2.456531019499381e-05 4.0812680434604715e-07
3.311234887863975 3.3774107805863106e-05 4.911758754246176e-07
3.3130248878733255 4.321589398812913e-05 5.642874086704052e-07
3.314814887882676 3.692581583924443e-05 5.098792545449488e-07
3.3166048878920265 2.763231222853625e-05 4.493495197316841e-07
3.318394887901377 2.406973427934559e-05 4.2302067068042176e-07
3.3201848879107274 2.4267055845284824e-05 4.2324997778564434e-07
3.321974887920078 2.7435586009294446e-05 4.5910961353986096e-07
3.3237648879294284 2.925392007349478e-05 4.7002773064457355e-07
3.325554887938779 2.914863874833567e-05 4.6157082632454507e-07
3.3273448879481293 2.8082969953148534e-05 4.5556493589058123e-07
