#Target name PANSTARRS (C/2017 K2)
#Obs. Start 2022-08-21 21:24:50.752
#Obs. End 2022-08-21 21:30:34.329
#Instrument used NIRSPEC
#Grating used G395M/F290LP
#Lower wavelength (um) 3.255
#Upper wavelength (um) 3.328
#Spectral plate scale (um) 0.001790000009350478
#Center pixel for extract (x,y) = 29,25
#Pixel scale (arcsec/pixel) 0.09999908561794624
#Aperture size (arcsec) 0.09999908561794624 0.09999908561794624
#X offset (arcsec) -0.4999954280897312
#Y offset (arcsec) 0.5999945137076774
#Wave (micron) Flux (Jy) Noise (Jy)
3.25574488757411 8.60924313926583e-06 2.825237253845836e-07
3.2575348875834607 8.594805085246676e-06 2.849095111498078e-07
3.259324887592811 9.753632189484559e-06 3.0180401473176385e-07
3.2611148876021616 1.0597866980880063e-05 3.1157963103948786e-07
3.262904887611512 9.419216804151992e-06 2.962424208236449e-07
3.2646948876208626 8.856187390399757e-06 3.158723866949183e-07
3.266484887630213 8.939075968919832e-06 3.0891903539058535e-07
3.2682748876395635 9.801419521230997e-06 2.9930976760237584e-07
3.270064887648914 1.1738640913803552e-05 3.2833919534740287e-07
3.2718548876582645 1.1559280168712092e-05 3.66075932788726e-07
3.273644887667615 9.557718295706418e-06 3.195144302032704e-07
3.2754348876769654 8.519748364259813e-06 2.971694278588707e-07
3.277224887686316 8.802190162228014e-06 3.2201173139845376e-07
3.2790148876956664 1.0540133593539357e-05 3.211691734853126e-07
3.280804887705017 1.2083007734369215e-05 3.717388992660893e-07
3.2825948877143674 1.0908073094861252e-05 3.734030569160879e-07
3.284384887723718 9.058607957345445e-06 3.344980692606574e-07
3.2861748877330683 8.991604555690385e-06 3.289654749681182e-07
3.287964887742419 9.122072453255387e-06 3.206044234837405e-07
3.2897548877517693 1.104102997199262e-05 3.831856499429224e-07
3.2915448877611198 1.1996110428312678e-05 3.9641611513900926e-07
3.2933348877704702 1.0322249254770509e-05 3.710804538881897e-07
3.2951248877798207 9.284982262797978e-06 3.8691362757782845e-07
3.296914887789171 8.344216128803934e-06 3.553835363633478e-07
3.2987048877985217 8.441763326535285e-06 3.7399481718762995e-07
3.300494887807872 1.0662466580583601e-05 3.914784192406643e-07
3.3022848878172226 1.2732477184877254e-05 4.797352328793753e-07
3.304074887826573 1.0676018787408387e-05 4.0321488588377317e-07
3.3058648878359236 8.890968548662877e-06 3.0895327455023614e-07
3.307654887845274 9.41966062435565e-06 3.621143051109985e-07
3.3094448878546245 1.000705711219834e-05 3.791172980760706e-07
3.311234887863975 1.2149341370989666e-05 3.716223124057727e-07
3.3130248878733255 1.665410119579371e-05 4.6573951405940784e-07
3.314814887882676 1.553868508711227e-05 4.6230811703407906e-07
3.3166048878920265 1.0504880820271946e-05 3.835360549597739e-07
3.318394887901377 9.667390302759077e-06 3.574029182899852e-07
3.3201848879107274 9.830243626093927e-06 3.858266883631537e-07
3.321974887920078 1.1014196333497604e-05 4.1002010098755477e-07
3.3237648879294284 1.219400851221343e-05 4.379455539949384e-07
3.325554887938779 1.1507819440249732e-05 3.843500055226668e-07
3.3273448879481293 1.1175633915213115e-05 3.8184939809111775e-07
