#Target name PANSTARRS (C/2017 K2)
#Obs. Start 2022-08-21 21:24:50.752
#Obs. End 2022-08-21 21:30:34.329
#Instrument used NIRSPEC
#Grating used G395M/F290LP
#Lower wavelength (um) 3.255
#Upper wavelength (um) 3.328
#Spectral plate scale (um) 0.001790000009350478
#Center pixel for extract (x,y) = 29,25
#Pixel scale (arcsec/pixel) 0.09999908561794624
#Aperture size (arcsec) 0.09999908561794624 0.09999908561794624
#X offset (arcsec) -0.39999634247178495
#Y offset (arcsec) -0.6999935993256237
#Wave (micron) Flux (Jy) Noise (Jy)
3.25574488757411 6.922281200257545e-06 3.598554171805192e-07
3.2575348875834607 6.964558885233337e-06 3.526983961122734e-07
3.259324887592811 7.560741668198721e-06 3.9987908952352495e-07
3.2611148876021616 7.910739177408754e-06 4.2894376511048383e-07
3.262904887611512 6.7433382737820525e-06 3.831410998088432e-07
3.2646948876208626 6.944824128480646e-06 4.303509889683403e-07
3.266484887630213 7.350873887896323e-06 4.002198280018499e-07
3.2682748876395635 8.359513131823298e-06 4.472725868771231e-07
3.270064887648914 1.0709745536460397e-05 4.960053341104167e-07
3.2718548876582645 9.027299355948508e-06 4.7232752624533935e-07
3.273644887667615 7.008299383668253e-06 4.3129926238832466e-07
3.2754348876769654 6.881078994744955e-06 4.3029671625783e-07
3.277224887686316 7.45001749345113e-06 3.8715756057612605e-07
3.2790148876956664 8.46725564174814e-06 4.4264783465647006e-07
3.280804887705017 1.007581965575153e-05 5.008794550061041e-07
3.2825948877143674 9.033966521674548e-06 4.919558670173822e-07
3.284384887723718 7.934827406886404e-06 3.9383402859431413e-07
3.2861748877330683 8.039260542322973e-06 4.266982702391805e-07
3.287964887742419 7.610657543709767e-06 4.573947976241925e-07
3.2897548877517693 8.230825894711752e-06 3.929514315984062e-07
3.2915448877611198 9.093147928467587e-06 4.472353216706292e-07
3.2933348877704702 7.67208494971525e-06 4.38398424320172e-07
3.2951248877798207 6.151316641453377e-06 3.4297977035342813e-07
3.296914887789171 6.8378943923227e-06 4.231565345798871e-07
3.2987048877985217 7.511908445002655e-06 4.261551788876985e-07
3.300494887807872 9.185512740790587e-06 4.164506746807877e-07
3.3022848878172226 1.0840951341151885e-05 4.6772546937600967e-07
3.304074887826573 8.758586396280081e-06 4.2244227544910344e-07
3.3058648878359236 7.326073752879877e-06 4.234511258438546e-07
3.307654887845274 6.7452139745215465e-06 3.6945936136780096e-07
3.3094448878546245 7.449699646456793e-06 2.9559557529197725e-07
3.311234887863975 1.0716552572796075e-05 3.8433944237766817e-07
3.3130248878733255 1.610525609642904e-05 5.322737383590239e-07
3.314814887882676 1.2722742728410388e-05 4.851914194891259e-07
3.3166048878920265 8.019667001089627e-06 3.6778705020269735e-07
3.318394887901377 7.767873902154945e-06 3.403561877404492e-07
3.3201848879107274 7.453530845911793e-06 3.4587065377088193e-07
3.321974887920078 8.865477130056494e-06 3.642797498357205e-07
3.3237648879294284 9.497491445766986e-06 3.7886479127838416e-07
3.325554887938779 8.39373480764787e-06 3.894345487497595e-07
3.3273448879481293 8.178166403396283e-06 3.8732542211906205e-07
