#Target name PANSTARRS (C/2017 K2)
#Obs. Start 2022-08-21 21:24:50.752
#Obs. End 2022-08-21 21:30:34.329
#Instrument used NIRSPEC
#Grating used G395M/F290LP
#Lower wavelength (um) 3.255
#Upper wavelength (um) 3.328
#Spectral plate scale (um) 0.001790000009350478
#Center pixel for extract (x,y) = 29,25
#Pixel scale (arcsec/pixel) 0.09999908561794624
#Aperture size (arcsec) 0.09999908561794624 0.09999908561794624
#X offset (arcsec) -0.7999926849435699
#Y offset (arcsec) -0.19999817123589247
#Wave (micron) Flux (Jy) Noise (Jy)
3.25574488757411 7.995897066909547e-06 3.0175380476933e-07
3.2575348875834607 8.36159953508372e-06 3.1598743251286105e-07
3.259324887592811 9.368175687518545e-06 3.165100700291998e-07
3.2611148876021616 9.505819126679232e-06 3.1993958978472773e-07
3.262904887611512 8.496563017499499e-06 3.752207023865177e-07
3.2646948876208626 8.032283150757609e-06 3.4593958039341954e-07
3.266484887630213 8.221684991729372e-06 3.5824951093225054e-07
3.2682748876395635 9.247849305758711e-06 3.617838776071019e-07
3.270064887648914 1.1141650736710105e-05 3.9393685814907545e-07
3.2718548876582645 1.0637735484265503e-05 3.6447843222613267e-07
3.273644887667615 8.614199579843231e-06 3.357263360704865e-07
3.2754348876769654 8.49943395142295e-06 3.5150596554237344e-07
3.277224887686316 9.047419205180937e-06 3.856051144887524e-07
3.2790148876956664 1.068842333794897e-05 4.0709004707485393e-07
3.280804887705017 1.1997779012957132e-05 4.150263592620581e-07
3.2825948877143674 1.0139033998455776e-05 3.669828782541401e-07
3.284384887723718 9.03345097295313e-06 3.7851584324704964e-07
3.2861748877330683 9.063147475913349e-06 3.743014566010654e-07
3.287964887742419 8.791207629552077e-06 3.756239511473147e-07
3.2897548877517693 9.534228999352084e-06 4.1051351473669566e-07
3.2915448877611198 1.044775533211928e-05 4.166491889574863e-07
3.2933348877704702 9.151429142362707e-06 3.7907611021626154e-07
3.2951248877798207 7.993033305837873e-06 3.7732279626020013e-07
3.296914887789171 7.669929507756482e-06 3.509612771106131e-07
3.2987048877985217 8.24377468538086e-06 3.8095934805391106e-07
3.300494887807872 1.0507057780786044e-05 4.297599571895567e-07
3.3022848878172226 1.0962463036667746e-05 4.1987540319548067e-07
3.304074887826573 9.41243845922342e-06 3.816304019603236e-07
3.3058648878359236 8.414807749560072e-06 3.5755049411149147e-07
3.307654887845274 8.382399012021952e-06 3.56419733255496e-07
3.3094448878546245 9.116935794777108e-06 3.6742126278105995e-07
3.311234887863975 1.2313471461940694e-05 3.8748364514242373e-07
3.3130248878733255 1.5054314959151526e-05 4.0188182819252515e-07
3.314814887882676 1.2921410997270616e-05 3.779901796838678e-07
3.3166048878920265 9.762026219275736e-06 3.4895265446164016e-07
3.318394887901377 9.211756412227005e-06 3.499008998626723e-07
3.3201848879107274 9.728668872090203e-06 3.3969735009721813e-07
3.321974887920078 1.0095441888391983e-05 3.2143529749379304e-07
3.3237648879294284 1.0542008397672379e-05 3.2710465229226956e-07
3.325554887938779 1.0860413977840314e-05 3.459904347917552e-07
3.3273448879481293 1.0517973067976579e-05 3.416698843356917e-07
