#Target name PANSTARRS (C/2017 K2)
#Obs. Start 2022-08-21 21:24:50.752
#Obs. End 2022-08-21 21:30:34.329
#Instrument used NIRSPEC
#Grating used G395M/F290LP
#Lower wavelength (um) 3.255
#Upper wavelength (um) 3.328
#Spectral plate scale (um) 0.001790000009350478
#Center pixel for extract (x,y) = 29,25
#Pixel scale (arcsec/pixel) 0.09999908561794624
#Aperture size (arcsec) 0.09999908561794624 0.09999908561794624
#X offset (arcsec) 0.2999972568538387
#Y offset (arcsec) 0.0
#Wave (micron) Flux (Jy) Noise (Jy)
3.25574488757411 1.7690569311399657e-05 5.28040859204554e-07
3.2575348875834607 1.7380718253581394e-05 6.00730987408486e-07
3.259324887592811 2.0358411109657527e-05 6.159093021461132e-07
3.2611148876021616 2.0210695193390018e-05 6.08074978945103e-07
3.262904887611512 1.7958245793986415e-05 5.724744344423518e-07
3.2646948876208626 1.815698758457735e-05 5.528307392844753e-07
3.266484887630213 1.70574575493674e-05 5.212175718765703e-07
3.2682748876395635 1.91602991928475e-05 5.574658024795567e-07
3.270064887648914 2.5836420224330913e-05 6.446562428145452e-07
3.2718548876582645 2.438914674858162e-05 6.142361784313943e-07
3.273644887667615 1.9162673406785443e-05 5.193843478686891e-07
3.2754348876769654 1.672315065341795e-05 4.814381127213848e-07
3.277224887686316 1.7980302313198435e-05 5.020939084724734e-07
3.2790148876956664 2.1232930577858907e-05 5.503909609982633e-07
3.280804887705017 2.6752314494790745e-05 6.2004630044598e-07
3.2825948877143674 2.367987723281484e-05 5.605474389239357e-07
3.284384887723718 1.9367754205133655e-05 5.063820970386868e-07
3.2861748877330683 1.952034048775725e-05 4.908217719060689e-07
3.287964887742419 1.962069406374607e-05 4.5940655839581756e-07
3.2897548877517693 2.3082505997970774e-05 5.201376654189106e-07
3.2915448877611198 2.4386146703326197e-05 5.321732623962516e-07
3.2933348877704702 2.07133991304909e-05 4.92206636640029e-07
3.2951248877798207 1.7703751219751494e-05 4.6109016119867836e-07
3.296914887789171 1.719429942234209e-05 4.7066230387515523e-07
3.2987048877985217 1.8318952370898415e-05 4.789346193377538e-07
3.300494887807872 2.4562111103101592e-05 5.521284162273507e-07
3.3022848878172226 2.827183831326944e-05 5.785821737677481e-07
3.304074887826573 2.2891421226651007e-05 5.00540369645962e-07
3.3058648878359236 1.875297804545448e-05 4.294236457056874e-07
3.307654887845274 1.825309662552756e-05 4.058555880765774e-07
3.3094448878546245 1.987820661536585e-05 4.293121863136328e-07
3.311234887863975 2.8804960521540527e-05 5.29864892996097e-07
3.3130248878733255 3.969991626371593e-05 6.205100701436393e-07
3.314814887882676 3.4688972772093045e-05 5.514333220599067e-07
3.3166048878920265 2.4024853745781487e-05 4.5438054675997733e-07
3.318394887901377 2.058580306345582e-05 4.363597373354337e-07
3.3201848879107274 2.0455644495123665e-05 4.2537448682112763e-07
3.321974887920078 2.298568863790766e-05 4.4744067257167714e-07
3.3237648879294284 2.497099593218184e-05 4.6848730468771563e-07
3.325554887938779 2.411340798059834e-05 4.764420533455009e-07
3.3273448879481293 2.309152944550532e-05 4.6691199513530507e-07
