#Target name PANSTARRS (C/2017 K2)
#Obs. Start 2022-08-21 21:24:50.752
#Obs. End 2022-08-21 21:30:34.329
#Instrument used NIRSPEC
#Grating used G395M/F290LP
#Lower wavelength (um) 3.255
#Upper wavelength (um) 3.328
#Spectral plate scale (um) 0.001790000009350478
#Center pixel for extract (x,y) = 29,25
#Pixel scale (arcsec/pixel) 0.09999908561794624
#Aperture size (arcsec) 0.09999908561794624 0.09999908561794624
#X offset (arcsec) 0.4999954280897312
#Y offset (arcsec) -0.6999935993256237
#Wave (micron) Flux (Jy) Noise (Jy)
3.25574488757411 5.9139351466469244e-06 2.7292168648605483e-07
3.2575348875834607 6.1942591601281826e-06 2.6392440865291264e-07
3.259324887592811 7.157700920103188e-06 3.080201874023718e-07
3.2611148876021616 7.512384543039305e-06 3.311825866407912e-07
3.262904887611512 6.332021847949651e-06 2.8809722734740923e-07
3.2646948876208626 5.8490822556150375e-06 2.761895929249987e-07
3.266484887630213 5.291098494784168e-06 2.461897287687567e-07
3.2682748876395635 6.16266319635696e-06 2.4636571580784557e-07
3.270064887648914 8.932049263998505e-06 3.535456051714883e-07
3.2718548876582645 9.405542658847012e-06 3.549361017148509e-07
3.273644887667615 6.368247887542454e-06 3.260597134870191e-07
3.2754348876769654 5.973531682236515e-06 3.355672724785573e-07
3.277224887686316 5.776710422708677e-06 2.990197434276253e-07
3.2790148876956664 7.467899861232601e-06 3.366577981191202e-07
3.280804887705017 9.372206830216807e-06 3.814494555666864e-07
3.2825948877143674 8.347179413194004e-06 3.8138173375909555e-07
3.284384887723718 6.844659736457429e-06 3.57994426390957e-07
3.2861748877330683 6.649673382074606e-06 3.516068898083817e-07
3.287964887742419 6.733082888954934e-06 3.5616761872314107e-07
3.2897548877517693 7.906351185334623e-06 3.737026915914606e-07
3.2915448877611198 8.904251773546052e-06 3.824887625625343e-07
3.2933348877704702 7.369875220554892e-06 3.850763128029184e-07
3.2951248877798207 6.600428168204641e-06 3.7559542785392317e-07
3.296914887789171 6.028719603803119e-06 4.011195445775832e-07
3.2987048877985217 6.619266766788535e-06 4.0866743002973103e-07
3.300494887807872 9.203174991683173e-06 4.3737032490522444e-07
3.3022848878172226 9.7881273302831e-06 5.145266460790208e-07
3.304074887826573 7.123356409191946e-06 4.112747056124998e-07
3.3058648878359236 6.250667811406459e-06 4.3706102369132513e-07
3.307654887845274 6.215111536848265e-06 3.818968061583265e-07
3.3094448878546245 6.59268955774452e-06 3.6375739250890426e-07
3.311234887863975 9.291685292782898e-06 3.940849943496268e-07
3.3130248878733255 1.3884410281951672e-05 5.112321776733428e-07
3.314814887882676 1.160945247367414e-05 5.048518699804483e-07
3.3166048878920265 7.515756679980621e-06 4.683933851597701e-07
3.318394887901377 6.654561680560132e-06 5.95584690410632e-07
3.3201848879107274 7.849294735880301e-06 3.734655391796077e-07
3.321974887920078 8.305360790731893e-06 4.730585967474736e-07
3.3237648879294284 8.715606668436687e-06 4.0373233989394543e-07
3.325554887938779 8.124023924976072e-06 4.21873798926882e-07
3.3273448879481293 8.097712111447779e-06 3.895510795721716e-07
