#Target name PANSTARRS (C/2017 K2)
#Obs. Start 2022-08-21 21:24:50.752
#Obs. End 2022-08-21 21:30:34.329
#Instrument used NIRSPEC
#Grating used G395M/F290LP
#Lower wavelength (um) 3.255
#Upper wavelength (um) 3.328
#Spectral plate scale (um) 0.001790000009350478
#Center pixel for extract (x,y) = 29,25
#Pixel scale (arcsec/pixel) 0.09999908561794624
#Aperture size (arcsec) 0.09999908561794624 0.09999908561794624
#X offset (arcsec) -0.2999972568538387
#Y offset (arcsec) 0.19999817123589247
#Wave (micron) Flux (Jy) Noise (Jy)
3.25574488757411 1.9612997593790135e-05 4.118234848112888e-07
3.2575348875834607 2.024919368208619e-05 4.153516592976927e-07
3.259324887592811 2.2356957695097756e-05 4.4291720886341163e-07
3.2611148876021616 2.3378101012883705e-05 4.5587028643221317e-07
3.262904887611512 2.0711747581369414e-05 4.4521137265477495e-07
3.2646948876208626 2.0044177439403963e-05 4.858695902094101e-07
3.266484887630213 2.0432155198769333e-05 4.8006501594737e-07
3.2682748876395635 2.1879507575888165e-05 4.592913724831135e-07
3.270064887648914 2.7039438371755908e-05 5.203169306754128e-07
3.2718548876582645 2.5843576937190682e-05 4.998061610211755e-07
3.273644887667615 2.1489013938762268e-05 4.6450138457838634e-07
3.2754348876769654 2.0425649422208262e-05 4.46532606348173e-07
3.277224887686316 1.9947874731455794e-05 4.428049929596462e-07
3.2790148876956664 2.3259969523767413e-05 4.871422670585571e-07
3.280804887705017 2.7997396038244716e-05 5.368742261670275e-07
3.2825948877143674 2.5673485309807105e-05 5.26418169603887e-07
3.284384887723718 2.148766544262833e-05 4.882312516567462e-07
3.2861748877330683 2.0367117158500973e-05 4.801429646725325e-07
3.287964887742419 2.0261929080414953e-05 4.921829326064246e-07
3.2897548877517693 2.283625482363973e-05 5.370494566944055e-07
3.2915448877611198 2.4884360435215136e-05 5.714437292648447e-07
3.2933348877704702 2.266040160306687e-05 5.509920235619526e-07
3.2951248877798207 2.0336697094117822e-05 5.406978605049187e-07
3.296914887789171 2.0072472546448396e-05 5.452430949390832e-07
3.2987048877985217 2.0729568531607552e-05 5.482435324598387e-07
3.300494887807872 2.5249117880167784e-05 6.200613746422911e-07
3.3022848878172226 2.7861307314706536e-05 6.791364775304907e-07
3.304074887826573 2.3181597152046968e-05 6.229882343944353e-07
3.3058648878359236 2.013419134955729e-05 5.456820398450481e-07
3.307654887845274 1.986272580801972e-05 5.42262775026044e-07
3.3094448878546245 1.985763666968446e-05 5.395242026330269e-07
3.311234887863975 2.6512721520121024e-05 6.147000602048626e-07
3.3130248878733255 3.762511150461632e-05 7.693914627489849e-07
3.314814887882676 3.4710412426052306e-05 7.618009044325587e-07
3.3166048878920265 2.3592468861069243e-05 6.212710088488733e-07
3.318394887901377 2.0038462469751222e-05 5.575331040028637e-07
3.3201848879107274 2.1577792325197135e-05 6.006973646657846e-07
3.321974887920078 2.3234484381406334e-05 6.044375585638721e-07
3.3237648879294284 2.5745437979187787e-05 6.271704552832354e-07
3.325554887938779 2.5410517804411472e-05 6.461153577719706e-07
3.3273448879481293 2.41061669867302e-05 6.372295953687876e-07
