#Target name PANSTARRS (C/2017 K2)
#Obs. Start 2022-08-21 21:24:50.752
#Obs. End 2022-08-21 21:30:34.329
#Instrument used NIRSPEC
#Grating used G395M/F290LP
#Lower wavelength (um) 3.255
#Upper wavelength (um) 3.328
#Spectral plate scale (um) 0.001790000009350478
#Center pixel for extract (x,y) = 29,25
#Pixel scale (arcsec/pixel) 0.09999908561794624
#Aperture size (arcsec) 0.09999908561794624 0.09999908561794624
#X offset (arcsec) 0.0
#Y offset (arcsec) -0.09999908561794624
#Wave (micron) Flux (Jy) Noise (Jy)
3.25574488757411 4.9202510296915266e-05 7.43260427500615e-07
3.2575348875834607 5.1548377124640024e-05 8.045293022742624e-07
3.259324887592811 6.189789487204449e-05 8.853550134538079e-07
3.2611148876021616 6.115193263301622e-05 8.667987338327945e-07
3.262904887611512 5.401263545735798e-05 7.749746312503372e-07
3.2646948876208626 5.042015209589912e-05 7.351232194257709e-07
3.266484887630213 5.094693708962588e-05 7.502456643726096e-07
3.2682748876395635 6.187666323078674e-05 8.591556679998498e-07
3.270064887648914 7.883513542564165e-05 1.0429622362828874e-06
3.2718548876582645 6.805738049506456e-05 8.894552508883214e-07
3.273644887667615 5.468534494762113e-05 7.954945911209127e-07
3.2754348876769654 5.1820931146434645e-05 7.74069114751488e-07
3.277224887686316 5.318020449016679e-05 7.870389196347833e-07
3.2790148876956664 6.834615233472532e-05 9.512158582739745e-07
3.280804887705017 8.162467899998744e-05 1.1603967259429857e-06
3.2825948877143674 6.60998877267658e-05 9.004593021195879e-07
3.284384887723718 5.717222286841554e-05 8.204556109611836e-07
3.2861748877330683 5.492113451763649e-05 8.244710630461853e-07
3.287964887742419 5.7172244386970866e-05 8.894814766276283e-07
3.2897548877517693 7.137166838680678e-05 1.0921727066520614e-06
3.2915448877611198 7.542918566105051e-05 1.1315889841481689e-06
3.2933348877704702 6.223442355883164e-05 1.0145826240784667e-06
3.2951248877798207 5.497833801055222e-05 1.0002078928913993e-06
3.296914887789171 5.3501824404536975e-05 1.0101031781441876e-06
3.2987048877985217 5.7674508986900455e-05 1.1046479770281258e-06
3.300494887807872 7.974354123884706e-05 1.4279850048680541e-06
3.3022848878172226 8.393017701791539e-05 1.338595132819263e-06
3.304074887826573 6.621659719801746e-05 1.0628029046750886e-06
3.3058648878359236 5.904045308278454e-05 9.512161945014016e-07
3.307654887845274 5.872840892553568e-05 9.181072073086224e-07
3.3094448878546245 6.19942119256962e-05 9.482100971522913e-07
3.311234887863975 9.866093359950419e-05 1.369174456927009e-06
3.3130248878733255 0.0001285778439491053 1.6080594487112525e-06
3.314814887882676 0.00010119734723466551 1.330181153534083e-06
3.3166048878920265 6.883016919973608e-05 1.0283626810229578e-06
3.318394887901377 6.025228487182962e-05 9.688417966044441e-07
3.3201848879107274 6.326953062581303e-05 1.013820172349811e-06
3.321974887920078 7.182657781930944e-05 1.0906248276539045e-06
3.3237648879294284 7.543937111057281e-05 1.1114515390137246e-06
3.325554887938779 7.326036633371935e-05 1.0985541911409506e-06
3.3273448879481293 7.145907675855238e-05 1.0906186634844095e-06
