#Target name PANSTARRS (C/2017 K2)
#Obs. Start 2022-08-21 21:24:50.752
#Obs. End 2022-08-21 21:30:34.329
#Instrument used NIRSPEC
#Grating used G395M/F290LP
#Lower wavelength (um) 3.255
#Upper wavelength (um) 3.328
#Spectral plate scale (um) 0.001790000009350478
#Center pixel for extract (x,y) = 29,25
#Pixel scale (arcsec/pixel) 0.09999908561794624
#Aperture size (arcsec) 0.09999908561794624 0.09999908561794624
#X offset (arcsec) 0.2999972568538387
#Y offset (arcsec) -0.2999972568538387
#Wave (micron) Flux (Jy) Noise (Jy)
3.25574488757411 1.1956254477417847e-05 4.12800085391999e-07
3.2575348875834607 1.3309615598073411e-05 4.781614643693386e-07
3.259324887592811 1.384986762101011e-05 4.312522465864474e-07
3.2611148876021616 1.4656792823891361e-05 4.681616123867495e-07
3.262904887611512 1.2710754203272828e-05 4.3213335857788606e-07
3.2646948876208626 1.2981243340362351e-05 3.9971464629276353e-07
3.266484887630213 1.1902597959705477e-05 4.35228724308868e-07
3.2682748876395635 1.4635353169932094e-05 4.4893245762742727e-07
3.270064887648914 1.957515542103149e-05 5.383043695278254e-07
3.2718548876582645 1.6385737912649377e-05 4.4588836657906474e-07
3.273644887667615 1.3309144879675594e-05 4.3900192453270727e-07
3.2754348876769654 1.251777310926471e-05 4.030155870764114e-07
3.277224887686316 1.2436283236841003e-05 3.972370984589171e-07
3.2790148876956664 1.4877840390293544e-05 4.374574918656774e-07
3.280804887705017 1.9750531646961232e-05 4.953054206831857e-07
3.2825948877143674 1.580094785982089e-05 4.4850393577169975e-07
3.284384887723718 1.3049561167105414e-05 4.244023972917299e-07
3.2861748877330683 1.266182100845513e-05 3.795821885318199e-07
3.287964887742419 1.2355618242371571e-05 3.6523331883768034e-07
3.2897548877517693 1.4992672367592756e-05 4.393628086377008e-07
3.2915448877611198 1.737824720614447e-05 4.4866319549629475e-07
3.2933348877704702 1.4840384654924346e-05 4.0670473044349757e-07
3.2951248877798207 1.2635330770238902e-05 3.8200543563620383e-07
3.296914887789171 1.2082819447010089e-05 3.818602414256389e-07
3.2987048877985217 1.2666839314879101e-05 3.8605201677715654e-07
3.300494887807872 1.722328670958293e-05 4.339014105028315e-07
3.3022848878172226 2.0273491717478296e-05 5.053095875844214e-07
3.304074887826573 1.4768357567206482e-05 4.0046510590985554e-07
3.3058648878359236 1.2966181248238661e-05 3.619642075837896e-07
3.307654887845274 1.34009932466707e-05 3.367022641963426e-07
3.3094448878546245 1.3129282931566267e-05 3.2616688597937935e-07
3.311234887863975 2.0018127434965504e-05 3.9267211066341554e-07
3.3130248878733255 2.840502203183823e-05 4.65652487193716e-07
3.314814887882676 2.2133853313448726e-05 3.907574075423881e-07
3.3166048878920265 1.5648919266422894e-05 3.298396942973031e-07
3.318394887901377 1.4045877451680759e-05 3.275590076219725e-07
3.3201848879107274 1.4754019933112196e-05 3.293023748499848e-07
3.321974887920078 1.6393952621146148e-05 3.201723432210772e-07
3.3237648879294284 1.7028466675700667e-05 3.24637471470756e-07
3.325554887938779 1.6647607971723243e-05 3.248270196827343e-07
3.3273448879481293 1.595198480646081e-05 3.165085009678737e-07
