#Target name PANSTARRS (C/2017 K2)
#Obs. Start 2022-08-21 21:24:50.752
#Obs. End 2022-08-21 21:30:34.329
#Instrument used NIRSPEC
#Grating used G395M/F290LP
#Lower wavelength (um) 3.255
#Upper wavelength (um) 3.328
#Spectral plate scale (um) 0.001790000009350478
#Center pixel for extract (x,y) = 29,25
#Pixel scale (arcsec/pixel) 0.09999908561794624
#Aperture size (arcsec) 0.09999908561794624 0.09999908561794624
#X offset (arcsec) 0.4999954280897312
#Y offset (arcsec) 0.6999935993256237
#Wave (micron) Flux (Jy) Noise (Jy)
3.25574488757411 5.755177969979558e-06 4.1582024825513916e-07
3.2575348875834607 6.17654580266669e-06 3.778518781355566e-07
3.259324887592811 6.877734204301034e-06 4.42002053844988e-07
3.2611148876021616 8.2417824258e-06 4.123932502053138e-07
3.262904887611512 6.6869524859688126e-06 3.6279340045670707e-07
3.2646948876208626 6.4813677947833185e-06 3.7076983578353466e-07
3.266484887630213 6.6324814012766005e-06 3.9385941376505355e-07
3.2682748876395635 6.444115589083273e-06 3.780782992886973e-07
3.270064887648914 9.778207276276523e-06 4.262137384979032e-07
3.2718548876582645 8.567287336013497e-06 3.9752659027357487e-07
3.273644887667615 6.544039690571985e-06 3.748348814140208e-07
3.2754348876769654 6.581792202683425e-06 3.2576027494431215e-07
3.277224887686316 6.36412125625492e-06 3.357145961294933e-07
3.2790148876956664 7.7891952040599e-06 3.824677763672983e-07
3.280804887705017 1.0118613786055215e-05 3.86681546596333e-07
3.2825948877143674 8.900860807868822e-06 3.616177532392054e-07
3.284384887723718 7.0704593171613894e-06 3.4362132030312024e-07
3.2861748877330683 6.1403264876224264e-06 3.0628130320671964e-07
3.287964887742419 6.1369077271445625e-06 2.9971971289276087e-07
3.2897548877517693 8.051853380222683e-06 3.4924259457953397e-07
3.2915448877611198 9.062460675355771e-06 4.3972453331126174e-07
3.2933348877704702 7.781194784509945e-06 3.251183047103362e-07
3.2951248877798207 6.813069152325038e-06 3.0286041328848504e-07
3.296914887789171 6.130983399880602e-06 3.317443946523769e-07
3.2987048877985217 6.592094659350326e-06 3.187611686909533e-07
3.300494887807872 9.256537422472717e-06 3.862157315151594e-07
3.3022848878172226 1.0925441258831013e-05 3.7629150268469595e-07
3.304074887826573 8.342932188335982e-06 3.1743802970880216e-07
3.3058648878359236 6.376175681968174e-06 2.7608628704804917e-07
3.307654887845274 6.546912866011616e-06 2.768485426440388e-07
3.3094448878546245 6.779710011926561e-06 2.773461592360174e-07
3.311234887863975 9.702500515597434e-06 3.494480295374387e-07
3.3130248878733255 1.4661580702452018e-05 4.3671496161207246e-07
3.314814887882676 1.2354518106230386e-05 3.8324250039703976e-07
3.3166048878920265 8.636326034360073e-06 3.3948485436334616e-07
3.318394887901377 6.807002712935259e-06 2.912154005055236e-07
3.3201848879107274 7.2028966108422145e-06 3.0172390854727817e-07
3.321974887920078 8.550745843210952e-06 3.1024388352882375e-07
3.3237648879294284 9.209698700373689e-06 3.4682444692445976e-07
3.325554887938779 8.675508633794407e-06 3.511387771731235e-07
3.3273448879481293 8.097990059454109e-06 3.4566734825334836e-07
