#Target name PANSTARRS (C/2017 K2)
#Obs. Start 2022-08-21 21:24:50.752
#Obs. End 2022-08-21 21:30:34.329
#Instrument used NIRSPEC
#Grating used G395M/F290LP
#Lower wavelength (um) 3.255
#Upper wavelength (um) 3.328
#Spectral plate scale (um) 0.001790000009350478
#Center pixel for extract (x,y) = 29,25
#Pixel scale (arcsec/pixel) 0.09999908561794624
#Aperture size (arcsec) 0.09999908561794624 0.09999908561794624
#X offset (arcsec) 0.39999634247178495
#Y offset (arcsec) 0.19999817123589247
#Wave (micron) Flux (Jy) Noise (Jy)
3.25574488757411 1.1318574505410576e-05 4.1839432137949043e-07
3.2575348875834607 1.1719945772255184e-05 4.2083494023427e-07
3.259324887592811 1.4095075145407706e-05 4.963990564274485e-07
3.2611148876021616 1.4405405887688509e-05 4.802897279444234e-07
3.262904887611512 1.2735815250772636e-05 4.6757548392460976e-07
3.2646948876208626 1.2617602170467384e-05 4.832065008737572e-07
3.266484887630213 1.243201718324707e-05 4.4229328283468534e-07
3.2682748876395635 1.3611566656266588e-05 4.541803793650958e-07
3.270064887648914 1.724511907717694e-05 5.060683408113797e-07
3.2718548876582645 1.5986593816281302e-05 4.872843791843745e-07
3.273644887667615 1.344934095746216e-05 4.1183158228848933e-07
3.2754348876769654 1.1884551961242859e-05 4.187793858402765e-07
3.277224887686316 1.299397694547817e-05 4.3895552514777954e-07
3.2790148876956664 1.4516166374998218e-05 4.7097101669105725e-07
3.280804887705017 1.7115091413389707e-05 4.7407288281896146e-07
3.2825948877143674 1.4943445982458702e-05 4.418500790479783e-07
3.284384887723718 1.2187543082943596e-05 4.0232534018770696e-07
3.2861748877330683 1.2340746230819952e-05 4.078636223275531e-07
3.287964887742419 1.289438817481e-05 4.2176976455717387e-07
3.2897548877517693 1.4857029257471176e-05 4.4131416054827254e-07
3.2915448877611198 1.5768908524149245e-05 4.359357545499709e-07
3.2933348877704702 1.1890643505613855e-05 4.4235088980051346e-07
3.2951248877798207 1.1225497787548783e-05 3.809150500904022e-07
3.296914887789171 1.206304927430175e-05 4.0147723452202004e-07
3.2987048877985217 1.2200292826975912e-05 4.1233564323948567e-07
3.300494887807872 1.6147328458522736e-05 4.8533162632619e-07
3.3022848878172226 1.8033194922196634e-05 4.797481776353153e-07
3.304074887826573 1.4718401344404195e-05 3.9337230428016915e-07
3.3058648878359236 1.226116702678815e-05 3.701345340601945e-07
3.307654887845274 1.1841730036138541e-05 3.6560838053251283e-07
3.3094448878546245 1.2109073877724173e-05 3.61685222876226e-07
3.311234887863975 1.7964875302240627e-05 4.246565011696946e-07
3.3130248878733255 2.5000944381560703e-05 4.769403423923334e-07
3.314814887882676 2.192480592806824e-05 4.282310190031217e-07
3.3166048878920265 1.53501395053213e-05 3.6024423618090693e-07
3.318394887901377 1.2887798117240553e-05 3.2843039703698e-07
3.3201848879107274 1.3071510093540792e-05 3.1575229746557026e-07
3.321974887920078 1.4930241658945065e-05 3.5777565441178086e-07
3.3237648879294284 1.6252659993644283e-05 3.6624029196263063e-07
3.325554887938779 1.5425995999281218e-05 3.391034043474005e-07
3.3273448879481293 1.481146102674302e-05 3.2741728776148676e-07
