#Target name PANSTARRS (C/2017 K2)
#Obs. Start 2022-08-21 21:24:50.752
#Obs. End 2022-08-21 21:30:34.329
#Instrument used NIRSPEC
#Grating used G395M/F290LP
#Lower wavelength (um) 3.255
#Upper wavelength (um) 3.328
#Spectral plate scale (um) 0.001790000009350478
#Center pixel for extract (x,y) = 29,25
#Pixel scale (arcsec/pixel) 0.09999908561794624
#Aperture size (arcsec) 0.09999908561794624 0.09999908561794624
#X offset (arcsec) -0.39999634247178495
#Y offset (arcsec) 0.2999972568538387
#Wave (micron) Flux (Jy) Noise (Jy)
3.25574488757411 1.3716038345781454e-05 3.540559143488366e-07
3.2575348875834607 1.4213923023095157e-05 3.6834543990210847e-07
3.259324887592811 1.5337934898023982e-05 3.8745495373531863e-07
3.2611148876021616 1.62053550361798e-05 3.987124083707437e-07
3.262904887611512 1.5035857418318248e-05 3.737010384732778e-07
3.2646948876208626 1.3614804302237102e-05 3.6671487697585886e-07
3.266484887630213 1.355226689741924e-05 3.96282156528297e-07
3.2682748876395635 1.5845930606522806e-05 4.131809750288997e-07
3.270064887648914 1.9216039424000875e-05 4.521336229221092e-07
3.2718548876582645 1.856970271650612e-05 4.740341606269505e-07
3.273644887667615 1.5668171200590396e-05 4.311939671657652e-07
3.2754348876769654 1.438151670484765e-05 4.0007830427402983e-07
3.277224887686316 1.4584746010831112e-05 4.154624462348933e-07
3.2790148876956664 1.767679564277628e-05 4.3965961339889606e-07
3.280804887705017 2.0599248574110433e-05 4.7085765201024955e-07
3.2825948877143674 1.8205723525971198e-05 4.6401755331091537e-07
3.284384887723718 1.455312628698838e-05 4.217834378058724e-07
3.2861748877330683 1.3838018966482189e-05 4.0906196489637803e-07
3.287964887742419 1.4127873906761162e-05 4.1378156127040086e-07
3.2897548877517693 1.627484024454945e-05 4.3576150468592165e-07
3.2915448877611198 1.7918778970300444e-05 4.6659257907964316e-07
3.2933348877704702 1.6031164124006086e-05 4.474482937266894e-07
3.2951248877798207 1.4345075928004795e-05 4.3703034293861024e-07
3.296914887789171 1.451340303385141e-05 4.3527719709626234e-07
3.2987048877985217 1.526223082716431e-05 4.378165267198223e-07
3.300494887807872 1.747382366285029e-05 4.5047375217180506e-07
3.3022848878172226 1.9809463797155046e-05 5.015033249969259e-07
3.304074887826573 1.6234727864203616e-05 4.677207621920315e-07
3.3058648878359236 1.3489889985159871e-05 4.301088211640345e-07
3.307654887845274 1.3697060773194395e-05 4.104181942611376e-07
3.3094448878546245 1.5023370379982237e-05 3.9898139031235367e-07
3.311234887863975 2.0925722715920198e-05 4.578703352817973e-07
3.3130248878733255 2.891965621465599e-05 5.58638619782881e-07
3.314814887882676 2.5019274604274953e-05 5.34245544104739e-07
3.3166048878920265 1.7219011689924272e-05 4.373672708394291e-07
3.318394887901377 1.5400973505859707e-05 3.9805976291596003e-07
3.3201848879107274 1.6244007741189162e-05 3.985204225099195e-07
3.321974887920078 1.6977828135373163e-05 4.070867128195361e-07
3.3237648879294284 1.9245498326246004e-05 4.251242215396213e-07
3.325554887938779 1.9250637674543703e-05 4.0975008234471145e-07
3.3273448879481293 1.777208518541105e-05 4.038473296739837e-07
