#Target name PANSTARRS (C/2017 K2)
#Obs. Start 2022-08-21 21:24:50.752
#Obs. End 2022-08-21 21:30:34.329
#Instrument used NIRSPEC
#Grating used G395M/F290LP
#Lower wavelength (um) 3.255
#Upper wavelength (um) 3.328
#Spectral plate scale (um) 0.001790000009350478
#Center pixel for extract (x,y) = 29,25
#Pixel scale (arcsec/pixel) 0.09999908561794624
#Aperture size (arcsec) 0.09999908561794624 0.09999908561794624
#X offset (arcsec) -0.4999954280897312
#Y offset (arcsec) -0.6999935993256237
#Wave (micron) Flux (Jy) Noise (Jy)
3.25574488757411 6.135697308407318e-06 2.1716820236826448e-07
3.2575348875834607 6.51967396139124e-06 2.1802542820290908e-07
3.259324887592811 7.263043214502398e-06 2.350920381990672e-07
3.2611148876021616 7.571641713079232e-06 2.611970998787004e-07
3.262904887611512 6.713745777172588e-06 2.4348256562121295e-07
3.2646948876208626 6.842726204600488e-06 2.510490276387033e-07
3.266484887630213 6.712250237577236e-06 2.4385964468060754e-07
3.2682748876395635 7.427703648181634e-06 2.616957811908645e-07
3.270064887648914 8.798585804210439e-06 2.817997716963211e-07
3.2718548876582645 8.581768427143308e-06 2.926382309197839e-07
3.273644887667615 7.242479096763074e-06 2.7481391840737693e-07
3.2754348876769654 6.442573425951375e-06 2.52850590230541e-07
3.277224887686316 6.499985379871857e-06 2.6196837757731494e-07
3.2790148876956664 8.311941882236619e-06 3.00467510709389e-07
3.280804887705017 1.0384381393463011e-05 3.373152908526433e-07
3.2825948877143674 8.736272551010585e-06 3.6863397907238973e-07
3.284384887723718 7.118549701895375e-06 3.135368108921279e-07
3.2861748877330683 6.59546948611106e-06 2.7823536870465657e-07
3.287964887742419 6.275453152416116e-06 2.848048603631502e-07
3.2897548877517693 8.03893328096068e-06 3.212629248995446e-07
3.2915448877611198 8.704167763066485e-06 3.317038792474219e-07
3.2933348877704702 7.036942374023835e-06 3.1312896702316165e-07
3.2951248877798207 6.399859541926938e-06 3.0141640054632294e-07
3.296914887789171 6.948605117973211e-06 3.050573513155373e-07
3.2987048877985217 6.956101196382646e-06 3.1729098624738866e-07
3.300494887807872 8.370360276921958e-06 3.217968260346883e-07
3.3022848878172226 9.864877740895636e-06 3.617993440687444e-07
3.304074887826573 7.628871207582655e-06 3.202249347944524e-07
3.3058648878359236 6.805740291022637e-06 3.308739298627937e-07
3.307654887845274 6.74144777903577e-06 3.258941214792154e-07
3.3094448878546245 7.76079878048413e-06 3.4037095372828553e-07
3.311234887863975 1.1361952326527553e-05 3.714443920589786e-07
3.3130248878733255 1.4477565673164233e-05 4.032820473123189e-07
3.314814887882676 1.0727033005847674e-05 4.1998148294870317e-07
3.3166048878920265 7.3171722438255295e-06 3.2849103004965125e-07
3.318394887901377 7.367185401138792e-06 3.1978052619279854e-07
3.3201848879107274 7.213811449729513e-06 2.9160273450144203e-07
3.321974887920078 8.158507409890477e-06 3.1478099246683555e-07
3.3237648879294284 9.147404275909748e-06 3.319894203898123e-07
3.325554887938779 8.665781350179316e-06 3.1434364464114897e-07
3.3273448879481293 8.345919681100798e-06 3.3321651040364684e-07
