#Target name PANSTARRS (C/2017 K2)
#Obs. Start 2022-08-21 21:24:50.752
#Obs. End 2022-08-21 21:30:34.329
#Instrument used NIRSPEC
#Grating used G395M/F290LP
#Lower wavelength (um) 3.255
#Upper wavelength (um) 3.328
#Spectral plate scale (um) 0.001790000009350478
#Center pixel for extract (x,y) = 29,25
#Pixel scale (arcsec/pixel) 0.09999908561794624
#Aperture size (arcsec) 0.09999908561794624 0.09999908561794624
#X offset (arcsec) 0.0
#Y offset (arcsec) -0.7999926849435699
#Wave (micron) Flux (Jy) Noise (Jy)
3.25574488757411 6.253946252971449e-06 3.275176796674022e-07
3.2575348875834607 5.946573863745122e-06 2.9266101032796405e-07
3.259324887592811 7.4534129421607205e-06 3.471048886175405e-07
3.2611148876021616 7.598523768323738e-06 3.3673437391562235e-07
3.262904887611512 6.328182130733168e-06 3.114058574976269e-07
3.2646948876208626 5.918487217705438e-06 2.956670236202174e-07
3.266484887630213 6.672470946535765e-06 3.001130149255088e-07
3.2682748876395635 7.3766396680831474e-06 3.137362217752986e-07
3.270064887648914 9.83982565946055e-06 3.8557376128118345e-07
3.2718548876582645 9.186844201401555e-06 3.638259829040148e-07
3.273644887667615 6.98370053680478e-06 3.206997439592986e-07
3.2754348876769654 6.768056817609543e-06 3.383279518249005e-07
3.277224887686316 6.425761157994276e-06 3.3460986488013906e-07
3.2790148876956664 8.20498210976186e-06 3.186775881563884e-07
3.280804887705017 1.0305654862186114e-05 4.0016653595466843e-07
3.2825948877143674 8.650409928822775e-06 3.5540068396212546e-07
3.284384887723718 6.733116063394399e-06 3.4825069565089473e-07
3.2861748877330683 6.933415707730492e-06 3.6956731839082424e-07
3.287964887742419 6.931201538047805e-06 3.5535134258721143e-07
3.2897548877517693 8.543798936265636e-06 3.7714969517319316e-07
3.2915448877611198 1.049889507546465e-05 4.4741624004531424e-07
3.2933348877704702 8.232867467648573e-06 3.9456011172294774e-07
3.2951248877798207 6.685138202772653e-06 3.5112048079730357e-07
3.296914887789171 6.0914363299153874e-06 3.367065791149893e-07
3.2987048877985217 6.457561099737887e-06 3.6456828900600173e-07
3.300494887807872 1.0375969431542392e-05 4.723692184462889e-07
3.3022848878172226 1.208896658098235e-05 5.068880632784363e-07
3.304074887826573 7.890514425219096e-06 4.0240256042011084e-07
3.3058648878359236 6.744333058662774e-06 3.7856739811919153e-07
3.307654887845274 6.513169978043109e-06 4.513289466324114e-07
3.3094448878546245 7.993145381646876e-06 4.0030211966461123e-07
3.311234887863975 1.1026181272209275e-05 4.962544225959285e-07
3.3130248878733255 1.7914249314403732e-05 7.092766325806535e-07
3.314814887882676 1.054681510496895e-05 3.6834423508716163e-07
3.3166048878920265 8.028260974124066e-06 4.255583191668467e-07
3.318394887901377 6.85449730266858e-06 4.5895209099030563e-07
3.3201848879107274 7.336706160728486e-06 4.730869519271517e-07
3.321974887920078 8.968435347846566e-06 4.866351800607176e-07
3.3237648879294284 9.322435308347758e-06 4.852794550370986e-07
3.325554887938779 9.504180130048356e-06 5.944559189002463e-07
3.3273448879481293 8.368811837544757e-06 5.139592062580326e-07
