#Target name PANSTARRS (C/2017 K2)
#Obs. Start 2022-08-21 21:24:50.752
#Obs. End 2022-08-21 21:30:34.329
#Instrument used NIRSPEC
#Grating used G395M/F290LP
#Lower wavelength (um) 3.255
#Upper wavelength (um) 3.328
#Spectral plate scale (um) 0.001790000009350478
#Center pixel for extract (x,y) = 29,25
#Pixel scale (arcsec/pixel) 0.09999908561794624
#Aperture size (arcsec) 0.09999908561794624 0.09999908561794624
#X offset (arcsec) -0.2999972568538387
#Y offset (arcsec) 0.39999634247178495
#Wave (micron) Flux (Jy) Noise (Jy)
3.25574488757411 1.2905794802347209e-05 3.035623440802782e-07
3.2575348875834607 1.3472704728910408e-05 3.322020842373977e-07
3.259324887592811 1.5252660449681824e-05 3.6794645002205356e-07
3.2611148876021616 1.5965586326641556e-05 3.664590919607591e-07
3.262904887611512 1.4461263574289721e-05 3.360203949743612e-07
3.2646948876208626 1.3512281835192435e-05 3.233027046234207e-07
3.266484887630213 1.2994041501144157e-05 3.2545834271485486e-07
3.2682748876395635 1.4549909262966726e-05 3.388471430101124e-07
3.270064887648914 1.8623780639260348e-05 3.727974552821338e-07
3.2718548876582645 1.8162141278578595e-05 3.640276353033656e-07
3.273644887667615 1.4483449204833717e-05 3.3041979868470874e-07
3.2754348876769654 1.3405551593974519e-05 3.153594157171061e-07
3.277224887686316 1.4201597373924114e-05 3.1520189316755074e-07
3.2790148876956664 1.6608035348473573e-05 3.458640132791984e-07
3.280804887705017 1.9102150676710242e-05 3.81769964361486e-07
3.2825948877143674 1.7122533247107586e-05 3.653256693042998e-07
3.284384887723718 1.4328363183366091e-05 3.259761329524542e-07
3.2861748877330683 1.3840036331044264e-05 3.197375731389977e-07
3.287964887742419 1.360121892097285e-05 3.1493232282794345e-07
3.2897548877517693 1.660991284242601e-05 3.554379491686194e-07
3.2915448877611198 1.8545960577126677e-05 3.8385577922391066e-07
3.2933348877704702 1.6176737150805436e-05 3.7514076431574543e-07
3.2951248877798207 1.3650900782194696e-05 3.471774016659662e-07
3.296914887789171 1.3207489431089385e-05 3.286385778522053e-07
3.2987048877985217 1.4167474324811463e-05 3.357801324588085e-07
3.300494887807872 1.7316123136910216e-05 3.7038082065048114e-07
3.3022848878172226 1.9146346202929717e-05 4.0342354302118666e-07
3.304074887826573 1.5550253103814446e-05 3.523148726938611e-07
3.3058648878359236 1.3498031171925936e-05 3.2958497400238885e-07
3.307654887845274 1.425918551101635e-05 3.235370831590007e-07
3.3094448878546245 1.4546029646762236e-05 3.2011622125971834e-07
3.311234887863975 1.922269045081042e-05 3.4285323676506235e-07
3.3130248878733255 2.718885784032028e-05 4.367060235663044e-07
3.314814887882676 2.4193300996895354e-05 4.300228029806238e-07
3.3166048878920265 1.6585788748689478e-05 3.5953499244257624e-07
3.318394887901377 1.4779839509687343e-05 3.4078793177568554e-07
3.3201848879107274 1.509263233334035e-05 3.121476872774255e-07
3.321974887920078 1.6516913232720815e-05 3.348815926790697e-07
3.3237648879294284 1.772213703206701e-05 3.3669954635797427e-07
3.325554887938779 1.7992092688305676e-05 3.522751698385214e-07
3.3273448879481293 1.6827859943647903e-05 3.491027239698968e-07
