#Target name PANSTARRS (C/2017 K2)
#Obs. Start 2022-08-21 21:24:50.752
#Obs. End 2022-08-21 21:30:34.329
#Instrument used NIRSPEC
#Grating used G395M/F290LP
#Lower wavelength (um) 3.255
#Upper wavelength (um) 3.328
#Spectral plate scale (um) 0.001790000009350478
#Center pixel for extract (x,y) = 29,25
#Pixel scale (arcsec/pixel) 0.09999908561794624
#Aperture size (arcsec) 0.09999908561794624 0.09999908561794624
#X offset (arcsec) 0.2999972568538387
#Y offset (arcsec) -0.09999908561794624
#Wave (micron) Flux (Jy) Noise (Jy)
3.25574488757411 1.6864188644681754e-05 4.644485688533931e-07
3.2575348875834607 1.69538941222087e-05 4.4889460402293613e-07
3.259324887592811 1.9637464191198983e-05 4.666319737265081e-07
3.2611148876021616 2.023630227423129e-05 4.766747227249935e-07
3.262904887611512 1.7892569369909965e-05 4.3638882100787033e-07
3.2646948876208626 1.6690987586053163e-05 3.7674779132210415e-07
3.266484887630213 1.6576632603397077e-05 3.8923244804717273e-07
3.2682748876395635 1.938796371501329e-05 4.4613148702774703e-07
3.270064887648914 2.5692435984200006e-05 5.112114436486771e-07
3.2718548876582645 2.362894281235156e-05 4.6778077878775323e-07
3.273644887667615 1.873111698645336e-05 4.1349156511460254e-07
3.2754348876769654 1.7352279689501437e-05 3.971761011998666e-07
3.277224887686316 1.7897283726739916e-05 3.993765135769979e-07
3.2790148876956664 2.149437564546503e-05 4.2980927054551855e-07
3.280804887705017 2.589792922152535e-05 4.848921210411801e-07
3.2825948877143674 2.1819404457641873e-05 4.4092097059133364e-07
3.284384887723718 1.872995319125266e-05 3.9455534850106506e-07
3.2861748877330683 1.8262306567208287e-05 3.9779758957974706e-07
3.287964887742419 1.768600199803112e-05 4.0165151240502154e-07
3.2897548877517693 2.207463783560975e-05 4.4629814375573625e-07
3.2915448877611198 2.4974195024074054e-05 4.832380502139919e-07
3.2933348877704702 2.0229803670521993e-05 4.4612168039445915e-07
3.2951248877798207 1.748347832134115e-05 4.169959795294975e-07
3.296914887789171 1.7256342796993857e-05 4.111395141678885e-07
3.2987048877985217 1.8139525276928027e-05 4.285298691478313e-07
3.300494887807872 2.3424211690527444e-05 4.829334842030231e-07
3.3022848878172226 2.6843072588315862e-05 5.188434139765304e-07
3.304074887826573 2.1039966519373754e-05 4.288031940270403e-07
3.3058648878359236 1.7551335292357584e-05 3.9462553597645395e-07
3.307654887845274 1.740910840091186e-05 3.784527445665803e-07
3.3094448878546245 1.8255714716425895e-05 4.009908255109419e-07
3.311234887863975 2.7328945428723732e-05 5.074586972599811e-07
3.3130248878733255 3.790636978204143e-05 6.01872535561098e-07
3.314814887882676 3.180768125067701e-05 5.151566242014333e-07
3.3166048878920265 2.2233593610610674e-05 4.387097428986334e-07
3.318394887901377 1.9143737078096098e-05 4.0588125343683937e-07
3.3201848879107274 1.958343647840719e-05 4.117246899856516e-07
3.321974887920078 2.2177717095273547e-05 4.4667222478724e-07
3.3237648879294284 2.372867593666173e-05 4.72155938181754e-07
3.325554887938779 2.2853792446232707e-05 4.605811689120859e-07
3.3273448879481293 2.1839076003638288e-05 4.452495624866931e-07
