#Target name PANSTARRS (C/2017 K2)
#Obs. Start 2022-08-21 21:24:50.752
#Obs. End 2022-08-21 21:30:34.329
#Instrument used NIRSPEC
#Grating used G395M/F290LP
#Lower wavelength (um) 3.255
#Upper wavelength (um) 3.328
#Spectral plate scale (um) 0.001790000009350478
#Center pixel for extract (x,y) = 29,25
#Pixel scale (arcsec/pixel) 0.09999908561794624
#Aperture size (arcsec) 0.09999908561794624 0.09999908561794624
#X offset (arcsec) 0.0
#Y offset (arcsec) 0.5999945137076774
#Wave (micron) Flux (Jy) Noise (Jy)
3.25574488757411 9.55548395237811e-06 2.869131744442323e-07
3.2575348875834607 9.367964088391145e-06 3.179701376310018e-07
3.259324887592811 1.1257451048999112e-05 3.2240032624722355e-07
3.2611148876021616 1.1363368068146895e-05 3.2038601575094365e-07
3.262904887611512 1.0161485921121967e-05 3.0070082452478346e-07
3.2646948876208626 9.766103088904071e-06 2.8506804238164424e-07
3.266484887630213 9.66475965937013e-06 2.936867841698748e-07
3.2682748876395635 1.1162969348795643e-05 3.1760435020936435e-07
3.270064887648914 1.4737209458368039e-05 3.612337815175571e-07
3.2718548876582645 1.3986940818454585e-05 3.4990092788162456e-07
3.273644887667615 1.1252517920189984e-05 3.1769667265703154e-07
3.2754348876769654 1.0323949220641485e-05 3.1452823349857883e-07
3.277224887686316 9.899697453237055e-06 3.596950366978342e-07
3.2790148876956664 1.1993365019295313e-05 3.536147559456438e-07
3.280804887705017 1.5053154750376716e-05 4.4037045421750506e-07
3.2825948877143674 1.351175014755452e-05 4.690518585566219e-07
3.284384887723718 1.1230490092385065e-05 4.3712123641971263e-07
3.2861748877330683 1.0781847939121911e-05 3.753475441833582e-07
3.287964887742419 1.07060873820545e-05 3.5614853781665814e-07
3.2897548877517693 1.2774484991304966e-05 3.6693359291713056e-07
3.2915448877611198 1.4021766807041309e-05 3.8927400015336103e-07
3.2933348877704702 1.199507484783748e-05 3.686068567266107e-07
3.2951248877798207 1.0271501328453415e-05 3.4828599953073104e-07
3.296914887789171 9.581565338043091e-06 3.482572520857215e-07
3.2987048877985217 1.0190206019634142e-05 3.58704258527285e-07
3.300494887807872 1.3697256233405297e-05 4.1923578655349384e-07
3.3022848878172226 1.553504307162287e-05 4.3319667781581317e-07
3.304074887826573 1.295936434923179e-05 3.789699744251346e-07
3.3058648878359236 1.065115230351301e-05 3.5251058507533466e-07
3.307654887845274 1.0452090424411561e-05 3.561132619557741e-07
3.3094448878546245 1.0790223140177175e-05 3.5245132499132373e-07
3.311234887863975 1.5233143119998598e-05 3.954193409126783e-07
3.3130248878733255 2.084943943727959e-05 4.622962930362291e-07
3.314814887882676 1.8241899803904804e-05 4.476779090403867e-07
3.3166048878920265 1.2317662200590978e-05 3.662896893754492e-07
3.318394887901377 1.0583827020134492e-05 3.1981089873703866e-07
3.3201848879107274 1.1541238653281834e-05 3.303952260635846e-07
3.321974887920078 1.282439548717718e-05 3.6169701885512365e-07
3.3237648879294284 1.3112018773947263e-05 3.7392575047033114e-07
3.325554887938779 1.308640452025421e-05 3.6521858086879626e-07
3.3273448879481293 1.2726846496232886e-05 3.82390612172799e-07
