#Target name PANSTARRS (C/2017 K2)
#Obs. Start 2022-08-21 21:24:50.752
#Obs. End 2022-08-21 21:30:34.329
#Instrument used NIRSPEC
#Grating used G395M/F290LP
#Lower wavelength (um) 3.255
#Upper wavelength (um) 3.328
#Spectral plate scale (um) 0.001790000009350478
#Center pixel for extract (x,y) = 29,25
#Pixel scale (arcsec/pixel) 0.09999908561794624
#Aperture size (arcsec) 0.09999908561794624 0.09999908561794624
#X offset (arcsec) -0.4999954280897312
#Y offset (arcsec) 0.2999972568538387
#Wave (micron) Flux (Jy) Noise (Jy)
3.25574488757411 1.1966583383975671e-05 3.044491159000716e-07
3.2575348875834607 1.2843130079410319e-05 3.1926324029633973e-07
3.259324887592811 1.4230755913001113e-05 3.4230378511141936e-07
3.2611148876021616 1.455661767259048e-05 3.5076999172359524e-07
3.262904887611512 1.2937341004459235e-05 3.344269571598442e-07
3.2646948876208626 1.176099062333193e-05 3.1626678146680397e-07
3.266484887630213 1.1920464636873689e-05 3.06096181989197e-07
3.2682748876395635 1.3621909908527967e-05 3.3655104591104377e-07
3.270064887648914 1.6362264755211542e-05 3.7729250777281677e-07
3.2718548876582645 1.6046214560245637e-05 3.746723154530603e-07
3.273644887667615 1.3708847561875745e-05 3.8380080603959407e-07
3.2754348876769654 1.2587784625633439e-05 4.295890135618731e-07
3.277224887686316 1.2213937384267316e-05 4.3901072248371414e-07
3.2790148876956664 1.4417806851803204e-05 4.1162508261039914e-07
3.280804887705017 1.6866460645481887e-05 4.1852505781069385e-07
3.2825948877143674 1.5914045800203186e-05 4.2356146447781926e-07
3.284384887723718 1.3699445746410003e-05 4.015059819670296e-07
3.2861748877330683 1.27106268851538e-05 3.833477115627424e-07
3.287964887742419 1.2527306725881841e-05 3.6887365318994514e-07
3.2897548877517693 1.3978536925992215e-05 4.0528750381968743e-07
3.2915448877611198 1.5037892715009762e-05 4.240779098057105e-07
3.2933348877704702 1.3644880966341462e-05 4.2825267765321175e-07
3.2951248877798207 1.217590064790424e-05 4.1666482353284243e-07
3.296914887789171 1.2104720853302449e-05 4.138430628705919e-07
3.2987048877985217 1.30410496818664e-05 4.431546975026915e-07
3.300494887807872 1.46970011411297e-05 4.5375264204003136e-07
3.3022848878172226 1.6054018622978216e-05 4.975737229816213e-07
3.304074887826573 1.3892035023389843e-05 4.5237775205307257e-07
3.3058648878359236 1.2782148286821435e-05 5.493055067880578e-07
3.307654887845274 1.3295675160646235e-05 4.7410717801651675e-07
3.3094448878546245 1.3557666261593824e-05 4.687378781776967e-07
3.311234887863975 1.7237184109899446e-05 5.136044863225344e-07
3.3130248878733255 2.338544242667672e-05 5.860933263734949e-07
3.314814887882676 2.0670487544739376e-05 5.650955312912299e-07
3.3166048878920265 1.5119057119284121e-05 4.886055288209156e-07
3.318394887901377 1.3676073905503507e-05 4.95973560618564e-07
3.3201848879107274 1.3379344683403452e-05 5.106451806236834e-07
3.321974887920078 1.4431057798853387e-05 4.808532451120965e-07
3.3237648879294284 1.6681074704898363e-05 4.918251866240833e-07
3.325554887938779 1.6265117443966716e-05 4.931776054113367e-07
3.3273448879481293 1.5525282613568315e-05 4.693521376678964e-07
