#Target name PANSTARRS (C/2017 K2)
#Obs. Start 2022-08-21 21:24:50.752
#Obs. End 2022-08-21 21:30:34.329
#Instrument used NIRSPEC
#Grating used G395M/F290LP
#Lower wavelength (um) 3.255
#Upper wavelength (um) 3.328
#Spectral plate scale (um) 0.001790000009350478
#Center pixel for extract (x,y) = 29,25
#Pixel scale (arcsec/pixel) 0.09999908561794624
#Aperture size (arcsec) 0.09999908561794624 0.09999908561794624
#X offset (arcsec) -0.4999954280897312
#Y offset (arcsec) 0.4999954280897312
#Wave (micron) Flux (Jy) Noise (Jy)
3.25574488757411 9.466164912240609e-06 2.8424406103384545e-07
3.2575348875834607 9.964159872150372e-06 2.7173892245468144e-07
3.259324887592811 1.0474419511991082e-05 2.942954398696242e-07
3.2611148876021616 1.110766217856826e-05 3.04427961591122e-07
3.262904887611512 1.042319638424381e-05 2.873973419391304e-07
3.2646948876208626 1.0041979934284045e-05 3.317371657626961e-07
3.266484887630213 1.0326460615369649e-05 3.414432950688375e-07
3.2682748876395635 1.0950900399604402e-05 3.016419250929916e-07
3.270064887648914 1.3309327787395889e-05 3.276377688967502e-07
3.2718548876582645 1.3040311774739916e-05 3.294289924952073e-07
3.273644887667615 1.0588894639914425e-05 2.9134804222548003e-07
3.2754348876769654 1.0236927286285333e-05 2.805096950778262e-07
3.277224887686316 9.907714908309979e-06 2.965470989104228e-07
3.2790148876956664 1.115615513960819e-05 3.2051313773730666e-07
3.280804887705017 1.307937960854583e-05 3.58074560594395e-07
3.2825948877143674 1.2118412930736872e-05 3.358884817471633e-07
3.284384887723718 1.0245289038243517e-05 3.0526516788438326e-07
3.2861748877330683 1.0070163862125944e-05 2.9802851695384e-07
3.287964887742419 1.0192609821585664e-05 2.9913271584310145e-07
3.2897548877517693 1.178537383633888e-05 3.11704203301196e-07
3.2915448877611198 1.3177312347060154e-05 3.334662433250604e-07
3.2933348877704702 1.1376759782413187e-05 3.023122785255979e-07
3.2951248877798207 1.002006418228813e-05 2.869377470653565e-07
3.296914887789171 9.74624773858089e-06 2.926765888654156e-07
3.2987048877985217 9.755592171232423e-06 3.0234253899402894e-07
3.300494887807872 1.2005170636712575e-05 3.1640668009539347e-07
3.3022848878172226 1.398734877439936e-05 3.5322330316374454e-07
3.304074887826573 1.142641474544087e-05 3.1103967781065797e-07
3.3058648878359236 9.981374716413414e-06 2.7451890685912567e-07
3.307654887845274 1.0460390310523175e-05 2.9355428254467956e-07
3.3094448878546245 1.0428701547982095e-05 2.94006676547725e-07
3.311234887863975 1.3651053205294942e-05 3.142473995401666e-07
3.3130248878733255 1.9067719194971215e-05 3.8921818640047694e-07
3.314814887882676 1.6891266160137165e-05 3.760097441008594e-07
3.3166048878920265 1.1551431275655911e-05 3.143803214496456e-07
3.318394887901377 1.0443640805019117e-05 2.9135244120098343e-07
3.3201848879107274 1.1087717167597875e-05 3.1040986780195897e-07
3.321974887920078 1.1971359606652195e-05 3.2541418484610723e-07
3.3237648879294284 1.307180059403773e-05 3.4842037842572706e-07
3.325554887938779 1.2907428419339254e-05 3.2120797973418034e-07
3.3273448879481293 1.21897935651884e-05 3.2668621725935245e-07
