#Target name PANSTARRS (C/2017 K2)
#Obs. Start 2022-08-21 21:24:50.752
#Obs. End 2022-08-21 21:30:34.329
#Instrument used NIRSPEC
#Grating used G395M/F290LP
#Lower wavelength (um) 3.255
#Upper wavelength (um) 3.328
#Spectral plate scale (um) 0.001790000009350478
#Center pixel for extract (x,y) = 29,25
#Pixel scale (arcsec/pixel) 0.09999908561794624
#Aperture size (arcsec) 0.09999908561794624 0.09999908561794624
#X offset (arcsec) -0.7999926849435699
#Y offset (arcsec) 0.6999935993256237
#Wave (micron) Flux (Jy) Noise (Jy)
3.25574488757411 6.328860413529261e-06 2.4642971109478693e-07
3.2575348875834607 6.480767965053529e-06 2.5459925304052873e-07
3.259324887592811 7.205921761078855e-06 2.555868650694736e-07
3.2611148876021616 7.854767621785595e-06 2.7909075929792874e-07
3.262904887611512 6.776821594176906e-06 2.721877580507909e-07
3.2646948876208626 6.422428471737728e-06 2.536792787623179e-07
3.266484887630213 6.658022133238945e-06 2.512636808318986e-07
3.2682748876395635 7.315690601630495e-06 2.6161032338649884e-07
3.270064887648914 8.939429231869813e-06 2.7589318042913496e-07
3.2718548876582645 8.687210244860916e-06 3.0995537237749474e-07
3.273644887667615 7.148831240578597e-06 2.735411014634687e-07
3.2754348876769654 6.764181684437414e-06 2.5868864714052103e-07
3.277224887686316 6.967837326798327e-06 2.7038644762952347e-07
3.2790148876956664 7.605149690152066e-06 2.836378990208464e-07
3.280804887705017 9.235751394631564e-06 3.642013247883698e-07
3.2825948877143674 8.235385138622042e-06 3.1317276064553005e-07
3.284384887723718 7.309187514888835e-06 3.078481510355504e-07
3.2861748877330683 6.8514179077403805e-06 3.1136713530561594e-07
3.287964887742419 7.395957502826344e-06 3.152490770831415e-07
3.2897548877517693 7.40551667272793e-06 2.862640873963846e-07
3.2915448877611198 8.13906360193796e-06 3.4910824370349026e-07
3.2933348877704702 7.980757866629263e-06 3.8664464563621845e-07
3.2951248877798207 6.735218605571318e-06 3.202592580109599e-07
3.296914887789171 6.986409184956793e-06 3.58798682396371e-07
3.2987048877985217 7.488164512410265e-06 3.3449739680580337e-07
3.300494887807872 8.289197665860547e-06 3.6673491052671836e-07
3.3022848878172226 1.0132094264362238e-05 4.063467603095382e-07
3.304074887826573 7.437205435269007e-06 4.0314506265476355e-07
3.3058648878359236 6.826263164864246e-06 3.668739125488358e-07
3.307654887845274 7.004633159804109e-06 3.4438867534841963e-07
3.3094448878546245 7.033201283519275e-06 3.3094434148980056e-07
3.311234887863975 9.383207295022186e-06 3.7016190857654374e-07
3.3130248878733255 1.2583001230105142e-05 4.548641538758303e-07
3.314814887882676 1.0933039102075024e-05 4.665999760830375e-07
3.3166048878920265 7.910893393721944e-06 3.9710336399982287e-07
3.318394887901377 6.9567229929710015e-06 3.782294335171395e-07
3.3201848879107274 7.62339742507089e-06 3.9711230204559094e-07
3.321974887920078 8.247349455384857e-06 3.412921328214431e-07
3.3237648879294284 9.641404853986603e-06 4.1421218454754717e-07
3.325554887938779 8.780991695409726e-06 4.239772377102725e-07
3.3273448879481293 8.835864908104646e-06 4.2462223399109155e-07
