#Target name PANSTARRS (C/2017 K2)
#Obs. Start 2022-08-21 21:24:50.752
#Obs. End 2022-08-21 21:30:34.329
#Instrument used NIRSPEC
#Grating used G395M/F290LP
#Lower wavelength (um) 3.255
#Upper wavelength (um) 3.328
#Spectral plate scale (um) 0.001790000009350478
#Center pixel for extract (x,y) = 29,25
#Pixel scale (arcsec/pixel) 0.09999908561794624
#Aperture size (arcsec) 0.09999908561794624 0.09999908561794624
#X offset (arcsec) 0.5999945137076774
#Y offset (arcsec) 0.09999908561794624
#Wave (micron) Flux (Jy) Noise (Jy)
3.25574488757411 7.980728278615687e-06 3.121996063959467e-07
3.2575348875834607 8.400076505224564e-06 3.116280477889777e-07
3.259324887592811 1.0027752582785818e-05 3.4919793236964586e-07
3.2611148876021616 1.0289092747434711e-05 3.598646073968575e-07
3.262904887611512 9.661387522428814e-06 3.597121002397551e-07
3.2646948876208626 9.282501352689861e-06 3.5401284921922673e-07
3.266484887630213 9.308825718708763e-06 3.4512064245702595e-07
3.2682748876395635 9.672320741748788e-06 3.820930228809406e-07
3.270064887648914 1.2902590330816161e-05 4.1391184939836824e-07
3.2718548876582645 1.2204735512044838e-05 3.8789538364575283e-07
3.273644887667615 1.0014941869513403e-05 3.524635132355529e-07
3.2754348876769654 9.163411391254962e-06 3.3255876549955354e-07
3.277224887686316 8.402968957703343e-06 3.330236559553029e-07
3.2790148876956664 1.0689155865436621e-05 4.114988011926037e-07
3.280804887705017 1.2789616122127002e-05 3.98836672423977e-07
3.2825948877143674 1.1275575948831267e-05 3.9357703876426757e-07
3.284384887723718 9.075125241773245e-06 3.325398527067841e-07
3.2861748877330683 8.732265616687067e-06 3.2632735051892103e-07
3.287964887742419 8.495400118905272e-06 3.1899366995673244e-07
3.2897548877517693 1.0290355169347335e-05 3.4983889392134073e-07
3.2915448877611198 1.2244224750892607e-05 3.941649884583035e-07
3.2933348877704702 1.0077510655557785e-05 3.6680324875125867e-07
3.2951248877798207 8.99095899903052e-06 3.419342991880848e-07
3.296914887789171 8.885196196195926e-06 3.3668864698554866e-07
3.2987048877985217 8.923465153635257e-06 3.603010866350243e-07
3.300494887807872 1.2214449346562848e-05 4.0715070810647746e-07
3.3022848878172226 1.3616248735263546e-05 4.113150809226936e-07
3.304074887826573 1.0854971576555072e-05 3.3012943828253115e-07
3.3058648878359236 8.943774186833287e-06 3.103697726812877e-07
3.307654887845274 9.018906222763803e-06 3.2361929076490527e-07
3.3094448878546245 9.160269682176957e-06 3.248087233069144e-07
3.311234887863975 1.3423564417997669e-05 3.796838132716345e-07
3.3130248878733255 1.895796738994254e-05 4.3339244623519127e-07
3.314814887882676 1.6246848190492563e-05 3.5771751508585996e-07
3.3166048878920265 1.1251829326419461e-05 3.115697683682955e-07
3.318394887901377 9.802620973903522e-06 3.0635149068210853e-07
3.3201848879107274 1.0062835000823543e-05 3.0743705696812305e-07
3.321974887920078 1.1245516320249874e-05 3.207686425628839e-07
3.3237648879294284 1.2123932440178711e-05 3.041322495690645e-07
3.325554887938779 1.1653392467049084e-05 3.0962113429609204e-07
3.3273448879481293 1.1341772404661497e-05 3.0347660608639004e-07
