#Target name PANSTARRS (C/2017 K2)
#Obs. Start 2022-08-21 21:24:50.752
#Obs. End 2022-08-21 21:30:34.329
#Instrument used NIRSPEC
#Grating used G395M/F290LP
#Lower wavelength (um) 3.255
#Upper wavelength (um) 3.328
#Spectral plate scale (um) 0.001790000009350478
#Center pixel for extract (x,y) = 29,25
#Pixel scale (arcsec/pixel) 0.09999908561794624
#Aperture size (arcsec) 0.09999908561794624 0.09999908561794624
#X offset (arcsec) 0.39999634247178495
#Y offset (arcsec) 0.39999634247178495
#Wave (micron) Flux (Jy) Noise (Jy)
3.25574488757411 8.839578652111808e-06 3.1645324759403467e-07
3.2575348875834607 8.788154684514802e-06 3.343168706964499e-07
3.259324887592811 1.1370268351555666e-05 3.595690634885135e-07
3.2611148876021616 1.1933191965744203e-05 3.632873185469885e-07
3.262904887611512 1.032504577035678e-05 3.3627626404631776e-07
3.2646948876208626 9.383064734593133e-06 3.1665627292204577e-07
3.266484887630213 8.676720845744597e-06 3.254926098934579e-07
3.2682748876395635 1.041851340864038e-05 3.450660615380409e-07
3.270064887648914 1.3870807865164452e-05 4.015050293226531e-07
3.2718548876582645 1.3331584249851174e-05 3.7490153850142606e-07
3.273644887667615 1.043185580955071e-05 3.4566219276613415e-07
3.2754348876769654 9.82907176143498e-06 3.4239686407079734e-07
3.277224887686316 9.810572080097515e-06 3.389834552128137e-07
3.2790148876956664 1.145937399935282e-05 3.5598983847110823e-07
3.280804887705017 1.4475855844622066e-05 4.123476913889536e-07
3.2825948877143674 1.312428883351704e-05 3.986138657156767e-07
3.284384887723718 1.01845296040597e-05 3.464784689020639e-07
3.2861748877330683 9.94396022494193e-06 3.4756952690271955e-07
3.287964887742419 9.302273318611142e-06 3.3113814858252107e-07
3.2897548877517693 1.1284229097892864e-05 3.723197321462535e-07
3.2915448877611198 1.3900273043654888e-05 4.403522979364464e-07
3.2933348877704702 1.2029093890599371e-05 3.9189772286110116e-07
3.2951248877798207 9.711844948248967e-06 3.7628987758546533e-07
3.296914887789171 9.623645769595037e-06 4.5327023973912513e-07
3.2987048877985217 1.0449336945935945e-05 4.4096582893388756e-07
3.300494887807872 1.3451888216449208e-05 4.497577838849341e-07
3.3022848878172226 1.5328938348683595e-05 4.69584807047389e-07
3.304074887826573 1.2285344020306532e-05 4.1117910494741925e-07
3.3058648878359236 1.0622850023616803e-05 4.0119214168286567e-07
3.307654887845274 1.1140783718251646e-05 4.313770710187258e-07
3.3094448878546245 1.0842014716427716e-05 4.233021490747358e-07
3.311234887863975 1.4559406118718501e-05 4.56442377399275e-07
3.3130248878733255 1.9838558677172533e-05 5.227968881391528e-07
3.314814887882676 1.7736604674099743e-05 5.028453767718464e-07
3.3166048878920265 1.2315699529023697e-05 4.314306992933343e-07
3.318394887901377 1.029002701137857e-05 4.144104466536756e-07
3.3201848879107274 1.1288344521599496e-05 4.5002359968493973e-07
3.321974887920078 1.23755040773148e-05 4.4241300781765404e-07
3.3237648879294284 1.2822615723330193e-05 4.374640202815519e-07
3.325554887938779 1.3345084453500583e-05 4.5390954817263725e-07
3.3273448879481293 1.3150613199535944e-05 4.559426033479731e-07
