#Target name PANSTARRS (C/2017 K2)
#Obs. Start 2022-08-21 21:24:50.752
#Obs. End 2022-08-21 21:30:34.329
#Instrument used NIRSPEC
#Grating used G395M/F290LP
#Lower wavelength (um) 3.255
#Upper wavelength (um) 3.328
#Spectral plate scale (um) 0.001790000009350478
#Center pixel for extract (x,y) = 29,25
#Pixel scale (arcsec/pixel) 0.09999908561794624
#Aperture size (arcsec) 0.09999908561794624 0.09999908561794624
#X offset (arcsec) 0.09999908561794624
#Y offset (arcsec) -0.2999972568538387
#Wave (micron) Flux (Jy) Noise (Jy)
3.25574488757411 1.697945816593932e-05 4.321153984294931e-07
3.2575348875834607 1.6705914290599576e-05 4.283505478534247e-07
3.259324887592811 2.0269846115563005e-05 4.849704059937696e-07
3.2611148876021616 2.076101610700765e-05 4.947226264763638e-07
3.262904887611512 1.7057059456093816e-05 4.26925784131459e-07
3.2646948876208626 1.698657004847549e-05 4.3266185205524524e-07
3.266484887630213 1.765570207891522e-05 4.447371799068783e-07
3.2682748876395635 1.9184805240941117e-05 4.726427394581637e-07
3.270064887648914 2.606121739899914e-05 5.812267705949152e-07
3.2718548876582645 2.339308868667022e-05 5.328306430539656e-07
3.273644887667615 1.767759720896228e-05 4.5640099340680016e-07
3.2754348876769654 1.7857259213828342e-05 4.702526107553404e-07
3.277224887686316 1.7965958402858843e-05 4.7444312525400677e-07
3.2790148876956664 2.254312368331195e-05 5.196810685730275e-07
3.280804887705017 2.8951770865271285e-05 5.978965901987702e-07
3.2825948877143674 2.1976556260421064e-05 5.042712052139976e-07
3.284384887723718 1.858008183302638e-05 4.6848397043239774e-07
3.2861748877330683 1.667521269178421e-05 4.7525287297406196e-07
3.287964887742419 1.8521945869379732e-05 5.02430135899486e-07
3.2897548877517693 2.3512990076962307e-05 5.743996726894256e-07
3.2915448877611198 2.653372542333488e-05 6.326593119913106e-07
3.2933348877704702 2.0104031301051028e-05 5.191126200697584e-07
3.2951248877798207 1.71471002644413e-05 4.907414695889173e-07
3.296914887789171 1.7740115785044228e-05 5.162741320930139e-07
3.2987048877985217 1.823026185189781e-05 5.044464917792802e-07
3.300494887807872 2.651700012620557e-05 7.159283318450517e-07
3.3022848878172226 2.8460016286406873e-05 6.342510686686926e-07
3.304074887826573 2.0460487963285593e-05 4.944511228290513e-07
3.3058648878359236 1.8098466080147724e-05 4.6847130586598026e-07
3.307654887845274 1.7658054774297835e-05 4.5134886810746196e-07
3.3094448878546245 1.8475275709297446e-05 5.001713040069111e-07
3.311234887863975 2.932996126838794e-05 6.491813596409936e-07
3.3130248878733255 4.1697490927740474e-05 7.226221716136355e-07
3.314814887882676 3.06226938594046e-05 5.681386696952159e-07
3.3166048878920265 2.166858986940702e-05 4.992273455055734e-07
3.318394887901377 1.8266056175474328e-05 4.7126101284685556e-07
3.3201848879107274 1.911274856520968e-05 4.7585175005947586e-07
3.321974887920078 2.261785403954299e-05 5.090799859130356e-07
3.3237648879294284 2.2911006698426107e-05 4.7530532445267597e-07
3.325554887938779 2.3159366691179374e-05 5.094958432023456e-07
3.3273448879481293 2.2189044821441216e-05 4.912179598908986e-07
