#Target name PANSTARRS (C/2017 K2)
#Obs. Start 2022-08-21 21:24:50.752
#Obs. End 2022-08-21 21:30:34.329
#Instrument used NIRSPEC
#Grating used G395M/F290LP
#Lower wavelength (um) 3.255
#Upper wavelength (um) 3.328
#Spectral plate scale (um) 0.001790000009350478
#Center pixel for extract (x,y) = 29,25
#Pixel scale (arcsec/pixel) 0.09999908561794624
#Aperture size (arcsec) 0.09999908561794624 0.09999908561794624
#X offset (arcsec) 0.6999935993256237
#Y offset (arcsec) -0.4999954280897312
#Wave (micron) Flux (Jy) Noise (Jy)
3.25574488757411 6.150006699397736e-06 3.9067472361429526e-07
3.2575348875834607 5.36951390361527e-06 3.8738011511385606e-07
3.259324887592811 6.41398602519706e-06 4.605260276140558e-07
3.2611148876021616 7.124084901950474e-06 4.3054045312346187e-07
3.262904887611512 6.115659050363843e-06 4.468832355166426e-07
3.2646948876208626 6.623820182756758e-06 4.2511752501003327e-07
3.266484887630213 7.314595396824904e-06 4.8023778080695e-07
3.2682748876395635 6.659873177300459e-06 4.0372116033199725e-07
3.270064887648914 9.334126160136604e-06 4.98303280460334e-07
3.2718548876582645 8.634037894643443e-06 4.934070806302728e-07
3.273644887667615 6.795153610104102e-06 4.4209333959142186e-07
3.2754348876769654 5.243855403166253e-06 3.9050638574917103e-07
3.277224887686316 6.1976259174306685e-06 3.9737346669952294e-07
3.2790148876956664 7.557592786268938e-06 4.5688036966086327e-07
3.280804887705017 1.1263035114106937e-05 5.358451460887512e-07
3.2825948877143674 8.230736234064549e-06 4.3857724127343817e-07
3.284384887723718 7.370316350939132e-06 4.646758585940537e-07
3.2861748877330683 6.403215091648523e-06 4.2977391062777774e-07
3.287964887742419 6.048341836443571e-06 4.0660271343835156e-07
3.2897548877517693 7.605412395848371e-06 4.416035402871213e-07
3.2915448877611198 8.697938141298795e-06 4.7505898182448475e-07
3.2933348877704702 7.164797112026096e-06 4.31984577941433e-07
3.2951248877798207 6.663538952861368e-06 4.5698403978419215e-07
3.296914887789171 6.164881400768772e-06 4.176188408380383e-07
3.2987048877985217 6.902188697522511e-06 6.432091199686833e-07
3.300494887807872 7.425034899017625e-06 4.2991865653510663e-07
3.3022848878172226 9.050497255199429e-06 4.423603041684698e-07
3.304074887826573 7.031541664939541e-06 3.909744983844292e-07
3.3058648878359236 6.6367470065672994e-06 4.491285902931846e-07
3.307654887845274 6.049309723130131e-06 3.590382724570697e-07
3.3094448878546245 6.308283294996094e-06 3.6136684352179733e-07
3.311234887863975 9.101362636964358e-06 4.331043273491938e-07
3.3130248878733255 1.3324766454237832e-05 4.372404290425886e-07
3.314814887882676 1.0493162173682468e-05 3.9312195494180604e-07
3.3166048878920265 7.525844847700707e-06 3.325904829535017e-07
3.318394887901377 6.660346585517692e-06 3.377481836649219e-07
3.3201848879107274 7.3008889736869306e-06 3.506438784195133e-07
3.321974887920078 8.648570092342162e-06 3.40966328444668e-07
3.3237648879294284 8.616630279988914e-06 3.168917722157158e-07
3.325554887938779 8.249270883054425e-06 3.31271070492e-07
3.3273448879481293 8.448318416452323e-06 3.105683710148431e-07
