#Target name PANSTARRS (C/2017 K2)
#Obs. Start 2022-08-21 21:24:50.752
#Obs. End 2022-08-21 21:30:34.329
#Instrument used NIRSPEC
#Grating used G395M/F290LP
#Lower wavelength (um) 3.255
#Upper wavelength (um) 3.328
#Spectral plate scale (um) 0.001790000009350478
#Center pixel for extract (x,y) = 29,25
#Pixel scale (arcsec/pixel) 0.09999908561794624
#Aperture size (arcsec) 0.09999908561794624 0.09999908561794624
#X offset (arcsec) 0.4999954280897312
#Y offset (arcsec) 0.2999972568538387
#Wave (micron) Flux (Jy) Noise (Jy)
3.25574488757411 8.522101059642428e-06 3.2525851154740043e-07
3.2575348875834607 8.464765765575305e-06 3.180092801072965e-07
3.259324887592811 1.0699328762468313e-05 3.5507894233342674e-07
3.2611148876021616 1.1355626767867359e-05 3.4057221386230476e-07
3.262904887611512 9.932027289405638e-06 3.168934253338986e-07
3.2646948876208626 9.376417294209476e-06 3.280034722615308e-07
3.266484887630213 9.389557958663599e-06 2.970140347496864e-07
3.2682748876395635 9.778998083184856e-06 2.8219736062876333e-07
3.270064887648914 1.3347878279267438e-05 4.469003270775157e-07
3.2718548876582645 1.2943556280523369e-05 3.6453486239596625e-07
3.273644887667615 1.0195499584245027e-05 3.195254136325528e-07
3.2754348876769654 9.483550111733338e-06 3.0283704548230766e-07
3.277224887686316 9.673831523654166e-06 2.8843513591155684e-07
3.2790148876956664 1.1356560135204745e-05 3.207978383111295e-07
3.280804887705017 1.19926055936135e-05 3.2652961933522133e-07
3.2825948877143674 1.0983054500904467e-05 3.1062530552581723e-07
3.284384887723718 9.653857821276676e-06 2.938162317292746e-07
3.2861748877330683 9.374458209068084e-06 3.085532759879002e-07
3.287964887742419 9.359387150879673e-06 3.177204607474927e-07
3.2897548877517693 1.0953315857440062e-05 3.0872646113176393e-07
3.2915448877611198 1.2622505711262936e-05 3.3001870738323504e-07
3.2933348877704702 1.0899752586800782e-05 2.963307925990447e-07
3.2951248877798207 9.153037654373535e-06 2.837586326860961e-07
3.296914887789171 9.008988858576641e-06 2.827580198633068e-07
3.2987048877985217 9.450594444247277e-06 2.927756638805753e-07
3.300494887807872 1.2326132441932279e-05 3.4475034398407614e-07
3.3022848878172226 1.4098130780264396e-05 3.4573380920808784e-07
3.304074887826573 1.1507610530941748e-05 3.0682901768532306e-07
3.3058648878359236 9.824321540346148e-06 2.676085366275459e-07
3.307654887845274 9.568767177261284e-06 2.799302351263223e-07
3.3094448878546245 9.385685515310887e-06 2.675282062914421e-07
3.311234887863975 1.360074730596856e-05 3.1336875321652606e-07
3.3130248878733255 1.914974792788461e-05 3.649207113874154e-07
3.314814887882676 1.6609107689814128e-05 3.292081190946123e-07
3.3166048878920265 1.1579740728403896e-05 2.706071809353572e-07
3.318394887901377 9.892696749903418e-06 2.573957406078488e-07
3.3201848879107274 1.016230362622446e-05 2.7672027188063356e-07
3.321974887920078 1.1387476919573403e-05 2.8164082018020084e-07
3.3237648879294284 1.2282461430498945e-05 3.1104570188539194e-07
3.325554887938779 1.2223072011004393e-05 3.0132444234503503e-07
3.3273448879481293 1.1846669441192974e-05 2.9293610040116477e-07
