#Target name PANSTARRS (C/2017 K2)
#Obs. Start 2022-08-21 21:24:50.752
#Obs. End 2022-08-21 21:30:34.329
#Instrument used NIRSPEC
#Grating used G395M/F290LP
#Lower wavelength (um) 3.255
#Upper wavelength (um) 3.328
#Spectral plate scale (um) 0.001790000009350478
#Center pixel for extract (x,y) = (29,25)
#Pixel scale (arcsec/pixel) 0.09999908561794624
#Inner annulus radius (arcsec) 1.5999853698871398
#Outer annulus radius (arcsec) 1.699984455505086
#Wave (micron) Flux (Jy) Noise (Jy)
3.25574488757411 3.792316795758879e-06 3.373117937467762e-08
3.2575348875834607 3.820621241371296e-06 3.471777290240268e-08
3.259324887592811 4.3850157143301035e-06 3.597282396149367e-08
3.2611148876021616 4.4174271136518e-06 3.5572676403929035e-08
3.262904887611512 3.9113981750094954e-06 3.439445823442935e-08
3.2646948876208626 3.7750901935211827e-06 3.477892487358451e-08
3.266484887630213 3.7801372711235302e-06 3.442718631875977e-08
3.2682748876395635 4.30248914310702e-06 3.650000245209143e-08
3.270064887648914 5.429491065646209e-06 3.887734347112091e-08
3.2718548876582645 4.893694673017485e-06 3.7330567372418254e-08
3.273644887667615 3.9715851054660476e-06 3.4373066724337856e-08
3.2754348876769654 3.9700379447766366e-06 3.487042044043896e-08
3.277224887686316 4.058590146462744e-06 3.516242263565269e-08
3.2790148876956664 4.663703670611035e-06 3.6874907702591e-08
3.280804887705017 5.51722816383815e-06 3.946394002215341e-08
3.2825948877143674 4.829345612072474e-06 3.785031624066476e-08
3.284384887723718 4.0924345740843664e-06 3.656447657307666e-08
3.2861748877330683 4.018743495809437e-06 3.5538416482501086e-08
3.287964887742419 4.119388436037309e-06 3.529104732392568e-08
3.2897548877517693 4.803415272825704e-06 3.750525201275455e-08
3.2915448877611198 5.163353923929301e-06 3.858902756549432e-08
3.2933348877704702 4.427356326175674e-06 3.694956150979141e-08
3.2951248877798207 3.91472815373907e-06 3.546438521001921e-08
3.296914887789171 3.822099158919653e-06 3.533681009758841e-08
3.2987048877985217 3.985633896672657e-06 3.545513420907224e-08
3.300494887807872 5.0652922505062615e-06 3.922620025580848e-08
3.3022848878172226 5.518598558385309e-06 3.9467732560453697e-08
3.304074887826573 4.402484586350507e-06 3.556712053069739e-08
3.3058648878359236 4.071874353383383e-06 3.527675079742295e-08
3.307654887845274 4.0158675610609384e-06 3.572160270687535e-08
3.3094448878546245 4.136613692718907e-06 3.5826701652585186e-08
3.311234887863975 5.902969310219562e-06 3.900594453164046e-08
3.3130248878733255 8.033209479015056e-06 4.3408507268981156e-08
3.314814887882676 6.4592363518491134e-06 4.0282428049867e-08
3.3166048878920265 4.597104900368643e-06 3.634588462830846e-08
3.318394887901377 4.233370603638052e-06 3.6304020628353755e-08
3.3201848879107274 4.525571787643405e-06 3.702572347736329e-08
3.321974887920078 5.075915965074766e-06 3.8277584813278155e-08
3.3237648879294284 5.305205774108798e-06 3.8470248269915386e-08
3.325554887938779 5.056887116016994e-06 3.7638215289400534e-08
3.3273448879481293 4.973864984290794e-06 3.734932047180328e-08
