#Target name PANSTARRS (C/2017 K2)
#Obs. Start 2022-08-21 21:24:50.752
#Obs. End 2022-08-21 21:30:34.329
#Instrument used NIRSPEC
#Grating used G395M/F290LP
#Lower wavelength (um) 3.255
#Upper wavelength (um) 3.328
#Spectral plate scale (um) 0.001790000009350478
#Center pixel for extract (x,y) = (29,25)
#Pixel scale (arcsec/pixel) 0.09999908561794624
#Inner annulus radius (arcsec) 0.6999935993256237
#Outer annulus radius (arcsec) 0.7999926849435699
#Wave (micron) Flux (Jy) Noise (Jy)
3.25574488757411 7.614453584147772e-06 4.8680795761979545e-08
3.2575348875834607 7.866359805515249e-06 4.765261798561193e-08
3.259324887592811 9.054005929007079e-06 5.1248019412202886e-08
3.2611148876021616 9.391184235654073e-06 5.1775891814942986e-08
3.262904887611512 8.221710783499139e-06 4.87470771159084e-08
3.2646948876208626 7.90307977370105e-06 4.8616532423822485e-08
3.266484887630213 7.826138355097343e-06 4.713632930035883e-08
3.2682748876395635 8.806132844649503e-06 5.0159472366513774e-08
3.270064887648914 1.1420262162293413e-05 5.6197864334915445e-08
3.2718548876582645 1.0752099814694524e-05 5.447802234150154e-08
3.273644887667615 8.447519417149983e-06 4.920015972117322e-08
3.2754348876769654 8.03331061201359e-06 4.738793155117201e-08
3.277224887686316 8.110219900238318e-06 4.8782317757257955e-08
3.2790148876956664 9.653705763456612e-06 5.153707272894834e-08
3.280804887705017 1.1762376772234868e-05 5.625792205857301e-08
3.2825948877143674 1.01640799204969e-05 5.214395143224481e-08
3.284384887723718 8.49681074808857e-06 4.846854037979221e-08
3.2861748877330683 8.258278016179603e-06 4.8353421999539107e-08
3.287964887742419 8.180054848329254e-06 4.753795423944018e-08
3.2897548877517693 9.863253597664732e-06 5.1563559547617646e-08
3.2915448877611198 1.1007965714835896e-05 5.4394592487222444e-08
3.2933348877704702 9.195001168314022e-06 5.102877069533323e-08
3.2951248877798207 8.024047636053532e-06 4.853475151976544e-08
3.296914887789171 7.68718340386663e-06 4.652519630618003e-08
3.2987048877985217 8.116049621091188e-06 4.882532812303423e-08
3.300494887807872 1.0517283614943169e-05 5.44105623984111e-08
3.3022848878172226 1.1883289645021258e-05 5.682541769857155e-08
3.304074887826573 9.45018295362698e-06 5.0850059395554226e-08
3.3058648878359236 8.178041315002562e-06 4.7524279369229155e-08
3.307654887845274 8.18562099737706e-06 4.760477303742921e-08
3.3094448878546245 8.525759656256616e-06 4.7675578250205546e-08
3.311234887863975 1.2010647497330343e-05 5.4680293817526344e-08
3.3130248878733255 1.693023413510193e-05 6.374284369237109e-08
3.314814887882676 1.3995879371208163e-05 5.762691522393167e-08
3.3166048878920265 9.754399099704238e-06 4.9286738954050934e-08
3.318394887901377 8.673456567286563e-06 4.8076111477707715e-08
3.3201848879107274 8.865028683272362e-06 4.8586660066028e-08
3.321974887920078 9.979130893259904e-06 5.092905928480461e-08
3.3237648879294284 1.079157951596119e-05 5.217751385432392e-08
3.325554887938779 1.057881063840009e-05 5.1713044872188e-08
3.3273448879481293 1.0205065084605267e-05 5.079138075690722e-08
