#Target name PANSTARRS (C/2017 K2)
#Obs. Start 2022-08-21 21:24:50.752
#Obs. End 2022-08-21 21:30:34.329
#Instrument used NIRSPEC
#Grating used G395M/F290LP
#Lower wavelength (um) 3.255
#Upper wavelength (um) 3.328
#Spectral plate scale (um) 0.001790000009350478
#Center pixel for extract (x,y) = (29,25)
#Pixel scale (arcsec/pixel) 0.09999908561794624
#Inner annulus radius (arcsec) 0.7999926849435699
#Outer annulus radius (arcsec) 0.8999917705615161
#Wave (micron) Flux (Jy) Noise (Jy)
3.25574488757411 6.739109187211398e-06 4.188697364697268e-08
3.2575348875834607 7.006235935874336e-06 4.185560285023046e-08
3.259324887592811 8.036471819731756e-06 4.477852297089238e-08
3.2611148876021616 8.386621925555137e-06 4.594664959221334e-08
3.262904887611512 7.37016754978412e-06 4.3107551974545946e-08
3.2646948876208626 7.1108908790326265e-06 4.3364947124091754e-08
3.266484887630213 7.046706354150896e-06 4.2119649585391405e-08
3.2682748876395635 7.814676866677599e-06 4.389784471426341e-08
3.270064887648914 1.0004692339817366e-05 4.942293502754612e-08
3.2718548876582645 9.454708415261976e-06 4.763211007305788e-08
3.273644887667615 7.504274160486143e-06 4.3534819616863646e-08
3.2754348876769654 7.1780739825090115e-06 4.2614489452898704e-08
3.277224887686316 7.193806902067797e-06 4.299598992215052e-08
3.2790148876956664 8.559285882423675e-06 4.561309536319403e-08
3.280804887705017 1.0461016407536064e-05 4.968215098860047e-08
3.2825948877143674 9.108561965273173e-06 4.653140352339325e-08
3.284384887723718 7.620864033117824e-06 4.39111002130396e-08
3.2861748877330683 7.260855926949586e-06 4.2858082870968065e-08
3.287964887742419 7.27828529064566e-06 4.2612510261694444e-08
3.2897548877517693 8.691508850728582e-06 4.552161029799397e-08
3.2915448877611198 9.760942644115439e-06 4.868439281898093e-08
3.2933348877704702 8.182162305345805e-06 4.551492012347673e-08
3.2951248877798207 7.095897887758005e-06 4.355592260882547e-08
3.296914887789171 6.85953473593407e-06 4.2378878413434445e-08
3.2987048877985217 7.272050763412419e-06 4.4264143259901665e-08
3.300494887807872 9.327844157588226e-06 4.8543091761837896e-08
3.3022848878172226 1.0534364021561558e-05 5.115861887112956e-08
3.304074887826573 8.317376496632753e-06 4.555204183361096e-08
3.3058648878359236 7.269628437747757e-06 4.3133912649245426e-08
3.307654887845274 7.198655701823953e-06 4.25823305753651e-08
3.3094448878546245 7.547749232860736e-06 4.3085666220572394e-08
3.311234887863975 1.0580718395542624e-05 4.888894390548197e-08
3.3130248878733255 1.4905991879006272e-05 5.690265102394783e-08
3.314814887882676 1.2427829676843865e-05 5.2544002338673344e-08
3.3166048878920265 8.718518635173543e-06 4.548917970657314e-08
3.318394887901377 7.716726677580965e-06 4.438953690205193e-08
3.3201848879107274 7.877698289365278e-06 4.4312123880510736e-08
3.321974887920078 8.871836287564156e-06 4.572951085009303e-08
3.3237648879294284 9.520545794698738e-06 4.654245581580355e-08
3.325554887938779 9.233848633066078e-06 4.6310462960587055e-08
3.3273448879481293 9.021282186325205e-06 4.6364380003083616e-08
