#Target name PANSTARRS (C/2017 K2)
#Obs. Start 2022-08-21 21:24:50.752
#Obs. End 2022-08-21 21:30:34.329
#Instrument used NIRSPEC
#Grating used G395M/F290LP
#Lower wavelength (um) 3.255
#Upper wavelength (um) 3.328
#Spectral plate scale (um) 0.001790000009350478
#Center pixel for extract (x,y) = (29,25)
#Pixel scale (arcsec/pixel) 0.09999908561794624
#Inner annulus radius (arcsec) 1.9999817123589247
#Outer annulus radius (arcsec) 2.099980797976871
#Wave (micron) Flux (Jy) Noise (Jy)
3.25574488757411 2.982294151391725e-06 3.953796973140482e-08
3.2575348875834607 3.1459273977129154e-06 3.974807456982219e-08
3.259324887592811 3.47577945664252e-06 4.112303985154752e-08
3.2611148876021616 3.643841463685336e-06 4.135185835992784e-08
3.262904887611512 3.3248985789321808e-06 4.075320088083182e-08
3.2646948876208626 3.2722461815869277e-06 4.078676801019762e-08
3.266484887630213 3.1659405490211827e-06 3.967668021438149e-08
3.2682748876395635 3.5059084997233477e-06 4.126235050668669e-08
3.270064887648914 4.441753070961671e-06 4.5857201078622855e-08
3.2718548876582645 4.172947564261116e-06 4.3915271947400406e-08
3.273644887667615 3.2603555587107425e-06 4.064520886135378e-08
3.2754348876769654 3.2342919692749233e-06 4.069087987022587e-08
3.277224887686316 3.2482633723148362e-06 4.04850910929919e-08
3.2790148876956664 3.864651856347754e-06 4.1650530095277954e-08
3.280804887705017 4.552527649659189e-06 4.349288754374171e-08
3.2825948877143674 3.983683911190471e-06 4.245237667082982e-08
3.284384887723718 3.4095464113284748e-06 4.0081508265119986e-08
3.2861748877330683 3.3836258205715513e-06 4.088275394902858e-08
3.287964887742419 3.348157402490234e-06 4.0922845701667114e-08
3.2897548877517693 3.842984061339844e-06 4.2421940822491936e-08
3.2915448877611198 4.19760795957991e-06 4.2614156914968646e-08
3.2933348877704702 3.568272988857098e-06 4.1306736070899254e-08
3.2951248877798207 3.2800902684095824e-06 3.952021413664313e-08
3.296914887789171 3.141911788602891e-06 4.0714077740467326e-08
3.2987048877985217 3.3271383587196857e-06 4.037770164832984e-08
3.300494887807872 4.060416801431972e-06 4.284144056632392e-08
3.3022848878172226 4.540153630274544e-06 4.427579002731666e-08
3.304074887826573 3.7824767205672982e-06 4.214896052953405e-08
3.3058648878359236 3.3212554446705147e-06 4.0693854930652463e-08
3.307654887845274 3.3503594498423005e-06 4.0921986359142065e-08
3.3094448878546245 3.645267760743734e-06 4.305267278931461e-08
3.311234887863975 4.86169040439752e-06 4.5230435873032873e-08
3.3130248878733255 6.444124127018107e-06 4.8846976926875364e-08
3.314814887882676 5.324109061969881e-06 4.6035100919503525e-08
3.3166048878920265 3.91607078802131e-06 4.2206020113990604e-08
3.318394887901377 3.6104032061724358e-06 4.258171018391917e-08
3.3201848879107274 3.7295532942576255e-06 4.162129581222075e-08
3.321974887920078 4.146021534392603e-06 4.465410174297433e-08
3.3237648879294284 4.3641200715822444e-06 4.4103310137084845e-08
3.325554887938779 4.25221875284168e-06 4.403077888019764e-08
3.3273448879481293 4.144112411089978e-06 4.2640133040598834e-08
