#Target name PANSTARRS (C/2017 K2)
#Obs. Start 2022-08-21 21:24:50.752
#Obs. End 2022-08-21 21:30:34.329
#Instrument used NIRSPEC
#Grating used G395M/F290LP
#Lower wavelength (um) 3.255
#Upper wavelength (um) 3.328
#Spectral plate scale (um) 0.001790000009350478
#Center pixel for extract (x,y) = (29,25)
#Pixel scale (arcsec/pixel) 0.09999908561794624
#Inner annulus radius (arcsec) 2.0999807979768708
#Outer annulus radius (arcsec) 2.199979883594817
#Wave (micron) Flux (Jy) Noise (Jy)
3.25574488757411 2.9193409564627304e-06 4.89430153865082e-08
3.2575348875834607 2.9774928313445203e-06 4.925880363429363e-08
3.259324887592811 3.4542578407436645e-06 5.1759237738185144e-08
3.2611148876021616 3.6110189894899768e-06 5.2040988884889886e-08
3.262904887611512 3.194886300608244e-06 4.9338182886835674e-08
3.2646948876208626 3.151666916238416e-06 4.908981536263211e-08
3.266484887630213 3.1129484277739453e-06 4.8401436173743244e-08
3.2682748876395635 3.4431187646558923e-06 4.977413316273319e-08
3.270064887648914 4.318440815636723e-06 5.559992984019189e-08
3.2718548876582645 4.009271422027659e-06 5.397119465755714e-08
3.273644887667615 3.1446505680921716e-06 4.950605206316662e-08
3.2754348876769654 3.143384989689174e-06 4.8416016267167876e-08
3.277224887686316 3.201662412688493e-06 4.864408782661505e-08
3.2790148876956664 3.6022058422423266e-06 5.1545952827030226e-08
3.280804887705017 4.368853764268984e-06 5.351264169828459e-08
3.2825948877143674 3.8070844472363836e-06 5.18598619748273e-08
3.284384887723718 3.3400856712741374e-06 4.9420689034619394e-08
3.2861748877330683 3.2864073875148595e-06 5.1946179120588734e-08
3.287964887742419 3.2997077259808666e-06 5.0946964355307036e-08
3.2897548877517693 3.727706627371736e-06 5.1012003122133705e-08
3.2915448877611198 4.001611353913347e-06 5.25019564946516e-08
3.2933348877704702 3.4527702819134936e-06 5.1088202844589845e-08
3.2951248877798207 3.234465681648537e-06 4.9479052198276436e-08
3.296914887789171 3.0665213102132886e-06 4.969792464136297e-08
3.2987048877985217 3.197739741788353e-06 4.985814237341791e-08
3.300494887807872 3.881076734913666e-06 5.175831595038906e-08
3.3022848878172226 4.348330072637255e-06 5.389013580807875e-08
3.304074887826573 3.6200981480536226e-06 5.07909710732618e-08
3.3058648878359236 3.1533916841476002e-06 4.8669851379175543e-08
3.307654887845274 3.2598625874191697e-06 4.9626578822880004e-08
3.3094448878546245 3.5481709748950166e-06 4.9720302411352764e-08
3.311234887863975 4.588523622776897e-06 5.3573703094558174e-08
3.3130248878733255 6.110860209067519e-06 6.03806225112992e-08
3.314814887882676 5.0713750051131536e-06 5.747915613479674e-08
3.3166048878920265 3.7584754275047753e-06 5.2614734346499645e-08
3.318394887901377 3.4781688808595663e-06 5.2644734715298374e-08
3.3201848879107274 3.509029477871733e-06 5.257033483766718e-08
3.321974887920078 4.061470578026606e-06 5.707708485184196e-08
3.3237648879294284 4.209476800764744e-06 5.61492495878365e-08
3.325554887938779 4.123055743081743e-06 5.537754518353704e-08
3.3273448879481293 3.9480517236449206e-06 5.2982842976187096e-08
