#Target name PANSTARRS (C/2017 K2)
#Obs. Start 2022-08-21 21:24:50.752
#Obs. End 2022-08-21 21:30:34.329
#Instrument used NIRSPEC
#Grating used G395M/F290LP
#Lower wavelength (um) 3.255
#Upper wavelength (um) 3.328
#Spectral plate scale (um) 0.001790000009350478
#Center pixel for extract (x,y) = (29,25)
#Pixel scale (arcsec/pixel) 0.09999908561794624
#Inner annulus radius (arcsec) 1.0999899417974086
#Outer annulus radius (arcsec) 1.1999890274153548
#Wave (micron) Flux (Jy) Noise (Jy)
3.25574488757411 5.01857009723704e-06 3.5306446991278114e-08
3.2575348875834607 5.286164034190424e-06 3.488865734102571e-08
3.259324887592811 6.045173622103467e-06 3.6863231286171644e-08
3.2611148876021616 6.2831132569433845e-06 3.721820812128964e-08
3.262904887611512 5.4934846809720435e-06 3.544639446460745e-08
3.2646948876208626 5.211305224996184e-06 3.536700755019681e-08
3.266484887630213 5.243750006493246e-06 3.566425248525589e-08
3.2682748876395635 5.957900291425864e-06 3.676631075387979e-08
3.270064887648914 7.511457907074415e-06 3.966040084841616e-08
3.2718548876582645 7.01901356846922e-06 3.9013720180605686e-08
3.273644887667615 5.544236821826997e-06 3.6010245145007546e-08
3.2754348876769654 5.439249945038636e-06 3.6067948181278126e-08
3.277224887686316 5.524106716365735e-06 3.6287236293550036e-08
3.2790148876956664 6.485186619281751e-06 3.749500539576139e-08
3.280804887705017 7.701114300303508e-06 4.019559868539269e-08
3.2825948877143674 6.6417811080503105e-06 3.779627879829913e-08
3.284384887723718 5.6405838977643415e-06 3.630199537957104e-08
3.2861748877330683 5.4873944152708845e-06 3.61946256154151e-08
3.287964887742419 5.527105501513153e-06 3.5726848522569245e-08
3.2897548877517693 6.372805235087109e-06 3.717848566715986e-08
3.2915448877611198 7.1367088911320355e-06 3.919063999964557e-08
3.2933348877704702 5.964624927706307e-06 3.6686281633616765e-08
3.2951248877798207 5.295031044883047e-06 3.561445094235465e-08
3.296914887789171 5.292098296975539e-06 3.532142267629972e-08
3.2987048877985217 5.4286760978626855e-06 3.57394900816207e-08
3.300494887807872 6.922792065925343e-06 3.882263466645274e-08
3.3022848878172226 7.816880877433583e-06 4.096918031266024e-08
3.304074887826573 6.142534933261242e-06 3.717299904501138e-08
3.3058648878359236 5.495674490459802e-06 3.586904143572647e-08
3.307654887845274 5.343610632628723e-06 3.444089367097161e-08
3.3094448878546245 5.622200693577215e-06 3.5610695567352064e-08
3.311234887863975 7.731853350688328e-06 3.9751717237534624e-08
3.3130248878733255 1.1109587518918195e-05 4.583045747747375e-08
3.314814887882676 9.039625836613457e-06 4.1941665599440116e-08
3.3166048878920265 6.4183148500010185e-06 3.665420571722055e-08
3.318394887901377 5.769153457152923e-06 3.570395806345965e-08
3.3201848879107274 5.904762908404027e-06 3.6199060260457534e-08
3.321974887920078 6.64068699714755e-06 3.7698974924005224e-08
3.3237648879294284 7.111921448993211e-06 3.8296577606854925e-08
3.325554887938779 6.894500010145299e-06 3.750084857751385e-08
3.3273448879481293 6.741615981185156e-06 3.8001259077728253e-08
