#Target name PANSTARRS (C/2017 K2)
#Obs. Start 2022-08-21 21:24:50.752
#Obs. End 2022-08-21 21:30:34.329
#Instrument used NIRSPEC
#Grating used G395M/F290LP
#Lower wavelength (um) 3.255
#Upper wavelength (um) 3.328
#Spectral plate scale (um) 0.001790000009350478
#Center pixel for extract (x,y) = (29,25)
#Pixel scale (arcsec/pixel) 0.09999908561794624
#Inner annulus radius (arcsec) 0.09999908561794624
#Outer annulus radius (arcsec) 0.19999817123589247
#Wave (micron) Flux (Jy) Noise (Jy)
3.25574488757411 3.407113979701607e-05 1.9586796190297985e-07
3.2575348875834607 3.5224085290021004e-05 2.058118931494759e-07
3.259324887592811 4.055352512400234e-05 2.2218268442324147e-07
3.2611148876021616 4.147546036681586e-05 2.2156447868706971e-07
3.262904887611512 3.695928631668293e-05 2.0338750520596726e-07
3.2646948876208626 3.491053451029882e-05 1.9532596714094067e-07
3.266484887630213 3.501245226546716e-05 1.9802228907400182e-07
3.2682748876395635 3.9548854012194155e-05 2.1415128106554194e-07
3.270064887648914 5.088297138545966e-05 2.598982499387305e-07
3.2718548876582645 4.675676499059142e-05 2.367048442419926e-07
3.273644887667615 3.758999677333153e-05 2.0703811710383132e-07
3.2754348876769654 3.534858638636377e-05 2.0153080157307438e-07
3.277224887686316 3.5852202099707204e-05 2.0148309647873213e-07
3.2790148876956664 4.300561024100044e-05 2.2900891155676413e-07
3.280804887705017 5.166459101735283e-05 2.54160358943203e-07
3.2825948877143674 4.4174293007852045e-05 2.2244580342913485e-07
3.284384887723718 3.7139737228125645e-05 2.027982431069512e-07
3.2861748877330683 3.546198299464649e-05 1.98664695716637e-07
3.287964887742419 3.53850839775233e-05 2.0086743915378947e-07
3.2897548877517693 4.239068990809526e-05 2.3348017228435038e-07
3.2915448877611198 4.694742927235562e-05 2.497342911778404e-07
3.2933348877704702 4.022761782066047e-05 2.277736696258209e-07
3.2951248877798207 3.459078634133224e-05 2.1488917214694764e-07
3.296914887789171 3.3388682017848135e-05 2.1293038021123476e-07
3.2987048877985217 3.4865919147667245e-05 2.2079083426933423e-07
3.300494887807872 4.537472660234932e-05 2.6596681928763687e-07
3.3022848878172226 5.066609335903151e-05 2.6845831555091694e-07
3.304074887826573 4.15128794534562e-05 2.2280975436395174e-07
3.3058648878359236 3.486522022772503e-05 1.930395301357584e-07
3.307654887845274 3.495104008833901e-05 1.8922023853856257e-07
3.3094448878546245 3.709574533284909e-05 1.9499974051926706e-07
3.311234887863975 5.312295275879306e-05 2.4472185338612106e-07
3.3130248878733255 7.190096140369014e-05 2.9177689927998633e-07
3.314814887882676 6.0485618731365975e-05 2.593095291075148e-07
3.3166048878920265 4.177565261696472e-05 2.0870348558523552e-07
3.318394887901377 3.661370251646709e-05 1.959428701479413e-07
3.3201848879107274 3.7489201557716345e-05 1.9905750956784806e-07
3.321974887920078 4.195311363920392e-05 2.0929233252192945e-07
3.3237648879294284 4.491059952522066e-05 2.1496449960872216e-07
3.325554887938779 4.382723083663416e-05 2.1060861413130703e-07
3.3273448879481293 4.1222127924317006e-05 2.107170115148906e-07
