#Target name PANSTARRS (C/2017 K2)
#Obs. Start 2022-08-21 21:24:50.752
#Obs. End 2022-08-21 21:30:34.329
#Instrument used NIRSPEC
#Grating used G395M/F290LP
#Lower wavelength (um) 3.255
#Upper wavelength (um) 3.328
#Spectral plate scale (um) 0.001790000009350478
#Center pixel for extract (x,y) = (29,25)
#Pixel scale (arcsec/pixel) 0.09999908561794624
#Inner annulus radius (arcsec) 0.8999917705615161
#Outer annulus radius (arcsec) 0.9999908561794624
#Wave (micron) Flux (Jy) Noise (Jy)
3.25574488757411 6.044742199171432e-06 3.8930991081895996e-08
3.2575348875834607 6.226194146408841e-06 3.961484604077759e-08
3.259324887592811 7.140304642533375e-06 4.1629542136094685e-08
3.2611148876021616 7.5165833300480425e-06 4.2522071131313904e-08
3.262904887611512 6.653701573963759e-06 4.016225315430171e-08
3.2646948876208626 6.3194256786446295e-06 3.929703413669848e-08
3.266484887630213 6.345511564289599e-06 3.8959287619185545e-08
3.2682748876395635 7.054389340834919e-06 4.044291266699406e-08
3.270064887648914 8.925176334899709e-06 4.503018457243782e-08
3.2718548876582645 8.389681344228569e-06 4.309079167329777e-08
3.273644887667615 6.6979505877677935e-06 3.961850856939995e-08
3.2754348876769654 6.461593650591104e-06 3.956274002221031e-08
3.277224887686316 6.5241418157427095e-06 3.948772915309506e-08
3.2790148876956664 7.685520359635418e-06 4.20696300402384e-08
3.280804887705017 9.287119666560623e-06 4.5097895905566994e-08
3.2825948877143674 8.081637733823445e-06 4.196564707074361e-08
3.284384887723718 6.869862135036705e-06 4.0432976740127226e-08
3.2861748877330683 6.523418621972403e-06 3.851051010992124e-08
3.287964887742419 6.522796169970754e-06 3.854965703091918e-08
3.2897548877517693 7.714693147512062e-06 4.098458547957351e-08
3.2915448877611198 8.601658057635972e-06 4.3627757955730056e-08
3.2933348877704702 7.193503162342972e-06 4.0297948385543415e-08
3.2951248877798207 6.288765278806201e-06 3.888601816710994e-08
3.296914887789171 6.214257970776741e-06 3.846267220541128e-08
3.2987048877985217 6.513528036490539e-06 3.938130864975825e-08
3.300494887807872 8.264154784338979e-06 4.2997562050823676e-08
3.3022848878172226 9.394286417471138e-06 4.4701237140654225e-08
3.304074887826573 7.3932590480715596e-06 4.033248776628663e-08
3.3058648878359236 6.4872310762940144e-06 3.838673131214951e-08
3.307654887845274 6.521231940318877e-06 3.7810233960904745e-08
3.3094448878546245 6.817778772529849e-06 3.8772348926971016e-08
3.311234887863975 9.440918359136942e-06 4.346762670715034e-08
3.3130248878733255 1.3196393377896824e-05 5.026287725853262e-08
3.314814887882676 1.0976509865588924e-05 4.606302257619992e-08
3.3166048878920265 7.795579113977129e-06 4.0207738429031916e-08
3.318394887901377 6.944120130333688e-06 3.914651242529675e-08
3.3201848879107274 7.1030870369559e-06 3.9732519534533335e-08
3.321974887920078 7.939668153866996e-06 4.066135265290374e-08
3.3237648879294284 8.505376932330775e-06 4.154105917865799e-08
3.325554887938779 8.304445876753264e-06 4.159511950747385e-08
3.3273448879481293 8.08903046148575e-06 4.166464852083176e-08
