#Target name PANSTARRS (C/2017 K2)
#Obs. Start 2022-08-21 21:24:50.752
#Obs. End 2022-08-21 21:30:34.329
#Instrument used NIRSPEC
#Grating used G395M/F290LP
#Lower wavelength (um) 3.255
#Upper wavelength (um) 3.328
#Spectral plate scale (um) 0.001790000009350478
#Center pixel for extract (x,y) = (29,25)
#Pixel scale (arcsec/pixel) 0.09999908561794624
#Inner annulus radius (arcsec) 1.7999835411230323
#Outer annulus radius (arcsec) 1.8999826267409787
#Wave (micron) Flux (Jy) Noise (Jy)
3.25574488757411 3.312080950215666e-06 3.332242676709684e-08
3.2575348875834607 3.391518762514149e-06 3.3589763590005166e-08
3.259324887592811 3.850310832161095e-06 3.433434498333192e-08
3.2611148876021616 3.952830651272558e-06 3.4728077507797793e-08
3.262904887611512 3.4942929529907096e-06 3.467381855782405e-08
3.2646948876208626 3.4969456575929026e-06 3.4574960886679314e-08
3.266484887630213 3.483652053131526e-06 3.305977466040278e-08
3.2682748876395635 3.9454150225449946e-06 3.4312778352612364e-08
3.270064887648914 4.927797326299666e-06 3.737635489838965e-08
3.2718548876582645 4.6061086021308415e-06 3.66596003722004e-08
3.273644887667615 3.6908847796935824e-06 3.43746434189825e-08
3.2754348876769654 3.580121764599481e-06 3.364384495693609e-08
3.277224887686316 3.5741157504942352e-06 3.373458429874796e-08
3.2790148876956664 4.260824255341876e-06 3.588117010152454e-08
3.280804887705017 4.927819054301412e-06 3.696294264022329e-08
3.2825948877143674 4.20839909297505e-06 3.553980453904582e-08
3.284384887723718 3.723319080456846e-06 3.5272430830991326e-08
3.2861748877330683 3.6859374870983345e-06 3.5654590151954983e-08
3.287964887742419 3.713264041356407e-06 3.451953292132735e-08
3.2897548877517693 4.321564243981969e-06 3.603867136006867e-08
3.2915448877611198 4.640270955932734e-06 3.6915293849010075e-08
3.2933348877704702 3.907324286242316e-06 3.4881098250624136e-08
3.2951248877798207 3.550028428553318e-06 3.385885982587076e-08
3.296914887789171 3.553610048258945e-06 3.331615103047095e-08
3.2987048877985217 3.6096523248999e-06 3.3925517328688836e-08
3.300494887807872 4.493003616737326e-06 3.6240049930156265e-08
3.3022848878172226 5.01360597040805e-06 3.6938449059435975e-08
3.304074887826573 4.04076047373927e-06 3.518681465407472e-08
3.3058648878359236 3.6028183905627954e-06 3.376517813411865e-08
3.307654887845274 3.6586626437575866e-06 3.386283290742976e-08
3.3094448878546245 3.894210101656492e-06 3.4979356577893694e-08
3.311234887863975 5.25952942867989e-06 3.8146511999626836e-08
3.3130248878733255 7.124686227569027e-06 4.246124468156262e-08
3.314814887882676 5.805877676027607e-06 3.9283874884478536e-08
3.3166048878920265 4.323938213316328e-06 3.5737377432392825e-08
3.318394887901377 3.920428762128741e-06 3.477048267674904e-08
3.3201848879107274 3.939756907869509e-06 3.433073309827228e-08
3.321974887920078 4.4404367188791705e-06 3.601291889094076e-08
3.3237648879294284 4.725742768771586e-06 3.704787775166874e-08
3.325554887938779 4.54420726474899e-06 3.608818204594561e-08
3.3273448879481293 4.5001789605220845e-06 3.624972876353717e-08
