#Target name PANSTARRS (C/2017 K2)
#Obs. Start 2022-08-21 21:24:50.752
#Obs. End 2022-08-21 21:30:34.329
#Instrument used NIRSPEC
#Grating used G395M/F290LP
#Lower wavelength (um) 3.255
#Upper wavelength (um) 3.328
#Spectral plate scale (um) 0.001790000009350478
#Center pixel for extract (x,y) = (29,25)
#Pixel scale (arcsec/pixel) 0.09999908561794624
#Inner annulus radius (arcsec) 0.19999817123589247
#Outer annulus radius (arcsec) 0.2999972568538387
#Wave (micron) Flux (Jy) Noise (Jy)
3.25574488757411 2.1947713245383502e-05 1.277183623926824e-07
3.2575348875834607 2.2532205802328484e-05 1.3257241961580737e-07
3.259324887592811 2.6045815176564504e-05 1.428660977339351e-07
3.2611148876021616 2.6645227329335572e-05 1.4255859612833025e-07
3.262904887611512 2.371476367760305e-05 1.3166767926917795e-07
3.2646948876208626 2.262882001560433e-05 1.2711137105424044e-07
3.266484887630213 2.263925577262114e-05 1.2711871541950385e-07
3.2682748876395635 2.5409815949774127e-05 1.3580744246850526e-07
3.270064887648914 3.246605379459871e-05 1.6166783857007603e-07
3.2718548876582645 3.036986546547327e-05 1.494215830778186e-07
3.273644887667615 2.447303846947843e-05 1.313980273548234e-07
3.2754348876769654 2.2971486804527333e-05 1.2869433901678712e-07
3.277224887686316 2.341328102841341e-05 1.2940079681001942e-07
3.2790148876956664 2.8161232427987508e-05 1.424952909149206e-07
3.280804887705017 3.385589637120854e-05 1.5667150239130112e-07
3.2825948877143674 2.870037960614699e-05 1.3930562395891655e-07
3.284384887723718 2.4434507470670632e-05 1.2693109241352077e-07
3.2861748877330683 2.3419872648754443e-05 1.261404228678058e-07
3.287964887742419 2.351979655977649e-05 1.260820861412281e-07
3.2897548877517693 2.846055438903794e-05 1.438991874247784e-07
3.2915448877611198 3.1504310851704513e-05 1.528006347224533e-07
3.2933348877704702 2.6875901541982597e-05 1.395544232048152e-07
3.2951248877798207 2.3150741736810675e-05 1.312882915793243e-07
3.296914887789171 2.2547495163634643e-05 1.301231998853365e-07
3.2987048877985217 2.3376674146490687e-05 1.3345631040208144e-07
3.300494887807872 3.066234663251356e-05 1.5791540962598082e-07
3.3022848878172226 3.469250885215904e-05 1.6156425534654614e-07
3.304074887826573 2.82367635763268e-05 1.3698778986948878e-07
3.3058648878359236 2.359955149003032e-05 1.2083599355067622e-07
3.307654887845274 2.3354123105983476e-05 1.1766881408969406e-07
3.3094448878546245 2.4771650318130737e-05 1.217334565519961e-07
3.311234887863975 3.56096893589544e-05 1.487496906864725e-07
3.3130248878733255 4.864395751404111e-05 1.7519606576515461e-07
3.314814887882676 4.0939157220206325e-05 1.5553213745856584e-07
3.3166048878920265 2.8336832435444815e-05 1.2758050266544883e-07
3.318394887901377 2.467838487757498e-05 1.1985035864674473e-07
3.3201848879107274 2.532271149201659e-05 1.2133589337450983e-07
3.321974887920078 2.8617347615136963e-05 1.2780935195690477e-07
3.3237648879294284 3.072121647166722e-05 1.3106146335345684e-07
3.325554887938779 3.0102003074630625e-05 1.2982928231219867e-07
3.3273448879481293 2.889979526724036e-05 1.2820409841186393e-07
