#Target name PANSTARRS (C/2017 K2)
#Obs. Start 2022-08-21 21:24:50.752
#Obs. End 2022-08-21 21:30:34.329
#Instrument used NIRSPEC
#Grating used G395M/F290LP
#Lower wavelength (um) 3.255
#Upper wavelength (um) 3.328
#Spectral plate scale (um) 0.001790000009350478
#Center pixel for extract (x,y) = (29,25)
#Pixel scale (arcsec/pixel) 0.09999908561794624
#Inner annulus radius (arcsec) 0.39999634247178495
#Outer annulus radius (arcsec) 0.4999954280897312
#Wave (micron) Flux (Jy) Noise (Jy)
3.25574488757411 1.2667017600277556e-05 7.427507393706026e-08
3.2575348875834607 1.296312288186585e-05 7.55176440186981e-08
3.259324887592811 1.4850835430988144e-05 8.100555844878945e-08
3.2611148876021616 1.541704249811808e-05 8.202976134778403e-08
3.262904887611512 1.35360987110651e-05 7.616261812649774e-08
3.2646948876208626 1.2971348079435836e-05 7.493368280242449e-08
3.266484887630213 1.2993056376354974e-05 7.531881824120215e-08
3.2682748876395635 1.4791547854841852e-05 7.977343558016174e-08
3.270064887648914 1.89469759061439e-05 8.990687241896693e-08
3.2718548876582645 1.7413364764848844e-05 8.520454136847928e-08
3.273644887667615 1.4042395111273115e-05 7.674591738717026e-08
3.2754348876769654 1.3120442376392049e-05 7.509481258143578e-08
3.277224887686316 1.3566875065801318e-05 7.673505825639273e-08
3.2790148876956664 1.591201433630249e-05 8.200361145050091e-08
3.280804887705017 1.9373361332358496e-05 8.963440332057627e-08
3.2825948877143674 1.6635862987421015e-05 8.177314834136669e-08
3.284384887723718 1.3938363903798323e-05 7.500143476098468e-08
3.2861748877330683 1.3421954568454762e-05 7.297301671044831e-08
3.287964887742419 1.3638275092654172e-05 7.502758152157048e-08
3.2897548877517693 1.618849518946692e-05 8.23187936791448e-08
3.2915448877611198 1.7978764625131555e-05 8.756895130245116e-08
3.2933348877704702 1.5175893742660691e-05 8.102478852443121e-08
3.2951248877798207 1.3271840236282436e-05 7.727027206927971e-08
3.296914887789171 1.3003776799264578e-05 7.583131011291023e-08
3.2987048877985217 1.339650287406115e-05 7.682643425808949e-08
3.300494887807872 1.756657942029285e-05 8.763374872586493e-08
3.3022848878172226 1.9586776363876123e-05 9.132146613411619e-08
3.304074887826573 1.5639728812214755e-05 7.844704616847828e-08
3.3058648878359236 1.3307079970402589e-05 7.274032009886203e-08
3.307654887845274 1.3325701786374539e-05 7.173226589624444e-08
3.3094448878546245 1.3845066603283888e-05 7.206260714434592e-08
3.311234887863975 1.983294603754887e-05 8.482422076189274e-08
3.3130248878733255 2.756694793120057e-05 9.908912332826172e-08
3.314814887882676 2.3105292535046788e-05 9.01597149799805e-08
3.3166048878920265 1.6175798009020938e-05 7.652267936998988e-08
3.318394887901377 1.398410638601198e-05 7.245299026053596e-08
3.3201848879107274 1.4440330075672602e-05 7.272597032353028e-08
3.321974887920078 1.6231623736222523e-05 7.597410416422781e-08
3.3237648879294284 1.746989546094374e-05 7.76416361982241e-08
3.325554887938779 1.7116658000562e-05 7.739961896828192e-08
3.3273448879481293 1.6541954649557268e-05 7.664168213249413e-08
