#Target name PANSTARRS (C/2017 K2)
#Obs. Start 2022-08-21 21:24:50.752
#Obs. End 2022-08-21 21:30:34.329
#Instrument used NIRSPEC
#Grating used G395M/F290LP
#Lower wavelength (um) 3.255
#Upper wavelength (um) 3.328
#Spectral plate scale (um) 0.001790000009350478
#Center pixel for extract (x,y) = (29,25)
#Pixel scale (arcsec/pixel) 0.09999908561794624
#Inner annulus radius (arcsec) 1.3999871986512473
#Outer annulus radius (arcsec) 1.4999862842691936
#Wave (micron) Flux (Jy) Noise (Jy)
3.25574488757411 4.095308881666138e-06 3.315265720520763e-08
3.2575348875834607 4.314469123117813e-06 3.3629464436253075e-08
3.259324887592811 4.846575955992574e-06 3.5176472897828555e-08
3.2611148876021616 4.952970699984621e-06 3.600318318794448e-08
3.262904887611512 4.387602187052521e-06 3.466802271263586e-08
3.2646948876208626 4.138017654918739e-06 3.458154483366274e-08
3.266484887630213 4.259039490613779e-06 3.373543534276017e-08
3.2682748876395635 4.787020467782335e-06 3.6074011908101405e-08
3.270064887648914 6.038297061909285e-06 3.864821281957812e-08
3.2718548876582645 5.587901279324707e-06 3.759251676325975e-08
3.273644887667615 4.44549002177178e-06 3.451530467450783e-08
3.2754348876769654 4.312661429781198e-06 3.465223106683465e-08
3.277224887686316 4.432288109310108e-06 3.487562792448815e-08
3.2790148876956664 5.2489647748856e-06 3.679433453668988e-08
3.280804887705017 6.189906935105642e-06 3.871406982023436e-08
3.2825948877143674 5.299214886204014e-06 3.762158596509537e-08
3.284384887723718 4.503134469045838e-06 3.503216992235515e-08
3.2861748877330683 4.535984686401883e-06 3.5749040046979224e-08
3.287964887742419 4.584918315479214e-06 3.510534511302608e-08
3.2897548877517693 5.279190470964912e-06 3.68932916443543e-08
3.2915448877611198 5.7509433985638965e-06 3.881780443767367e-08
3.2933348877704702 4.769393807822669e-06 3.627876558293288e-08
3.2951248877798207 4.292097861053362e-06 3.5179185773379505e-08
3.296914887789171 4.3007115308591805e-06 3.5148606951492345e-08
3.2987048877985217 4.44726837293422e-06 3.5520500199227824e-08
3.300494887807872 5.5992741439399e-06 3.8721370150636755e-08
3.3022848878172226 6.216596141880499e-06 3.9557924533326075e-08
3.304074887826573 4.957610464745723e-06 3.629315886179445e-08
3.3058648878359236 4.484462992029937e-06 3.4870491145511375e-08
3.307654887845274 4.451145036583365e-06 3.5501504703937626e-08
3.3094448878546245 4.715200996908544e-06 3.5548846824099285e-08
3.311234887863975 6.5844728875766895e-06 3.8894877440659834e-08
3.3130248878733255 8.971661626250195e-06 4.407906159205932e-08
3.314814887882676 7.303957054585673e-06 4.048481274612473e-08
3.3166048878920265 5.2858668294196815e-06 3.631053400070043e-08
3.318394887901377 4.662889559717662e-06 3.510359200955195e-08
3.3201848879107274 4.855874290086146e-06 3.6050852785904494e-08
3.321974887920078 5.444411937923158e-06 3.7230991677928925e-08
3.3237648879294284 5.874516154086173e-06 3.8310187121097826e-08
3.325554887938779 5.727016688813806e-06 3.834144037322682e-08
3.3273448879481293 5.4378670498468655e-06 3.700917047955825e-08
