#Target name PANSTARRS (C/2017 K2)
#Obs. Start 2022-08-21 21:24:50.752
#Obs. End 2022-08-21 21:30:34.329
#Instrument used NIRSPEC
#Grating used G395M/F290LP
#Lower wavelength (um) 3.255
#Upper wavelength (um) 3.328
#Spectral plate scale (um) 0.001790000009350478
#Center pixel for extract (x,y) = (29,25)
#Pixel scale (arcsec/pixel) 0.09999908561794624
#Inner annulus radius (arcsec) 0.4999954280897312
#Outer annulus radius (arcsec) 0.5999945137076774
#Wave (micron) Flux (Jy) Noise (Jy)
3.25574488757411 1.0221108789412712e-05 6.153996007744815e-08
3.2575348875834607 1.0462166679682727e-05 6.174140467489435e-08
3.259324887592811 1.2104600156085012e-05 6.596261542578014e-08
3.2611148876021616 1.2463996955859227e-05 6.654743402552835e-08
3.262904887611512 1.1003344093521017e-05 6.251583905068122e-08
3.2646948876208626 1.0456505840444621e-05 6.05992935372338e-08
3.266484887630213 1.0511611267323737e-05 6.12882367561362e-08
3.2682748876395635 1.1700165753038781e-05 6.403585595325782e-08
3.270064887648914 1.5347029224439777e-05 7.298955203935413e-08
3.2718548876582645 1.4193116614887915e-05 6.885670843995175e-08
3.273644887667615 1.1426980510574462e-05 6.333917774017751e-08
3.2754348876769654 1.0798456281870982e-05 6.206740292642083e-08
3.277224887686316 1.1060725001261638e-05 6.327384533430435e-08
3.2790148876956664 1.2974245443675419e-05 6.790018027060936e-08
3.280804887705017 1.5603832553299833e-05 7.356818203978361e-08
3.2825948877143674 1.3526202063661939e-05 6.82613820924461e-08
3.284384887723718 1.133398723622952e-05 6.275796182369469e-08
3.2861748877330683 1.0910359716156293e-05 6.171744145191956e-08
3.287964887742419 1.1014795827896665e-05 6.294364719681216e-08
3.2897548877517693 1.3183753004587878e-05 6.768282347603444e-08
3.2915448877611198 1.4659449765137394e-05 7.202860077134466e-08
3.2933348877704702 1.2331076414259724e-05 6.585215008793838e-08
3.2951248877798207 1.080278759982983e-05 6.307019539301447e-08
3.296914887789171 1.0518332646140362e-05 6.228099251434773e-08
3.2987048877985217 1.0879597607775176e-05 6.394047707207914e-08
3.300494887807872 1.4420883027245018e-05 7.257819472194882e-08
3.3022848878172226 1.599593719412236e-05 7.501855849841084e-08
3.304074887826573 1.2921194902754843e-05 6.645243739371828e-08
3.3058648878359236 1.0983154199723555e-05 6.097897906098482e-08
3.307654887845274 1.1006901355713926e-05 6.088086303740016e-08
3.3094448878546245 1.1428195839354383e-05 6.105746034117687e-08
3.311234887863975 1.639496581364058e-05 7.126212496832054e-08
3.3130248878733255 2.2607058860848008e-05 8.32694294408353e-08
3.314814887882676 1.8901982164928374e-05 7.495205908874172e-08
3.3166048878920265 1.3242609138321589e-05 6.380244671219575e-08
3.318394887901377 1.156394184936667e-05 6.085423646238108e-08
3.3201848879107274 1.1994927401904817e-05 6.199242266917604e-08
3.321974887920078 1.3442558187630584e-05 6.422055651041371e-08
3.3237648879294284 1.443419348982449e-05 6.61061755533833e-08
3.325554887938779 1.4182106554884357e-05 6.639906214406946e-08
3.3273448879481293 1.3706799586064034e-05 6.56918825523061e-08
