#Target name PANSTARRS (C/2017 K2)
#Obs. Start 2022-08-21 21:24:50.752
#Obs. End 2022-08-21 21:30:34.329
#Instrument used NIRSPEC
#Grating used G395M/F290LP
#Lower wavelength (um) 3.255
#Upper wavelength (um) 3.328
#Spectral plate scale (um) 0.001790000009350478
#Center pixel for extract (x,y) = (29,25)
#Pixel scale (arcsec/pixel) 0.09999908561794624
#Inner annulus radius (arcsec) 2.199979883594817
#Outer annulus radius (arcsec) 2.2999789692127637
#Wave (micron) Flux (Jy) Noise (Jy)
3.25574488757411 2.9761183048690665e-06 6.279560858539622e-08
3.2575348875834607 2.9177266824837224e-06 6.155071933587769e-08
3.259324887592811 3.3988237078804294e-06 6.065148792948855e-08
3.2611148876021616 3.5737831207871864e-06 6.273935881777413e-08
3.262904887611512 3.108117390378864e-06 5.8859393970229404e-08
3.2646948876208626 2.9507202470847103e-06 6.12441656316443e-08
3.266484887630213 3.0671471528318048e-06 5.987738631141422e-08
3.2682748876395635 3.378687866057437e-06 6.047069030523543e-08
3.270064887648914 4.060966499716992e-06 6.26652046114589e-08
3.2718548876582645 3.96982672478915e-06 6.443534671169613e-08
3.273644887667615 3.1502053900955853e-06 5.933438819843355e-08
3.2754348876769654 3.01900421542262e-06 5.900789187720367e-08
3.277224887686316 3.1865245599918054e-06 5.924573234719063e-08
3.2790148876956664 3.404581845662966e-06 6.152762692558437e-08
3.280804887705017 4.204694430420439e-06 6.325122131531239e-08
3.2825948877143674 3.713499356660187e-06 6.274824357532702e-08
3.284384887723718 3.3333815859754424e-06 5.9019508178348144e-08
3.2861748877330683 3.289348925929368e-06 5.887147343126292e-08
3.287964887742419 3.264131445292269e-06 5.8907155145051235e-08
3.2897548877517693 3.688954789961824e-06 5.97775295151047e-08
3.2915448877611198 3.9299438697841755e-06 6.241998902625138e-08
3.2933348877704702 3.484583461454972e-06 6.020006736336504e-08
3.2951248877798207 3.3664226758349228e-06 6.189932071307978e-08
3.296914887789171 3.048874022634579e-06 5.883000069172703e-08
3.2987048877985217 3.0470491891183595e-06 5.983025728944392e-08
3.300494887807872 3.7935126274331904e-06 6.181687841666072e-08
3.3022848878172226 4.120197450622931e-06 6.507967110049897e-08
3.304074887826573 3.4857103210285395e-06 6.15999508237244e-08
3.3058648878359236 3.1465048889215005e-06 5.915751716558114e-08
3.307654887845274 3.3524311339444193e-06 6.05162201595169e-08
3.3094448878546245 3.5189511748551685e-06 5.97160729437036e-08
3.311234887863975 4.304411122228714e-06 6.435779270267626e-08
3.3130248878733255 5.8095357544617896e-06 7.43475520008176e-08
3.314814887882676 4.973030517864094e-06 7.17984604903255e-08
3.3166048878920265 3.6371768892971205e-06 6.453860202433275e-08
3.318394887901377 3.3547269999853594e-06 6.78325751198172e-08
3.3201848879107274 3.425478253266163e-06 6.750967634296724e-08
3.321974887920078 4.057731914086412e-06 7.162694349442326e-08
3.3237648879294284 4.121372296718405e-06 7.14284074974473e-08
3.325554887938779 3.9791779087345655e-06 6.837714499344938e-08
3.3273448879481293 3.854111158993363e-06 6.563318995676093e-08
