#Target name PANSTARRS (C/2017 K2)
#Obs. Start 2022-08-21 21:24:50.752
#Obs. End 2022-08-21 21:30:34.329
#Instrument used NIRSPEC
#Grating used G395M/F290LP
#Lower wavelength (um) 3.255
#Upper wavelength (um) 3.328
#Spectral plate scale (um) 0.001790000009350478
#Center pixel for extract (x,y) = (29,25)
#Pixel scale (arcsec/pixel) 0.09999908561794624
#Inner annulus radius (arcsec) 1.699984455505086
#Outer annulus radius (arcsec) 1.7999835411230323
#Wave (micron) Flux (Jy) Noise (Jy)
3.25574488757411 3.448954534414705e-06 3.2684275346632353e-08
3.2575348875834607 3.55117839275183e-06 3.3564334346808895e-08
3.259324887592811 4.13429148191597e-06 3.4816865134209015e-08
3.2611148876021616 4.177867233175971e-06 3.466642941762968e-08
3.262904887611512 3.639714099012674e-06 3.397425250719367e-08
3.2646948876208626 3.6143057369149988e-06 3.442992187107195e-08
3.266484887630213 3.519715531169828e-06 3.3010813412891173e-08
3.2682748876395635 4.029197395496009e-06 3.466325615617075e-08
3.270064887648914 5.139961028114293e-06 3.750076389223952e-08
3.2718548876582645 4.671911899548906e-06 3.70299986017075e-08
3.273644887667615 3.7730329507486242e-06 3.431325378507685e-08
3.2754348876769654 3.7336991711589076e-06 3.3968046501424425e-08
3.277224887686316 3.7736587762981526e-06 3.4292590876960656e-08
3.2790148876956664 4.40811448657717e-06 3.6873065271385955e-08
3.280804887705017 5.215432334914721e-06 3.8160586408642536e-08
3.2825948877143674 4.500923155699769e-06 3.7508583247101876e-08
3.284384887723718 3.875291015116653e-06 3.666742002851646e-08
3.2861748877330683 3.796608478128276e-06 3.609043547480121e-08
3.287964887742419 3.91774190887784e-06 3.549659005978578e-08
3.2897548877517693 4.6190106310551125e-06 3.825109466654102e-08
3.2915448877611198 4.868892971925791e-06 3.9222318954799375e-08
3.2933348877704702 4.11134285369062e-06 3.6962107777404584e-08
3.2951248877798207 3.737554779673779e-06 3.579665502107671e-08
3.296914887789171 3.7384380163603455e-06 3.590022298308063e-08
3.2987048877985217 3.789837756438235e-06 3.6480100524148096e-08
3.300494887807872 4.749558411937591e-06 3.980581546692998e-08
3.3022848878172226 5.217666286244697e-06 3.9811835155014444e-08
3.304074887826573 4.177178539339911e-06 3.68945108593441e-08
3.3058648878359236 3.8141316381145233e-06 3.541855440127438e-08
3.307654887845274 3.8577712978410725e-06 3.6586918470688614e-08
3.3094448878546245 4.0076929554922e-06 3.647608916111164e-08
3.311234887863975 5.556695081670432e-06 4.0427563641009864e-08
3.3130248878733255 7.511444798268165e-06 4.482416071524653e-08
3.314814887882676 6.113149443410905e-06 4.177991142439305e-08
3.3166048878920265 4.456254886108558e-06 3.73976816119799e-08
3.318394887901377 4.059855105494814e-06 3.75612448019636e-08
3.3201848879107274 4.123011033966348e-06 3.6997674212559e-08
3.321974887920078 4.696934433122596e-06 3.8859206563609414e-08
3.3237648879294284 4.956123516493199e-06 3.8875819736982247e-08
3.325554887938779 4.774858844857878e-06 3.8221818986460795e-08
3.3273448879481293 4.670607018134757e-06 3.839623470824907e-08
