#Target name PANSTARRS (C/2017 K2)
#Obs. Start 2022-08-21 21:24:50.752
#Obs. End 2022-08-21 21:30:34.329
#Instrument used NIRSPEC
#Grating used G395M/F290LP
#Lower wavelength (um) 3.255
#Upper wavelength (um) 3.328
#Spectral plate scale (um) 0.001790000009350478
#Center pixel for extract (x,y) = (29,25)
#Pixel scale (arcsec/pixel) 0.09999908561794624
#Inner annulus radius (arcsec) 0.9999908561794624
#Outer annulus radius (arcsec) 1.0999899417974086
#Wave (micron) Flux (Jy) Noise (Jy)
3.25574488757411 5.531677894402883e-06 3.661058420191655e-08
3.2575348875834607 5.719282500289995e-06 3.703980316782991e-08
3.259324887592811 6.564610730083323e-06 3.813876896152467e-08
3.2611148876021616 6.851408832846131e-06 3.9192825299936874e-08
3.262904887611512 5.989812787289144e-06 3.7235653481261617e-08
3.2646948876208626 5.679754746335073e-06 3.602157066462059e-08
3.266484887630213 5.755049192121874e-06 3.670933732450778e-08
3.2682748876395635 6.396459177570983e-06 3.8103962168517836e-08
3.270064887648914 8.154241828564127e-06 4.157833706571008e-08
3.2718548876582645 7.639834027928264e-06 4.021748093629379e-08
3.273644887667615 6.101381879788374e-06 3.7326442686455454e-08
3.2754348876769654 5.950704985240372e-06 3.799379486858415e-08
3.277224887686316 6.011023181173576e-06 3.814611128293327e-08
3.2790148876956664 7.051607394452506e-06 3.967040797168542e-08
3.280804887705017 8.431348567420703e-06 4.266832052800783e-08
3.2825948877143674 7.343168144695015e-06 3.9641569745277235e-08
3.284384887723718 6.209997382611653e-06 3.8456381409129926e-08
3.2861748877330683 6.007003335788462e-06 3.751280576229259e-08
3.287964887742419 5.938264853754718e-06 3.716876805611106e-08
3.2897548877517693 6.948158095861586e-06 3.941472083179483e-08
3.2915448877611198 7.815425402352606e-06 4.1467933823584024e-08
3.2933348877704702 6.545468949707859e-06 3.861126609212071e-08
3.2951248877798207 5.7305634320406425e-06 3.6933336707519545e-08
3.296914887789171 5.740020467837374e-06 3.7545418813948215e-08
3.2987048877985217 5.951228870408133e-06 3.755101048920734e-08
3.300494887807872 7.556954779623741e-06 4.132842534047336e-08
3.3022848878172226 8.588544651998578e-06 4.308283706576005e-08
3.304074887826573 6.767055371361131e-06 3.901609081777038e-08
3.3058648878359236 5.9803391625438414e-06 3.697999656455167e-08
3.307654887845274 5.969755608770406e-06 3.6752939846286535e-08
3.3094448878546245 6.217777046536175e-06 3.733496013426017e-08
3.311234887863975 8.549571146493368e-06 4.217346995936894e-08
3.3130248878733255 1.209681605630965e-05 4.843493735868767e-08
3.314814887882676 9.934515750234956e-06 4.4329741473698174e-08
3.3166048878920265 7.103243593929951e-06 3.801890968083206e-08
3.318394887901377 6.370922088213469e-06 3.7253259837160424e-08
3.3201848879107274 6.4557801216441375e-06 3.802523374558188e-08
3.321974887920078 7.28583089026303e-06 3.911780957114407e-08
3.3237648879294284 7.80915356625207e-06 3.995805502682632e-08
3.325554887938779 7.618293628774926e-06 4.032272110835791e-08
3.3273448879481293 7.409984927803314e-06 4.0393298751407234e-08
