#Target name PANSTARRS (C/2017 K2)
#Obs. Start 2022-08-21 21:24:50.752
#Obs. End 2022-08-21 21:30:34.329
#Instrument used NIRSPEC
#Grating used G395M/F290LP
#Lower wavelength (um) 3.255
#Upper wavelength (um) 3.328
#Spectral plate scale (um) 0.001790000009350478
#Center pixel for extract (x,y) = (29,25)
#Pixel scale (arcsec/pixel) 0.09999908561794624
#Inner annulus radius (arcsec) 1.1999890274153548
#Outer annulus radius (arcsec) 1.299988113033301
#Wave (micron) Flux (Jy) Noise (Jy)
3.25574488757411 4.667125877280595e-06 3.2691414416553444e-08
3.2575348875834607 4.908826550631724e-06 3.3489082553582746e-08
3.259324887592811 5.590979759960244e-06 3.53117694437691e-08
3.2611148876021616 5.739649351256106e-06 3.4969036800717654e-08
3.262904887611512 5.037116796209608e-06 3.367823475122157e-08
3.2646948876208626 4.750892854964575e-06 3.398504418254048e-08
3.266484887630213 4.815498484935292e-06 3.456581175278643e-08
3.2682748876395635 5.502710105029048e-06 3.5256750706889965e-08
3.270064887648914 7.02369976840489e-06 3.8369864475274946e-08
3.2718548876582645 6.459880522119055e-06 3.723662090245468e-08
3.273644887667615 5.12871599747978e-06 3.4735164306135064e-08
3.2754348876769654 4.956102093513762e-06 3.4109117185178315e-08
3.277224887686316 5.084777617306671e-06 3.510470280813488e-08
3.2790148876956664 5.978289332912857e-06 3.6221275617202074e-08
3.280804887705017 7.134813180951836e-06 3.8558262772510814e-08
3.2825948877143674 6.088399468353677e-06 3.7099367541004875e-08
3.284384887723718 5.204553759963757e-06 3.5432841488031376e-08
3.2861748877330683 5.078886203495075e-06 3.541772323030915e-08
3.287964887742419 5.075334455972125e-06 3.488406783479574e-08
3.2897548877517693 5.957841603414211e-06 3.608272673367627e-08
3.2915448877611198 6.659169070509929e-06 3.835669764113348e-08
3.2933348877704702 5.561500739645945e-06 3.5816580824605686e-08
3.2951248877798207 4.953188927050262e-06 3.5139228329963135e-08
3.296914887789171 4.953427271299361e-06 3.4944739767392116e-08
3.2987048877985217 5.07497799252322e-06 3.529420663550696e-08
3.300494887807872 6.510228798592759e-06 3.893728041082299e-08
3.3022848878172226 7.236645232506145e-06 4.0105184173547925e-08
3.304074887826573 5.730549543840581e-06 3.611895714069766e-08
3.3058648878359236 5.0531102200330734e-06 3.488894497410537e-08
3.307654887845274 4.955088095260997e-06 3.441232329658881e-08
3.3094448878546245 5.264769626611824e-06 3.472997810767075e-08
3.311234887863975 7.320657649322473e-06 3.862469967310669e-08
3.3130248878733255 1.0202581180046185e-05 4.385471265582253e-08
3.314814887882676 8.368836077111573e-06 4.083113735941385e-08
3.3166048878920265 5.997292159112565e-06 3.622279880988189e-08
3.318394887901377 5.365228347842452e-06 3.512416530168143e-08
3.3201848879107274 5.5556721045063474e-06 3.5613848973932335e-08
3.321974887920078 6.277684509430302e-06 3.717559001544016e-08
3.3237648879294284 6.637001783706675e-06 3.776571172526991e-08
3.325554887938779 6.400892601876924e-06 3.67741100348893e-08
3.3273448879481293 6.265736967956978e-06 3.724520349523119e-08
