#Target name PANSTARRS (C/2017 K2)
#Obs. Start 2022-08-21 21:24:50.752
#Obs. End 2022-08-21 21:30:34.329
#Instrument used NIRSPEC
#Grating used G395M/F290LP
#Lower wavelength (um) 3.255
#Upper wavelength (um) 3.328
#Spectral plate scale (um) 0.001790000009350478
#Center pixel for extract (x,y) = (29,25)
#Pixel scale (arcsec/pixel) 0.09999908561794624
#Inner annulus radius (arcsec) 0.0
#Outer annulus radius (arcsec) 0.09999908561794624
#Wave (micron) Flux (Jy) Noise (Jy)
3.25574488757411 5.045223318764746e-05 4.0809117342059174e-07
3.2575348875834607 5.203762863534414e-05 4.3018457450016033e-07
3.259324887592811 6.071800648355115e-05 4.7668177756870966e-07
3.2611148876021616 6.22233106990071e-05 4.7248438406513183e-07
3.262904887611512 5.5559596812367085e-05 4.281754266999071e-07
3.2646948876208626 5.237529779832985e-05 4.068374072598365e-07
3.266484887630213 5.269497503746571e-05 4.1583173287829807e-07
3.2682748876395635 5.964262502696231e-05 4.569273121269888e-07
3.270064887648914 7.731096206260444e-05 5.57320998517631e-07
3.2718548876582645 7.110013589735039e-05 5.110133091557393e-07
3.273644887667615 5.7724844274273755e-05 4.539000652691205e-07
3.2754348876769654 5.373461836345443e-05 4.3378694196478804e-07
3.277224887686316 5.4452084983450656e-05 4.3458346272362197e-07
3.2790148876956664 6.589697631043782e-05 5.124786781192706e-07
3.280804887705017 7.948287549249363e-05 5.759196406612902e-07
3.2825948877143674 6.877501968792945e-05 4.886848636124188e-07
3.284384887723718 5.7875253203552394e-05 4.412766862962531e-07
3.2861748877330683 5.4978829849814165e-05 4.368557061984669e-07
3.287964887742419 5.518485292286908e-05 4.476244841592766e-07
3.2897548877517693 6.589562578947846e-05 5.270710156496728e-07
3.2915448877611198 7.380290718335676e-05 5.785888499577007e-07
3.2933348877704702 6.326104595233637e-05 5.250121969593199e-07
3.2951248877798207 5.433145484644709e-05 4.94965605773281e-07
3.296914887789171 5.29275416360304e-05 4.988444515288726e-07
3.2987048877985217 5.5485071761638686e-05 5.198003529193666e-07
3.300494887807872 7.240509433335754e-05 6.353650581203048e-07
3.3022848878172226 8.048239295608521e-05 6.38651970025574e-07
3.304074887826573 6.637975471015578e-05 5.22044334069389e-07
3.3058648878359236 5.649211822246666e-05 4.465793131248094e-07
3.307654887845274 5.676382988708121e-05 4.332248927247464e-07
3.3094448878546245 6.013331487948091e-05 4.418686212265656e-07
3.311234887863975 8.651906554748064e-05 5.651950525790739e-07
3.3130248878733255 0.00011833707656206673 6.943922535964781e-07
3.314814887882676 0.00010090157802145496 6.278032310723232e-07
3.3166048878920265 6.871473304258957e-05 4.889284493445611e-07
3.318394887901377 5.974775234400867e-05 4.471853086383045e-07
3.3201848879107274 6.157682717154166e-05 4.548897851983789e-07
3.321974887920078 6.890424695056605e-05 4.818399504220354e-07
3.3237648879294284 7.337840415297442e-05 4.941666152114865e-07
3.325554887938779 7.193901623056919e-05 4.861872358596284e-07
3.3273448879481293 6.450695122996804e-05 5.022025802999517e-07
