#Target name PANSTARRS (C/2017 K2)
#Obs. Start 2022-08-21 21:24:50.752
#Obs. End 2022-08-21 21:30:34.329
#Instrument used NIRSPEC
#Grating used G395M/F290LP
#Lower wavelength (um) 3.255
#Upper wavelength (um) 3.328
#Spectral plate scale (um) 0.001790000009350478
#Center pixel for extract (x,y) = (29,25)
#Pixel scale (arcsec/pixel) 0.09999908561794624
#Inner annulus radius (arcsec) 1.8999826267409785
#Outer annulus radius (arcsec) 1.9999817123589247
#Wave (micron) Flux (Jy) Noise (Jy)
3.25574488757411 3.1317362731184595e-06 3.523797658827045e-08
3.2575348875834607 3.2262976971761557e-06 3.5134986517857235e-08
3.259324887592811 3.568881393234001e-06 3.564198897779043e-08
3.2611148876021616 3.720779079476649e-06 3.617373728810973e-08
3.262904887611512 3.361439531157401e-06 3.678572156084226e-08
3.2646948876208626 3.3386260550095082e-06 3.7065924043674446e-08
3.266484887630213 3.332417453275777e-06 3.5710294080833063e-08
3.2682748876395635 3.692630735244339e-06 3.6751375790126845e-08
3.270064887648914 4.595632846082286e-06 4.0052668023874545e-08
3.2718548876582645 4.397622547812461e-06 3.9191733543217895e-08
3.273644887667615 3.4826768999659207e-06 3.693525521300513e-08
3.2754348876769654 3.417096700732182e-06 3.645111936301501e-08
3.277224887686316 3.3616154306511985e-06 3.643319710862832e-08
3.2790148876956664 4.070375694567409e-06 3.78610219884476e-08
3.280804887705017 4.7958676336209166e-06 3.983853136537385e-08
3.2825948877143674 4.1236586835778435e-06 3.90039351102588e-08
3.284384887723718 3.55261224550995e-06 3.737074924976109e-08
3.2861748877330683 3.5410260310502195e-06 3.766491468357569e-08
3.287964887742419 3.425745562241003e-06 3.7041804705897133e-08
3.2897548877517693 4.034202303282552e-06 3.911664957002401e-08
3.2915448877611198 4.363807063295932e-06 3.9060209483242213e-08
3.2933348877704702 3.740890756502955e-06 3.724711927174676e-08
3.2951248877798207 3.4740254537517595e-06 3.7018252261413395e-08
3.296914887789171 3.3369476736437258e-06 3.680148041854154e-08
3.2987048877985217 3.4564025041713e-06 3.6323728352063786e-08
3.300494887807872 4.219002973745484e-06 3.827137411640911e-08
3.3022848878172226 4.749952025857345e-06 3.9992439446250066e-08
3.304074887826573 3.909271843419059e-06 3.802892282299307e-08
3.3058648878359236 3.4843205272204025e-06 3.693589667857101e-08
3.307654887845274 3.4844459847636993e-06 3.6476172784973646e-08
3.3094448878546245 3.785036365625133e-06 3.8254672295996354e-08
3.311234887863975 4.984745430083333e-06 4.020756218491075e-08
3.3130248878733255 6.726697735781341e-06 4.436969892850363e-08
3.314814887882676 5.578992255440383e-06 4.1456689541815096e-08
3.3166048878920265 4.085425582199782e-06 3.787961346156996e-08
3.318394887901377 3.7655203745993806e-06 3.6880942497151085e-08
3.3201848879107274 3.8650261369029644e-06 3.6296997702104055e-08
3.321974887920078 4.311446933879301e-06 3.76520879899302e-08
3.3237648879294284 4.523188132369183e-06 3.909922356549596e-08
3.325554887938779 4.296865363942907e-06 3.8184828934137454e-08
3.3273448879481293 4.247017492121854e-06 3.7946291355165545e-08
