#Target name PANSTARRS (C/2017 K2)
#Obs. Start 2022-08-21 21:24:50.752
#Obs. End 2022-08-21 21:30:34.329
#Instrument used NIRSPEC
#Grating used G395M/F290LP
#Lower wavelength (um) 3.255
#Upper wavelength (um) 3.328
#Spectral plate scale (um) 0.001790000009350478
#Center pixel for extract (x,y) = (29,25)
#Pixel scale (arcsec/pixel) 0.09999908561794624
#Inner annulus radius (arcsec) 1.4999862842691936
#Outer annulus radius (arcsec) 1.5999853698871398
#Wave (micron) Flux (Jy) Noise (Jy)
3.25574488757411 3.953319052000579e-06 3.278857572191853e-08
3.2575348875834607 4.0732008085620985e-06 3.386949951098828e-08
3.259324887592811 4.586345452856858e-06 3.5653570736654567e-08
3.2611148876021616 4.643479257098867e-06 3.536398378310486e-08
3.262904887611512 4.157161280118574e-06 3.412225459286342e-08
3.2646948876208626 3.9161750285470235e-06 3.393657427760686e-08
3.266484887630213 4.015498132923333e-06 3.37722171667995e-08
3.2682748876395635 4.55377069137358e-06 3.6025152468790625e-08
3.270064887648914 5.639906989214559e-06 3.748486264822971e-08
3.2718548876582645 5.179273442079175e-06 3.669977495342303e-08
3.273644887667615 4.1614561880896735e-06 3.3468216481994386e-08
3.2754348876769654 4.029366595944802e-06 3.451468284601412e-08
3.277224887686316 4.169695885473137e-06 3.450465778345581e-08
3.2790148876956664 4.9151779523636165e-06 3.629703859287175e-08
3.280804887705017 5.809299141785431e-06 3.9059948596069893e-08
3.2825948877143674 5.041848742855106e-06 3.7974851928243955e-08
3.284384887723718 4.317808526864068e-06 3.62361696414411e-08
3.2861748877330683 4.269151571975578e-06 3.5734786804833124e-08
3.287964887742419 4.303704027602448e-06 3.523431980370654e-08
3.2897548877517693 4.981279373928566e-06 3.740658895202477e-08
3.2915448877611198 5.368076019694451e-06 3.943909470649013e-08
3.2933348877704702 4.55539490600189e-06 3.70671051493664e-08
3.2951248877798207 4.053519312066267e-06 3.5777021301435746e-08
3.296914887789171 3.971822644305756e-06 3.595869134161711e-08
3.2987048877985217 4.1934001259965655e-06 3.640500346132711e-08
3.300494887807872 5.313457603394901e-06 3.931323896803623e-08
3.3022848878172226 5.791021955994959e-06 4.0363918618966187e-08
3.304074887826573 4.627259047316196e-06 3.6834571488091874e-08
3.3058648878359236 4.235821500362014e-06 3.62212348212437e-08
3.307654887845274 4.168893150361694e-06 3.675161537129028e-08
3.3094448878546245 4.345916728995214e-06 3.610120981164483e-08
3.311234887863975 6.247777420381652e-06 4.0327862350265995e-08
3.3130248878733255 8.437579172952116e-06 4.526141650385473e-08
3.314814887882676 6.8310734146735284e-06 4.123736577993922e-08
3.3166048878920265 4.878028871017015e-06 3.770664605261164e-08
3.318394887901377 4.40214547739997e-06 3.688383171362397e-08
3.3201848879107274 4.705605584705992e-06 3.7456995077767495e-08
3.321974887920078 5.345478534883684e-06 3.917402849811805e-08
3.3237648879294284 5.596700694260018e-06 3.9653017399595264e-08
3.325554887938779 5.379333941014345e-06 3.9271876580113274e-08
3.3273448879481293 5.211591714523986e-06 3.8839094863334716e-08
