#Target name PANSTARRS (C/2017 K2)
#Obs. Start 2022-08-21 21:24:50.752
#Obs. End 2022-08-21 21:30:34.329
#Instrument used NIRSPEC
#Grating used G395M/F290LP
#Lower wavelength (um) 3.255
#Upper wavelength (um) 3.328
#Spectral plate scale (um) 0.001790000009350478
#Center pixel for extract (x,y) = (29,25)
#Pixel scale (arcsec/pixel) 0.09999908561794624
#Inner annulus radius (arcsec) 1.299988113033301
#Outer annulus radius (arcsec) 1.3999871986512473
#Wave (micron) Flux (Jy) Noise (Jy)
3.25574488757411 4.3765203946322606e-06 3.304634953381537e-08
3.2575348875834607 4.644805548031011e-06 3.3811168444000766e-08
3.259324887592811 5.2721401116003585e-06 3.521180170019505e-08
3.2611148876021616 5.2646807297948435e-06 3.527871310920229e-08
3.262904887611512 4.633032118620488e-06 3.481604360217283e-08
3.2646948876208626 4.457291233587407e-06 3.4854269562620485e-08
3.266484887630213 4.489896830228398e-06 3.448782004567915e-08
3.2682748876395635 5.131628581399919e-06 3.592250093417638e-08
3.270064887648914 6.566721096997113e-06 3.9151565230223485e-08
3.2718548876582645 5.944445470593885e-06 3.715138703128355e-08
3.273644887667615 4.793050098053562e-06 3.4931859281654915e-08
3.2754348876769654 4.619552077935546e-06 3.450123750409387e-08
3.277224887686316 4.689736698644763e-06 3.492596620126324e-08
3.2790148876956664 5.530206206671826e-06 3.627883764047551e-08
3.280804887705017 6.565802911135056e-06 3.836865173801303e-08
3.2825948877143674 5.609637000523477e-06 3.756596295031522e-08
3.284384887723718 4.8048556011777386e-06 3.531516903289947e-08
3.2861748877330683 4.769245116348472e-06 3.574272032890118e-08
3.287964887742419 4.6973750054859165e-06 3.512448198424173e-08
3.2897548877517693 5.593191905191532e-06 3.725541018167097e-08
3.2915448877611198 6.216683268102072e-06 3.9176226785494216e-08
3.2933348877704702 5.112396517928993e-06 3.622952526811079e-08
3.2951248877798207 4.57485372713907e-06 3.5381017015037984e-08
3.296914887789171 4.6456518851372e-06 3.6395164485587904e-08
3.2987048877985217 4.677635537102901e-06 3.628438606084785e-08
3.300494887807872 5.9765350600357134e-06 4.0335400954743336e-08
3.3022848878172226 6.631113833526623e-06 4.067151409228861e-08
3.304074887826573 5.2441902254600136e-06 3.7063152966704794e-08
3.3058648878359236 4.688315205182111e-06 3.592139516833452e-08
3.307654887845274 4.636572141342463e-06 3.565832843631177e-08
3.3094448878546245 4.937401893596013e-06 3.602560209051858e-08
3.311234887863975 6.938349272412431e-06 4.050734595675213e-08
3.3130248878733255 9.469498317460524e-06 4.543286365111024e-08
3.314814887882676 7.737103480819868e-06 4.172245021982278e-08
3.3166048878920265 5.580361153260782e-06 3.799988885144446e-08
3.318394887901377 4.936051650339519e-06 3.663934309799774e-08
3.3201848879107274 5.1693236098669e-06 3.6959011739939535e-08
3.321974887920078 5.8402327187610344e-06 3.865840903313765e-08
3.3237648879294284 6.168209550886161e-06 3.9499205355073946e-08
3.325554887938779 6.025727597318294e-06 3.9277892357109965e-08
3.3273448879481293 5.804480334511818e-06 3.883334221214131e-08
