#Target name PANSTARRS (C/2017 K2)
#Obs. Start 2022-08-21 21:24:50.752
#Obs. End 2022-08-21 21:30:34.329
#Instrument used NIRSPEC
#Grating used G395M/F290LP
#Lower wavelength (um) 3.255
#Upper wavelength (um) 3.328
#Spectral plate scale (um) 0.001790000009350478
#Center pixel for extract (x,y) = (29,25)
#Pixel scale (arcsec/pixel) 0.09999908561794624
#Inner annulus radius (arcsec) 0.2999972568538387
#Outer annulus radius (arcsec) 0.39999634247178495
#Wave (micron) Flux (Jy) Noise (Jy)
3.25574488757411 1.5847547849756177e-05 9.193639080738698e-08
3.2575348875834607 1.6178605616202834e-05 9.368416290820346e-08
3.259324887592811 1.8573617613018873e-05 1.0100427559871427e-07
3.2611148876021616 1.91899724027771e-05 1.0235135771052869e-07
3.262904887611512 1.6802779393251716e-05 9.514980827000977e-08
3.2646948876208626 1.628417343421594e-05 9.294468795057777e-08
3.266484887630213 1.6372245830425933e-05 9.428963103054749e-08
3.2682748876395635 1.8350795262441592e-05 9.96979835699875e-08
3.270064887648914 2.3675706442626517e-05 1.1496359349430001e-07
3.2718548876582645 2.189565188229735e-05 1.0847596138731625e-07
3.273644887667615 1.7502892034379705e-05 9.652008019862191e-08
3.2754348876769654 1.6418646299124456e-05 9.475491298016996e-08
3.277224887686316 1.6754729055804692e-05 9.589893566031812e-08
3.2790148876956664 1.997247504621563e-05 1.0396622608595291e-07
3.280804887705017 2.4413971639670043e-05 1.14535259803259e-07
3.2825948877143674 2.0773139531887945e-05 1.0352166106962029e-07
3.284384887723718 1.7601252965934698e-05 9.531618019576314e-08
3.2861748877330683 1.6921834484746745e-05 9.445457945566066e-08
3.287964887742419 1.6994008501292264e-05 9.537755558598424e-08
3.2897548877517693 2.0457951683684777e-05 1.0744248040717744e-07
3.2915448877611198 2.2864413404969843e-05 1.1468786123653388e-07
3.2933348877704702 1.9208702337718663e-05 1.0493515623347189e-07
3.2951248877798207 1.663713233688754e-05 1.0076598095821074e-07
3.296914887789171 1.6321218585077503e-05 9.90188790265745e-08
3.2987048877985217 1.672497038813982e-05 9.91845083791699e-08
3.300494887807872 2.204670976677103e-05 1.157735098885347e-07
3.3022848878172226 2.509940414284205e-05 1.2085145159124845e-07
3.304074887826573 2.0057328979301782e-05 1.0316155094440794e-07
3.3058648878359236 1.6947525506325577e-05 9.457443986663438e-08
3.307654887845274 1.6797126663992868e-05 9.229986749187778e-08
3.3094448878546245 1.7626918195223186e-05 9.463382756057848e-08
3.311234887863975 2.520564185670416e-05 1.1249999938259248e-07
3.3130248878733255 3.4825466266730425e-05 1.3011583250730693e-07
3.314814887882676 2.935514396772178e-05 1.1732981994035194e-07
3.3166048878920265 2.0459023596777644e-05 9.864953946518931e-08
3.318394887901377 1.7696142504238283e-05 9.338342725577806e-08
3.3201848879107274 1.8171456908662143e-05 9.33854645468483e-08
3.321974887920078 2.0622383245100928e-05 9.875757668327747e-08
3.3237648879294284 2.2011324415526245e-05 9.964039686182603e-08
3.325554887938779 2.1606622109666434e-05 1.0020870393382832e-07
3.3273448879481293 2.0857955951780917e-05 9.766502682129255e-08
