#Target name PANSTARRS (C/2017 K2)
#Obs. Start 2022-08-21 21:24:50.752
#Obs. End 2022-08-21 21:30:34.329
#Instrument used NIRSPEC
#Grating used G395M/F290LP
#Lower wavelength (um) 3.255
#Upper wavelength (um) 3.328
#Spectral plate scale (um) 0.001790000009350478
#Center pixel for extract (x,y) = 29,25
#Pixel scale (arcsec/pixel) 0.09999908561794624
#Aperture radius (arcsec) 0.75
#X offset (arcsec) 0.0
#Y offset (arcsec) 0.0
#Wave (micron) Flux (Jy) Noise (Jy)
3.25574488757411 0.0024678552734329635 5.764828264723887e-06
3.2575348875834607 0.0025454448343250487 5.851323286547102e-06
3.259324887592811 0.0029380332090630317 6.295287484313081e-06
3.2611148876021616 0.0030145154310872277 6.3196727870324756e-06
3.262904887611512 0.002665255517567419 5.8851314527016685e-06
3.2646948876208626 0.0025407085806570147 5.73016094478279e-06
3.266484887630213 0.0025447705415353487 5.747690016779011e-06
3.2682748876395635 0.0028705715842972704 6.116652850103817e-06
3.270064887648914 0.0037127622736353163 7.126076479943073e-06
3.2718548876582645 0.003420103380867688 6.635245958449927e-06
3.273644887667615 0.0027506795138349505 5.963911541607462e-06
3.2754348876769654 0.002589204117503881 5.810922948824136e-06
3.277224887686316 0.002638344227644014 6.248932818844017e-06
3.2790148876956664 0.003149299652864028 6.498353592466925e-06
3.280804887705017 0.0038190218385421248 7.129662872086137e-06
3.2825948877143674 0.0032588972081809184 6.4130725695384465e-06
3.284384887723718 0.002750083335871245 5.913004361798848e-06
3.2861748877330683 0.0026423143735718763 5.838926484571354e-06
3.287964887742419 0.002657373376505212 5.863047627250979e-06
3.2897548877517693 0.003195495084162237 6.581276528534522e-06
3.2915448877611198 0.003550006259189162 7.007949534595455e-06
3.2933348877704702 0.002991178233378157 6.398192616247837e-06
3.2951248877798207 0.0026040554850680557 6.108794199758249e-06
3.296914887789171 0.002534800749499636 6.014812364084705e-06
3.2987048877985217 0.0026345971522643554 6.178985951336702e-06
3.300494887807872 0.0034672749074819626 7.2452436859983635e-06
3.3022848878172226 0.003876134074259376 7.4200775704328e-06
3.304074887826573 0.0031205741077634155 6.372108354025351e-06
3.3058648878359236 0.0026569616697148545 5.796485089139938e-06
3.307654887845274 0.0026551954592626964 5.69998000905044e-06
3.3094448878546245 0.002778427595442852 5.749865139368855e-06
3.311234887863975 0.003985285376493709 6.9329809361036716e-06
3.3130248878733255 0.005506550516072715 8.181694830318448e-06
3.314814887882676 0.0045988755518628095 7.281391780420097e-06
3.3166048878920265 0.0031935757215118656 6.042767270054086e-06
3.318394887901377 0.002792229475569205 5.758437496739926e-06
3.3201848879107274 0.0028720844437339858 5.816541445398984e-06
3.321974887920078 0.0032277736796654495 6.096232953958447e-06
3.3237648879294284 0.003470073552194793 6.246224407136405e-06
3.325554887938779 0.003392921666066978 6.2188971445494445e-06
3.3273448879481293 0.0032378844190410288 6.1743996557929506e-06
